1.000000000000000000e+00 -3.306050084167601550e-19 -2.270457535318767223e-19 -8.673617379884035472e-19 7.546676715296109287e-19 1.000000000000000000e+00 6.237773588823049983e-19 1.387778780781445676e-17 -3.447385680526250622e-20 4.770700176052009879e-20 1.000000000000000222e+00 5.551115123125782702e-17
9.994446516343411524e-01 4.688684708340534052e-03 -3.297982404551395158e-02 -2.647202760624917328e+00 -4.701258070456132074e-03 9.999889004911515222e-01 -3.036413975759613042e-04 -4.343028891218218834e-02 3.297803729936259892e-02 4.585671616155308022e-04 9.994555961098288144e-01 2.694477237029881067e+00
9.999229889326733955e-01 1.213047042821434676e-02 -2.619360961926353940e-03 -4.571067981581455442e+00 -1.212053118882472878e-02 9.999194190271604166e-01 3.778637438670908247e-03 -7.837476068434966192e-02 2.664982466262606851e-03 -3.746610351402547296e-03 9.999894473372549220e-01 4.582749998575681438e+00
9.994835520077021140e-01 1.319966481632525203e-02 -2.929861946190943575e-02 -6.333029491623006102e+00 -1.306957016484827996e-02 9.999039832079302803e-01 4.626281028629778552e-03 -8.789109273020236091e-02 2.935689660001651602e-02 -4.240937581990107327e-03 9.995599659669239800e-01 5.967470703330176818e+00
9.955414377725665398e-01 1.034545836562594974e-02 -9.375157565503286494e-02 -8.317107619018081266e+00 -9.600195336083607728e-03 9.999187648497969150e-01 8.396800667286614256e-03 -6.972159471109104500e-02 9.383078722116779125e-02 -7.459569432865762427e-03 9.955598212004213021e-01 6.771771327836376919e+00
9.967028922121997647e-01 4.256759386589303688e-03 -8.100582039208076290e-02 -9.254387107557100478e+00 -3.507207196603686922e-03 9.999498346412000194e-01 9.389176756195882767e-03 -7.378027060584176067e-02 8.104172760377659213e-02 -9.074005104628380183e-03 9.966677382344912850e-01 7.846869392869077586e+00
9.995440253886466175e-01 8.442448911653041219e-03 2.899914395336519388e-02 -8.965065289271631599e+00 -8.855818605233848825e-03 9.998606170015432726e-01 1.415958579313970206e-02 -9.419118195903175561e-02 -2.887555404393633146e-02 -1.440990594104943866e-02 9.994792606363912535e-01 8.530338319849278150e+00
9.999783549062007948e-01 5.360107162933996396e-03 3.793027266239427670e-03 -9.384984122301892384e+00 -5.411861629241561215e-03 9.998905671038528231e-01 1.376316423412095660e-02 -8.660892809712263107e-02 -3.718806022482940704e-03 -1.378340106455326272e-02 9.998979642242300514e-01 8.230851231271527624e+00
9.958654558709111315e-01 8.077763026691421600e-03 9.048246146453026162e-02 -8.808825444947240513e+00 -9.625431080127394567e-03 9.998145221282812578e-01 1.668037030718777861e-02 -9.877471096698405006e-02 -9.033087677663760584e-02 -1.748256173748692632e-02 9.957584704299156098e-01 8.706043331540358921e+00
9.946442407372444450e-01 4.413934463286757481e-03 1.032533632086200942e-01 -9.246071582700553293e+00 -6.769600130109638091e-03 9.997245654381508029e-01 2.247049338160496401e-02 -8.332100221684943242e-02 -1.031257183472615441e-01 -2.304923291314286971e-02 9.944001290281574423e-01 8.730877712392025813e+00
9.827043845210036155e-01 -2.744551177050489309e-03 1.851858754632239590e-01 -8.639998146519944910e+00 -2.962285940117216979e-03 9.995293278536946380e-01 3.052711036608288242e-02 -9.687356809355533727e-02 -1.851825402209487659e-01 -3.054727535756570495e-02 9.822336342935452658e-01 9.100508037508916459e+00
9.775060694782081727e-01 -8.755264044949424840e-03 2.107342772550343246e-01 -8.928322657374607729e+00 1.631438500556296311e-03 9.994221343655658174e-01 3.395392512733968332e-02 -9.459065425162901941e-02 -2.109097102182819761e-01 -3.284663670522367657e-02 9.769552652609930776e-01 9.235852535916599493e+00
9.561617429817046432e-01 -9.676178860443872959e-03 2.926002150496436194e-01 -8.363538984200019399e+00 -1.791261594547243841e-03 9.992420058972193431e-01 3.887798910981527661e-02 -8.936454626374880361e-02 -2.927546745441111931e-01 -3.769747470670496009e-02 9.554194770961129679e-01 9.585143626920602955e+00
9.439879324381965642e-01 -1.067922840906427619e-02 3.297140945649909005e-01 -8.555808324263175280e+00 -3.435425997033125529e-03 9.991040417185427236e-01 4.219753253580123264e-02 -7.769784192351159025e-02 -3.298690978452971656e-01 -4.096757526246275205e-02 9.431052948061212637e-01 9.727888171127572647e+00
9.156259136901793161e-01 -1.574889684419118752e-02 4.017437773887690966e-01 -8.056644264214865458e+00 -3.116146879388112436e-03 9.989244938935060159e-01 4.626532485050614818e-02 -6.768591432218086512e-02 -4.020401401029603528e-01 -4.361496173377112789e-02 9.145918052840517065e-01 1.008791401854461611e+01
8.949081829222108597e-01 -2.158113966497681585e-02 4.458140811802730474e-01 -8.106360698266490417e+00 -4.513170953887344163e-04 9.987856658191288650e-01 4.926832913186014046e-02 -5.947518516935550170e-02 -4.463360168844932030e-01 -4.429187668780146248e-02 8.938115991231931901e-01 1.021577480092184231e+01
8.625059934543981566e-01 -2.561466050700920288e-02 5.053278451593655740e-01 -7.703329989752055518e+00 -5.167036177380506835e-04 9.986730720755506718e-01 5.150065501240192606e-02 -4.816629796076429826e-02 -5.059762221281021155e-01 -4.468070684849014679e-02 8.613482000187574483e-01 1.056417227214995336e+01
8.328954744013007394e-01 -2.891126341577461567e-02 5.528198776577141205e-01 -7.565266019883131854e+00 3.176761136227728376e-04 9.986595458629791144e-01 5.175475801545866006e-02 -3.884860066438775017e-02 -5.535751477332540027e-01 -4.293310310082754100e-02 8.317878728593472992e-01 1.078569372931683645e+01
7.996430458197169022e-01 -3.157338773546379540e-02 5.996005286513704791e-01 -7.258856228213585560e+00 -4.606291198360100360e-04 9.985843248847829923e-01 5.319316425859235697e-02 -2.119897624245355161e-02 -6.004308145206250780e-01 -4.281518599614325682e-02 7.984961262094103507e-01 1.105822067703450173e+01
7.640967863603238541e-01 -3.086586778804274386e-02 6.444930341668402285e-01 -6.992075300581903186e+00 -4.789079073934380225e-03 9.985559409661030061e-01 5.352034576703839502e-02 6.476555714432688515e-03 -6.452139184960665741e-01 -4.398431431537703357e-02 7.628454840573929419e-01 1.133560726405037578e+01
7.286907424328314953e-01 -3.224762314076014269e-02 6.839979439862460264e-01 -6.680267659808544423e+00 -7.748011562617436107e-03 9.984387810637403993e-01 5.531638817312138634e-02 1.645783355603450127e-02 -6.847136187905968896e-01 -4.561113915903616117e-02 7.273030832005107360e-01 1.161054964315221305e+01
6.948464335544022319e-01 -3.306549223349068700e-02 7.184939106188374947e-01 -6.345185955954565138e+00 -1.010398846376022938e-02 9.983949992686960151e-01 5.571261631833961808e-02 4.019413256561129438e-02 -7.191833313717487242e-01 -4.596848756410087250e-02 6.933970297203895239e-01 1.188470720428352401e+01
6.622177071994258535e-01 -3.610277249606823335e-02 7.484936817374687745e-01 -5.975596257058279015e+00 -1.024698368477205621e-02 9.983091376279573659e-01 5.720936825518226077e-02 5.421920535786469569e-02 -7.492934053732912547e-01 -4.555724787359305417e-02 6.607275873740022787e-01 1.216387355965559891e+01
6.290365386910976575e-01 -3.512092222501156380e-02 7.765290471828037999e-01 -5.591474214300208523e+00 -1.352700029263152921e-02 9.983332006566902894e-01 5.611959156978232888e-02 7.979600828716632011e-02 -7.772051476921009172e-01 -4.580984533811067322e-02 6.275128943382778379e-01 1.242888939785044933e+01
5.971644858868674355e-01 -3.532500522011723654e-02 8.013168505647380035e-01 -5.180995313737735586e+00 -1.404864581738016725e-02 9.984158371480678085e-01 5.449277827802089663e-02 1.007294489064813198e-01 -8.019726652583889503e-01 -4.379140493566813230e-02 5.957223340924454602e-01 1.271143073955261116e+01
5.671647710871308146e-01 -3.514372719807148937e-02 8.229217367937405880e-01 -4.712758972696772908e+00 -1.345706134182155476e-02 9.985604025979455400e-01 5.191889907753823030e-02 1.281257855062454265e-01 -8.235620272792542051e-01 -4.051776361419068273e-02 5.658753850727059609e-01 1.298865590010876758e+01
5.398614412497810822e-01 -3.436839098058831754e-02 8.411103263146949560e-01 -4.246012691178513876e+00 -1.153515375071395566e-02 9.987703315342334465e-01 4.820912042430765959e-02 1.487317700639800289e-01 -8.417328443646142633e-01 -3.573157689046217028e-02 5.388010384762090821e-01 1.326005596513622464e+01
5.160627928322867319e-01 -3.333060237094997991e-02 8.557892598700421738e-01 -3.742545934745950653e+00 -1.038182573039438117e-02 9.989258681275430263e-01 4.516703334153897298e-02 1.712029998185071733e-01 -8.563753093954613593e-01 -3.219600259903956929e-02 5.151624082044464759e-01 1.353236554263984104e+01
4.975041887867117096e-01 -3.339436892989829792e-02 8.668388622351932415e-01 -3.202928288699208537e+00 -9.557730576419039628e-03 9.989870247435861383e-01 4.396817605364133907e-02 1.931928587755819826e-01 -8.674293791399733111e-01 -3.015541720446488286e-02 4.966810446083591013e-01 1.383358986427533566e+01
4.847736824555529678e-01 -3.437135328482179147e-02 8.739690087592371093e-01 -2.661688539160567135e+00 -7.825912702276454844e-03 9.990171109551525541e-01 4.362318039266886022e-02 2.172494234403639091e-01 -8.746096443168058787e-01 -2.798180837013328204e-02 4.840283012471927049e-01 1.412227957331592165e+01
4.728714410142881297e-01 -3.639481813079727818e-02 8.802953290658728225e-01 -2.088153717090024841e+00 -6.644393328790624241e-03 9.989708333238258575e-01 4.487737966917428739e-02 2.369088963448292562e-01 -8.810226253697595045e-01 -2.706787588015863513e-02 4.721431580482844947e-01 1.443326085325942998e+01
4.638324778571626950e-01 -3.753694747847967361e-02 8.851983012585612487e-01 -1.481372549806351913e+00 -7.782102159924940421e-03 9.988910120080094490e-01 4.643545458586560010e-02 2.669699570483353712e-01 -8.859594196010497358e-01 -2.843480635460797143e-02 4.630255736266493116e-01 1.475062883466823038e+01
4.534782623108989941e-01 -3.863318710097198017e-02 8.904495708863717773e-01 -8.551824724334249339e-01 -9.535965140661233075e-03 9.987925915279757261e-01 4.819582901051173290e-02 2.987501526938742269e-01 -8.912363506913518751e-01 -3.034997529633052041e-02 4.525623735571367989e-01 1.507060393781190122e+01
4.443272475229662621e-01 -3.993727733267085633e-02 8.949297069325019560e-01 -2.069564670013190888e-01 -1.078928951014478284e-02 9.986947354698423318e-01 4.994316767380250349e-02 3.280904907178794350e-01 -8.957558884262352139e-01 -3.184930289289206878e-02 4.433165787804917990e-01 1.540044504626095190e+01
4.345398821779453691e-01 -4.239413827429825560e-02 8.996966030980882989e-01 4.652404210326444023e-01 -1.140186109651551878e-02 9.985525555460686986e-01 5.256812581460859612e-02 3.603915942671653272e-01 -9.006230294283632531e-01 -3.309935158012589085e-02 4.334275200568242226e-01 1.572197084650030163e+01
4.241901881994575296e-01 -4.360891075695249447e-02 9.045159762277280580e-01 1.158428600160115174e+00 -1.184883280101035365e-02 9.984869288979362212e-01 5.370088256711177954e-02 3.934981986119248099e-01 -9.054894548817749023e-01 -3.349181858287510194e-02 4.230318491577946260e-01 1.604331550479271584e+01
4.142374016048790408e-01 -4.556037663682344085e-02 9.091664886425839809e-01 1.870158368159712703e+00 -1.161168827040660358e-02 9.984004685602391183e-01 5.532489048927703712e-02 4.241568114651636523e-01 -9.102340945791537186e-01 -3.345881717308642894e-02 4.130459918057834967e-01 1.636826459331710737e+01
4.052623158028950123e-01 -4.774449232936426452e-02 9.128514451102730520e-01 2.597693838849622683e+00 -1.350994429256306001e-02 9.982133235769070634e-01 5.820334169374243027e-02 4.587434344830984556e-01 -9.139999980709639926e-01 -3.591191556804568252e-02 4.038934735886428040e-01 1.669422163653215918e+01
3.951249246458283793e-01 -5.120829103406317889e-02 9.172328604874739888e-01 3.334958757174694366e+00 -1.525351256328881175e-02 9.979422334606755651e-01 6.227163965062505052e-02 5.019749897266072569e-01 -9.185336500319956077e-01 -3.860850448888990954e-02 3.935300639832635672e-01 1.701530732281056757e+01
3.827950859097696834e-01 -5.452071675664873357e-02 9.222628541025061910e-01 4.090788279227541402e+00 -1.576138405823206828e-02 9.977262906203795412e-01 6.551827267538340438e-02 5.339394692383622187e-01 -9.237389617715895396e-01 -3.960551511032113503e-02 3.810654385886406703e-01 1.733431059551980979e+01
3.708811953784100779e-01 -5.661993226703735532e-02 9.267945057465400982e-01 4.857495906475599590e+00 -1.673047154309473261e-02 9.975703535867581628e-01 6.764554561982012715e-02 5.727573361261006912e-01 -9.283719015325403445e-01 -4.060146179686439927e-02 3.690329061434745594e-01 1.763643794857643954e+01
3.572288781630765797e-01 -5.856455735242996341e-02 9.323237491635231189e-01 5.628312204655357753e+00 -1.711488531902090326e-02 9.974549663412128897e-01 6.920494277336329547e-02 6.072866226856840077e-01 -9.340035142547538083e-01 -4.068887430675516975e-02 3.553165214682296735e-01 1.792632617230184522e+01
3.440235028856285515e-01 -5.709199325857872154e-02 9.372327769514258167e-01 6.409405908480900749e+00 -1.847828339234163994e-02 9.975457223789044869e-01 6.753140531432422211e-02 6.521666699454220506e-01 -9.387859333942841777e-01 -4.058113099574431337e-02 3.421229916086359624e-01 1.821222788057719910e+01
3.268090251219269438e-01 -5.647920706407068281e-02 9.432572005383096370e-01 7.190703247606940351e+00 -1.957237763494915420e-02 9.975947514597938159e-01 6.650276661624951458e-02 6.835517869924961909e-01 -9.447425402889673141e-01 -4.022023706423875911e-02 3.249168556375939820e-01 1.848365151327924849e+01
3.065452803642488844e-01 -5.539986872195775541e-02 9.500991209125277948e-01 7.988984659947798939e+00 -2.186203698847707239e-02 9.976316151642663499e-01 6.522820252447457390e-02 7.239278130570448999e-01 -9.514621474676174806e-01 -4.077080436588691181e-02 3.046082271044651679e-01 1.874502484628837351e+01
2.837360298347939569e-01 -5.331773739677411750e-02 9.574174540646928078e-01 8.791309438407830967e+00 -2.627368391795096431e-02 9.976453700279277470e-01 6.337488239244648547e-02 7.627798903674982700e-01 -9.585427757061156795e-01 -4.312702116474526060e-02 2.816676781249492501e-01 1.897816116537855180e+01
2.534714283616333330e-01 -5.209489598975206720e-02 9.659875492724745438e-01 9.607526066843572465e+00 -3.093085242908749644e-02 9.976016224120095588e-01 6.192309516781514811e-02 8.010204736017224603e-01 -9.668974674224046773e-01 -4.556321574779669675e-02 2.512523052329794782e-01 1.919318401481475078e+01
2.207961984351238804e-01 -5.212532464080424366e-02 9.738741890740438834e-01 1.043932526750586476e+01 -3.388202518909478461e-02 9.975582742227504518e-01 6.108290194172201482e-02 8.393866643035384767e-01 -9.746784568339308397e-01 -4.651335469086595453e-02 2.184907852204292789e-01 1.938241698689566306e+01
1.875595677832956054e-01 -5.140390794992525519e-02 9.809757126862587162e-01 1.127480098043809598e+01 -3.452551094353899230e-02 9.976677084801358619e-01 5.888079737168293304e-02 8.679656013687855332e-01 -9.817144321283950426e-01 -4.491560314324637843e-02 1.853472725770914376e-01 1.954114120216490491e+01
1.549283235734248421e-01 -5.101370577655684607e-02 9.866113257789739244e-01 1.212360769044557429e+01 -3.474646322134856968e-02 9.977664544012666559e-01 5.706353094710178708e-02 8.960207473150780810e-01 -9.873191715368853094e-01 -4.311609245201290797e-02 1.528100060133076865e-01 1.967081348985124478e+01
1.223823245056952919e-01 -4.894406650913811496e-02 9.912727928785856069e-01 1.297274502988935829e+01 -3.754081154873658427e-02 9.978399773823207752e-01 5.392999617105833504e-02 9.217551259722257528e-01 -9.917719352026574953e-01 -4.380414066069296397e-02 1.202807037954061881e-01 1.976758472508030451e+01
9.044618813332098994e-02 -4.591818725309796539e-02 9.948300626150184955e-01 1.383221788123792173e+01 -4.030265900056420603e-02 9.979495387691608155e-01 4.972793515255959779e-02 9.576011678169590313e-01 -9.950720643590421632e-01 -4.462653779492183753e-02 8.841001518249830271e-02 1.983768102367254826e+01
5.693656761956075729e-02 -4.210051139464972975e-02 9.974746528829674386e-01 1.470370776438925731e+01 -3.722370249901854611e-02 9.983262617898914781e-01 4.425842249481283519e-02 9.797215769795047935e-01 -9.976687758331241884e-01 -3.964475922991864826e-02 5.527411843696059673e-02 1.988049795848541379e+01
2.549463649217300135e-02 -3.775153154190914739e-02 9.989490054895806548e-01 1.555885822118947992e+01 -3.155174719508451603e-02 9.987583544959049986e-01 3.857730768699453583e-02 9.925203512906669578e-01 -9.991643827196428074e-01 -3.252402164349580543e-02 2.427185626607921212e-02 1.988601314035216205e+01
-5.652407464649311999e-03 -3.233743098544254041e-02 9.994625095149910488e-01 1.642674842795276291e+01 -2.510005798475478667e-02 9.991666566288740503e-01 3.219867312162170286e-02 1.006079934955010025e+00 -9.996704544080424748e-01 -2.491934086333405518e-02 -6.459364730478341435e-03 1.987325659961542001e+01
-3.521549817262131787e-02 -2.811936199693053015e-02 9.990003511130941538e-01 1.727092581755620770e+01 -1.810536454579695850e-02 9.994579776255733128e-01 2.749782337087203210e-02 1.012697511117837124e+00 -9.992320959619784837e-01 -1.712290112571646095e-02 -3.570552791105128382e-02 1.982234766705286333e+01
-6.437432627710248934e-02 -2.362678063154144067e-02 9.976586558811070260e-01 1.814304915327412715e+01 -1.007892289721119827e-02 9.996840876638862783e-01 2.302724015857920969e-02 1.017693783443928357e+00 -9.978876093160806704e-01 -8.574595658819381822e-03 -6.459205709067170065e-02 1.975383709624197337e+01
-9.179459014973187503e-02 -1.451677404303337859e-02 9.956789955272293824e-01 1.900183959236324682e+01 -4.285734832016732665e-03 9.998902967666516428e-01 1.417752129835010005e-02 1.011456596354468163e+00 -9.957755973922399750e-01 -2.977583532256804829e-03 -9.184675327448199589e-02 1.966359724791663410e+01
-1.165814046142044647e-01 3.548825290646014769e-04 9.931908143163593605e-01 1.983975377015961428e+01 1.530439991348273411e-03 9.999988002380276741e-01 -1.741348516238073053e-04 9.950364706429886130e-01 -9.931899196783936512e-01 1.498326388348879875e-03 -1.165818774424990795e-01 1.954961099401001690e+01
-1.417965881111641901e-01 1.864182036012980437e-02 9.897512754478233754e-01 2.066864422003553514e+01 2.521555255479285274e-03 9.998262903494685716e-01 -1.846957833500238386e-02 9.700563637052874721e-01 -9.899237186111649045e-01 -1.264626855502786916e-04 -1.418189048092196036e-01 1.942677053291402700e+01
-1.687763835933817624e-01 3.462295389574978483e-02 9.850202249641177854e-01 2.149557605323041187e+01 1.885034549090905398e-03 9.993922251720857020e-01 -3.480511008716700300e-02 9.404704789088051964e-01 -9.856270315732630349e-01 -4.026977121834533074e-03 -1.687389693968113780e-01 1.928363776992674161e+01
-1.952143653624530684e-01 4.505012774398159392e-02 9.797706894361792873e-01 2.232819372077563003e+01 5.614591648334207874e-03 9.989796719479392406e-01 -4.480540426208426408e-02 8.963082785130913610e-01 -9.807896643224096600e-01 -3.247489152192570717e-03 -1.952683277065111744e-01 1.911293004057393929e+01
-2.215255614495219849e-01 4.916212945506898829e-02 9.738532770222374513e-01 2.315514104719495947e+01 1.036665753526139037e-02 9.987905900202606047e-01 -4.805282082728655479e-02 8.363107918281793562e-01 -9.750384234466409339e-01 -5.618600444679836209e-04 -2.217673077331454579e-01 1.891783541759293641e+01
-2.429188588432515949e-01 4.882929952409411495e-02 9.687016706446114345e-01 2.398073876665356607e+01 1.327347011230535674e-02 9.988055860519312601e-01 -4.701076153715837841e-02 7.812242364929207206e-01 -9.698412926357579122e-01 1.411643114813582438e-03 -2.432764556356128705e-01 1.871765854454397626e+01
-2.643649608867627565e-01 4.438074643187774754e-02 9.634118706467718063e-01 2.480178907739816196e+01 1.660650265145301868e-02 9.990019073426934515e-01 -4.147421514790750052e-02 7.298425545523513636e-01 -9.642906687431198609e-01 5.045252931908389069e-03 -2.648380537194956474e-01 1.848658747157866244e+01
-2.851969835204158366e-01 4.034151440708520081e-02 9.576128566160161393e-01 2.559916513725725551e+01 2.433236238291619502e-02 9.990964729890835505e-01 -3.484793236249685705e-02 6.788662452649625312e-01 -9.581535514648107377e-01 1.336255402175505654e-02 -2.859208844367006064e-01 1.824328362582308927e+01
-2.982051332019116097e-01 3.975175090053549576e-02 9.536445340370159895e-01 2.639589560554956549e+01 2.794205208009235830e-02 9.990677914209680210e-01 -3.290424259229201426e-02 6.279894065150002369e-01 -9.540635093559454161e-01 1.683351779709711324e-02 -2.990378858611157931e-01 1.798800049296303527e+01
-3.113203130666734042e-01 4.319903111729395118e-02 9.494733867773961222e-01 2.719082877008625942e+01 3.110469622070862958e-02 9.988943940210013306e-01 -3.524809825535538815e-02 5.787058030114259344e-01 -9.499457848083682210e-01 1.858034466679420182e-02 -3.123198969466831620e-01 1.771839132257553828e+01
-3.236059554588390230e-01 4.542465637439575127e-02 9.451163482871410837e-01 2.794077993082092704e+01 3.212235842371900102e-02 9.987983420866185513e-01 -3.703397717124618654e-02 5.285341728927647198e-01 -9.456630534955142720e-01 1.837498949061995915e-02 -3.246760375505547969e-01 1.746240882636943681e+01
-3.333968455208491388e-01 4.707026336457511423e-02 9.414844157759556520e-01 2.872282793393553746e+01 2.656903494325008053e-02 9.988253832933343679e-01 -4.050918697328133311e-02 4.764237434301570873e-01 -9.422853958198027513e-01 1.150975255209571099e-02 -3.342559820874418386e-01 1.718762349985153648e+01
-3.474146946232544164e-01 4.482143320447012913e-02 9.367763487508612430e-01 2.948459336005537068e+01 2.457230398308730621e-02 9.989493989473519076e-01 -3.868470976254179822e-02 4.316096749302739122e-01 -9.375255831333020318e-01 9.595592593421716290e-03 -3.481512049401710995e-01 1.691591648174673423e+01
-3.553968664054855675e-01 4.631572942065691201e-02 9.336511431604066491e-01 3.025565626872683822e+01 2.723130326820642766e-02 9.988604284596120930e-01 -3.920551177302072227e-02 3.847951366530683037e-01 -9.344031289320277045e-01 1.149011556082027083e-02 -3.562529783672979677e-01 1.661761462819186264e+01
-3.627063031495633694e-01 4.922081913740083969e-02 9.304884366779354599e-01 3.103065027472740667e+01 3.069494954621417374e-02 9.986935103110744505e-01 -4.083609911899949152e-02 3.289116640879105047e-01 -9.312833399540972890e-01 1.373885731326509284e-02 -3.637434093824278847e-01 1.631924955406873323e+01
-3.670935887900100281e-01 5.229631045504028186e-02 9.286018052065053707e-01 3.179577798336164207e+01 3.203918727836639613e-02 9.985367227595542960e-01 -4.356159741292077447e-02 2.943603255652493811e-01 -9.295217735993549502e-01 1.374909802072475304e-02 -3.682318836643682647e-01 1.601915229709768695e+01
-3.664805103196615566e-01 5.462456513277385434e-02 9.288479526182327195e-01 3.259054415229890367e+01 3.118562994267983987e-02 9.984356294258240894e-01 -4.639655115610196584e-02 2.452021262154615855e-01 -9.299295101224529514e-01 1.195955748974618718e-02 -3.676108739107737389e-01 1.570922575661655607e+01
-3.626873872127835963e-01 5.476867395470227939e-02 9.304185378618227142e-01 3.340796379174782516e+01 3.410058580954502400e-02 9.983834332373552334e-01 -4.547044345390712644e-02 1.985098763858569315e-01 -9.314042427497599697e-01 1.525639603197182469e-02 -3.639689609110462465e-01 1.539681918813512418e+01
-3.560284931885357995e-01 5.193194617426009213e-02 9.328263666022070799e-01 3.423587532403195866e+01 3.172080779326378469e-02 9.985504231175683643e-01 -4.348301251864970796e-02 1.443234317448486015e-01 -9.337332689660993168e-01 1.408717711441921823e-02 -3.571594180557873810e-01 1.509511735155687617e+01
-3.480453308376635913e-01 5.223740296544287370e-02 9.361668768004420826e-01 3.508942556369644450e+01 3.003192836867881951e-02 9.985553808043035051e-01 -4.455563267580066322e-02 9.684929521114005180e-02 -9.371419093399415701e-01 1.261015819784415230e-02 -3.491113554514116979e-01 1.479231127593002704e+01
-3.400945303907966233e-01 5.137346678883702999e-02 9.390700638018785185e-01 3.595897014807753322e+01 2.734880150883981648e-02 9.986249477254705020e-01 -4.471495986589919119e-02 4.619812906369624023e-02 -9.400760925264387557e-01 1.047647072839184325e-02 -3.410320314284544518e-01 1.447922316472680748e+01
-3.328207963955244764e-01 5.016841558366507553e-02 9.417243314932498555e-01 3.683552068343169594e+01 2.513476187905173270e-02 9.987011840214028435e-01 -4.431803656911328937e-02 -8.532588383283648548e-03 -9.427246451053551413e-01 8.924816687852847943e-03 -3.336496110774926360e-01 1.419400873239875160e+01
-3.276952257727669959e-01 4.835212419434855441e-02 9.434617926747483896e-01 3.774910476709214890e+01 2.018278748314869531e-02 9.988196267073808921e-01 -4.419069287735822443e-02 -6.422717847276576686e-02 -9.444846808240027203e-01 4.564199757657033153e-03 -3.282841168254983510e-01 1.388185902895684265e+01
-3.264425880054149798e-01 4.602248022927743487e-02 9.441716741985768380e-01 3.865830214991087388e+01 1.598165269735554381e-02 9.989401347988241531e-01 -4.317502970616376307e-02 -1.113787517580517861e-01 -9.451572670768596529e-01 1.014970047494117601e-03 -3.268323303474861552e-01 1.358242924715771771e+01
-3.242417104598355193e-01 4.381820608304796971e-02 9.448149378716054203e-01 3.960926786307509673e+01 1.241778428877112275e-02 9.990373924172238906e-01 -4.208011551903853564e-02 -1.732782052677684370e-01 -9.457491754160372022e-01 -1.911669461687504372e-03 -3.244734354058745884e-01 1.326990230653084701e+01
-3.265471082362177979e-01 4.272115475000723417e-02 9.442904146641211138e-01 4.056402555370429042e+01 1.139413463734732443e-02 9.990835679109332235e-01 -4.127313226586012962e-02 -2.240545384521303862e-01 -9.451873229264599052e-01 -2.695734277670378855e-03 -3.267347187899344862e-01 1.295400005106346519e+01
-3.272054288451153314e-01 4.168162458130700299e-02 9.441020112849964896e-01 4.151804734884933623e+01 1.134558809647040478e-02 9.991279798537519019e-01 -4.018587196612655871e-02 -2.771188572542132578e-01 -9.449536746822337907e-01 -2.435324793267038424e-03 -3.273929520572967933e-01 1.263124475385487067e+01
-3.265203402757815287e-01 4.146286102977645577e-02 9.441735455187044712e-01 4.250131222897284289e+01 1.131162097321901719e-02 9.991374069077666453e-01 -3.994707195581116005e-02 -3.305708553893964008e-01 -9.450156499118933517e-01 -2.373990601918350100e-03 -3.267077989680293171e-01 1.228858929803060995e+01
-3.264974953482548958e-01 4.075676050089176161e-02 9.443577964619749299e-01 4.348840965818724413e+01 1.148820723401753653e-02 9.991670805349925910e-01 -3.915101073381201807e-02 -3.891007628087433945e-01 -9.451672434991825744e-01 -1.944437448103527189e-03 -3.266935603206336247e-01 1.196243334846070994e+01
-3.278554865947876373e-01 3.988645240969564826e-02 9.437491755358232703e-01 4.447169071640692550e+01 1.108537685533918932e-02 9.992017151264730446e-01 -3.838227270218976667e-02 -4.465214555281301623e-01 -9.445269070299429082e-01 -2.124935972283397128e-03 -3.280357829845814699e-01 1.163676065729226927e+01
-3.272364331651478331e-01 3.901282686562076996e-02 9.439165906888019597e-01 4.548218941622572942e+01 8.984583599263457412e-03 9.992304198107334612e-01 -3.817194104988842762e-02 -5.094328482938971225e-01 -9.446798763111901032e-01 -4.028388325899369925e-03 -3.273349264057937580e-01 1.130420941522909573e+01
-3.265682932826933227e-01 3.846274662572476966e-02 9.443134458429945921e-01 4.646987656155723556e+01 8.315927237828984672e-03 9.992500473438207242e-01 -3.781922286987469961e-02 -5.640302961896470624e-01 -9.450595955757088440e-01 -4.492177413961345213e-03 -3.266433827365881615e-01 1.098764008783278179e+01
-3.272849763076428053e-01 3.718484510077542382e-02 9.439612818885184664e-01 4.745317294467319869e+01 6.678233137529352055e-03 9.992910441682538725e-01 -3.704014617248432145e-02 -6.262316621057745225e-01 -9.446700868434729781e-01 -5.842629904926172416e-03 -3.273011120443420352e-01 1.066488559747685727e+01
-3.252370120370342010e-01 3.645173955781470798e-02 9.449909886057790143e-01 4.846656346637247026e+01 6.331311973776943686e-03 9.993188145915096188e-01 -3.634614253381815430e-02 -6.890312346791156450e-01 -9.456722279424442101e-01 -5.838219693633424530e-03 -3.252464832738509726e-01 1.031986504497652035e+01
-3.228385208999084988e-01 3.301981272804701412e-02 9.459092384848888369e-01 4.944000759594158012e+01 7.239256928611910794e-03 9.994480939192266211e-01 -3.242805959360269691e-02 -7.462942104912405616e-01 -9.464578417257100140e-01 -3.614548266766222373e-03 -3.228993686564489152e-01 1.001632180114847692e+01
-3.191299157660835717e-01 3.156597775805466272e-02 9.472757324007079482e-01 5.045536792345433952e+01 8.156411669480745710e-03 9.994997890654123696e-01 -3.055954068466058479e-02 -7.996804656165784619e-01 -9.477662009140634947e-01 -2.009957255056038505e-03 -3.192279830119294504e-01 9.672751580265897431e+00
-3.168509759524261171e-01 3.135719942099178537e-02 9.478331097897422231e-01 5.143766384154832139e+01 7.890922292457100071e-03 9.995056289191215360e-01 -3.043633752583507421e-02 -8.510524695759225100e-01 -9.483192268259676982e-01 -2.170692288316139300e-03 -3.169416228668265334e-01 9.362729126107346644e+00
-3.132043633401281335e-01 3.186067588769029429e-02 9.489944543038187907e-01 5.242790370769687769e+01 8.313883516685331015e-03 9.994906211505899529e-01 -3.081596754200703267e-02 -9.080149002558977056e-01 -9.494927979529318440e-01 -1.760900001898995640e-03 -3.133096566866519495e-01 9.033032049433154853e+00
-3.132128084649194455e-01 3.226343457505076451e-02 9.490072594400268402e-01 5.339349607694033750e+01 8.285203866130101333e-03 9.994773782170829346e-01 -3.125194838751826909e-02 -9.658779689239339605e-01 -9.495195840243305652e-01 -1.923862999247534468e-03 -3.133162510322995420e-01 8.735968752332762932e+00
-3.132513720714918404e-01 3.245456355541436605e-02 9.490075337804821931e-01 5.437626072014969481e+01 7.290863212467690001e-03 9.994682732447517370e-01 -3.178616537982311557e-02 -1.015370732306427826e+00 -9.495346111237831233e-01 -3.040039966519861130e-03 -3.133211537500877331e-01 8.420001238724424297e+00
-3.156640209218330995e-01 3.487815985636524840e-02 9.481345607100594153e-01 5.536415303876001559e+01 5.145018087316909246e-03 9.993723216026870748e-01 -3.505090460943031255e-02 -1.079837089667342376e+00 -9.487619183645737975e-01 -6.184447496089089981e-03 -3.156452680537482069e-01 8.098271933575876602e+00
-3.193615414669215280e-01 3.659252558479732242e-02 9.468920687475498310e-01 5.634095251917281644e+01 4.822737872564986095e-03 9.993041989547987169e-01 -3.697368753075332831e-02 -1.139698852008715901e+00 -9.475864121752339830e-01 -7.246663468437709171e-03 -3.193160195522387057e-01 7.752938201321789791e+00
-3.266258902335579251e-01 3.455066392844067386e-02 9.446711928447870665e-01 5.730276306538244313e+01 4.526451058091469914e-03 9.993777137711925551e-01 -3.498787851395802201e-02 -1.184128068898812280e+00 -9.452917527872894965e-01 -7.130424932881016149e-03 -3.265794311693179242e-01 7.449897104932098557e+00
-3.323862753399993708e-01 3.026944949344212779e-02 9.428818509547580717e-01 5.827033134670541159e+01 7.284856575131520677e-03 9.995375790650394832e-01 -2.952054234864040852e-02 -1.248016686903181460e+00 -9.433391751708739559e-01 -2.927820033902348625e-03 -3.324534611270787421e-01 7.104769592717880222e+00
-3.375041234203652318e-01 2.921113924818748847e-02 9.407530101600165562e-01 5.923503688718395210e+01 4.164327770646731978e-03 9.995544568235958938e-01 -2.954865712370153066e-02 -1.300248235685343534e+00 -9.411975122987091824e-01 -6.068935479621425169e-03 -3.374752072321185459e-01 6.784862159006795679e+00
-3.427864199157960590e-01 3.147450306122055036e-02 9.389530765794611433e-01 6.019121184572380656e+01 5.571132952104535310e-03 9.994891993376965322e-01 -3.145444499052691550e-02 -1.354347426684251010e+00 -9.394637781996888481e-01 -5.555733790940039357e-03 -3.427869604922283431e-01 6.443980755114532499e+00
-3.472033022150124437e-01 3.435320387134700032e-02 9.371288111801544529e-01 6.112373519232521346e+01 5.699065376401629170e-03 9.993874947660627006e-01 -3.451121773906051099e-02 -1.408928094294465083e+00 -9.377410404224496565e-01 -6.659331101705277985e-03 -3.471864503749942377e-01 6.108611988195715270e+00
-3.536959292886650008e-01 3.500202609234685791e-02 9.346804558863065493e-01 6.206096342987467551e+01 4.196201111339467257e-03 9.993487756710623948e-01 -3.584550229481961447e-02 -1.464540791788313312e+00 -9.353262784024654053e-01 -8.744463498713342386e-03 -3.536124685270964352e-01 5.787633774759475713e+00
-3.560336289784500341e-01 3.461925536303311901e-02 9.337326371536931457e-01 6.300078350362543489e+01 3.397842164863162928e-03 9.993548715253514070e-01 -3.574494527224361673e-02 -1.518842168339526344e+00 -9.343679997094129774e-01 -9.558781107770518773e-03 -3.559217121361347713e-01 5.432358749932912012e+00
-3.610672607751294616e-01 3.439654124498332799e-02 9.318641015297879360e-01 6.390970980119605827e+01 3.851850479851657953e-03 9.993659942142585351e-01 -3.539665943059022712e-02 -1.579691764972763535e+00 -9.324907869278795669e-01 -9.179965704652978328e-03 -3.609709574839287671e-01 5.083485059337074397e+00
-3.645259039335553841e-01 2.572728771745991933e-02 9.307660760799529864e-01 6.482054604362755867e+01 5.065076207630344295e-03 9.996581214292867834e-01 -2.565144690433234648e-02 -1.627669133294237014e+00 -9.311077814979616951e-01 -4.627983530278600988e-03 -3.645317197731057224e-01 4.741339004958271097e+00
-3.653321705419498300e-01 1.551728641757058394e-02 9.309160941757707031e-01 6.574741473211126674e+01 5.187871548845323505e-03 9.998794955976100240e-01 -1.462769989556698090e-02 -1.670884079750952989e+00 -9.310309363778421776e-01 -5.190364622387796511e-04 -3.653686961341513495e-01 4.369358875682000765e+00
-3.690077259754506733e-01 1.286915337531541192e-02 9.295938374399842496e-01 6.665355907451944972e+01 5.043360320426820698e-03 9.999172587938697232e-01 -1.184085493803410140e-02 -1.713572960052723415e+00 -9.296692407877801267e-01 3.252920931002655901e-04 -3.690420990320268935e-01 4.022548528488594677e+00
-3.674113058295676026e-01 1.776183806852604449e-02 9.296139801599182517e-01 6.755936888618019509e+01 5.284036152176296505e-03 9.998412583068457815e-01 -1.701685832258912484e-02 -1.748826974301770587e+00 -9.297688073812875320e-01 -1.346092544544046478e-03 -3.674467156875747542e-01 3.665039918515576645e+00
-3.704965200854519747e-01 2.454303619355798285e-02 9.286974428049821206e-01 6.845203984853185375e+01 5.913444966299441843e-03 9.996931060279313774e-01 -2.405860684213724163e-02 -1.786038089323315203e+00 -9.290028714450205838e-01 -3.412006125353567350e-03 -3.705280738365376858e-01 3.301273039027204259e+00
-3.710297405400387882e-01 2.779332579857875934e-02 9.281918682444159074e-01 6.935306767431698916e+01 1.241289886344562610e-02 9.996112295111820867e-01 -2.496410577582738530e-02 -1.828982558777589418e+00 -9.285249488975866328e-01 2.260832834990381471e-03 -3.712304779333166493e-01 2.947621502818634109e+00
-3.695631183050622770e-01 2.729572339412237453e-02 9.288668204201132594e-01 7.025559553577184602e+01 1.549262823258464039e-02 9.996105755170833218e-01 -2.320420176115564961e-02 -1.873331547054162494e+00 -9.291384904512913767e-01 5.814295723384693866e-03 -3.698421883521577636e-01 2.568615767791426308e+00
-3.695552286229926708e-01 2.490340156247386819e-02 9.289754518882535894e-01 7.115614153948827436e+01 1.487205720301001434e-02 9.996712211795288905e-01 -2.089219143673935047e-02 -1.919840871001457394e+00 -9.291904680283030737e-01 6.098491415400163207e-03 -3.698040909871697646e-01 2.211609303079573152e+00
-3.688695318011944724e-01 1.772004404605563577e-02 9.293011695872368527e-01 7.205763263085313497e+01 1.254437800465705959e-02 9.998220967993397545e-01 -1.408088055763620679e-02 -1.947703014993468651e+00 -9.293854316626428691e-01 6.457592277984546686e-03 -3.690262418227148178e-01 1.863635316412758591e+00
-3.665829401395749865e-01 1.149423029570929150e-02 9.303816247353043911e-01 7.296908096081530459e+01 9.431424227770148980e-03 9.999181400705757783e-01 -8.640762012302684661e-03 -1.979960801669728099e+00 -9.304049716145214033e-01 5.607664369146652533e-03 -3.666613071945658553e-01 1.507790197806568422e+00
-3.660411338546420423e-01 7.395677729072894745e-03 9.305074561599595562e-01 7.385784033705577656e+01 1.557187121491061593e-03 9.999718258699656914e-01 -7.338383248219332647e-03 -2.013409570541058180e+00 -9.305356973614151705e-01 -1.234320518146918289e-03 -3.660423248392676299e-01 1.182991321729004897e+00
-3.638837669956617171e-01 2.867264467960534483e-03 9.312059341832773507e-01 7.475666950502427710e+01 -6.794739695015516653e-03 9.999603938890032628e-01 -5.733640974035144125e-03 -2.032128138734685230e+00 -9.311856659686487125e-01 -8.416502043340814629e-03 -3.638497866356968369e-01 8.484276127350587338e-01
-3.624562431180082256e-01 1.408044806435617725e-03 9.320573290056503035e-01 7.565888397269361576e+01 -4.888559542868291773e-03 9.999821970160014395e-01 -3.408783747693014139e-03 -2.060522212010464926e+00 -9.320457167730339387e-01 -5.791751388978725462e-03 -3.624428590627117308e-01 5.038850478240608499e-01
-3.600497321061223444e-01 4.035256025443673296e-03 9.327795476345854819e-01 7.653985087296557310e+01 -1.124805031735252192e-04 9.999903692817743162e-01 -4.374863405553481958e-03 -2.091934878893256577e+00 -9.327883351062501438e-01 -1.677886230274760592e-03 -3.600459275885548593e-01 1.643692606587588978e-01
-3.536051846859432080e-01 7.852251716321890021e-03 9.354500200795916598e-01 7.743889538457035826e+01 1.881669383904706078e-03 9.999686283206443704e-01 -7.682984372700447234e-03 -2.112158413896186193e+00 -9.354810785667500017e-01 -9.630966958830486499e-04 -3.536089127280238609e-01 -1.802938150417841556e-01
-3.445346549840135331e-01 8.661735463162243201e-03 9.384803513004389419e-01 7.832752408600190108e+01 6.645703663677934858e-03 9.999548374047648736e-01 -6.787889748969215716e-03 -2.135767978695164437e+00 -9.384968893416982816e-01 3.898161879931354157e-03 -3.445766551037042769e-01 -5.044280904513778196e-01
-3.363985502402833117e-01 9.271509145273372152e-03 9.414954401502723114e-01 7.921434775939658834e+01 1.407690678625432568e-02 9.998892547362060457e-01 -4.815812076778966909e-03 -2.166482939263551177e+00 -9.414358529293699318e-01 1.163394794418340893e-02 -3.364918746543090200e-01 -8.222494146117053093e-01
-3.261607811465753737e-01 8.608810246010263970e-03 9.450918934742008615e-01 8.010776173373436393e+01 1.061221382726341110e-02 9.999288567879577316e-01 -5.445485139668509306e-03 -2.193857695211196557e+00 -9.450716385201334280e-01 8.254089795149984962e-03 -3.262290083730107759e-01 -1.126450407402081133e+00
-3.146007330658678325e-01 6.498796835611476107e-03 9.492500227928003520e-01 8.100997166190001053e+01 7.117417269593419651e-03 9.999645202097541263e-01 -4.489358714069532387e-03 -2.209001443597974124e+00 -9.492457012721751131e-01 5.343366491044716608e-03 -3.146357414419056475e-01 -1.400663563653269605e+00
-3.007283678668501437e-01 2.373418118456310268e-03 9.536874602371875342e-01 8.190489277704557480e+01 9.167275768598255256e-03 9.999578545218995584e-01 4.031885345658469538e-04 -2.230611968543828372e+00 -9.536464402257023298e-01 8.863660842274974361e-03 -3.007374782074022646e-01 -1.684686698653899972e+00
-2.912455031411145812e-01 6.485621179023351272e-04 9.567851933169827516e-01 8.281252145184608082e+01 7.881937238672240276e-03 9.999674582654199950e-01 1.721423179359983817e-03 -2.256597103343879418e+00 -9.567531668465983907e-01 8.040111097599183035e-03 -2.912410989441143738e-01 -1.950224821549309651e+00
-2.781644773385656411e-01 1.326909303817403992e-03 9.605156254911156877e-01 8.371850904820799144e+01 7.852833240203960924e-03 9.999687096288690791e-01 8.891215223979452012e-04 -2.259970928590433470e+00 -9.604845991706409958e-01 7.789618491424998674e-03 -2.781661757736559881e-01 -2.194361298607559352e+00
-2.635410577967426948e-01 3.837958883379916347e-05 9.645803820452331090e-01 8.464812255457032109e+01 1.126893883255378898e-02 9.999318097820018014e-01 3.040427204455807813e-03 -2.284410671686917027e+00 -9.645147335190050741e-01 1.167400420915497283e-02 -2.635235313450766670e-01 -2.451199387254223261e+00
-2.505558717085635267e-01 4.544542337319435778e-03 9.681287934013156349e-01 8.554396314470926654e+01 1.098819796180638964e-02 9.999378278246644491e-01 -1.848466381183453940e-03 -2.299061940935260395e+00 -9.680772017625877135e-01 1.017551601332070815e-02 -2.505902912773100288e-01 -2.677490698365602384e+00
-2.375943520066896020e-01 1.374403525119858964e-02 9.712366548644971731e-01 8.644186374117960270e+01 1.345522421907293341e-02 9.998504523429607715e-01 -1.085168904499258374e-02 -2.323953452497980354e+00 -9.712406758506967330e-01 1.048984197092357566e-02 -2.377438391840037413e-01 -2.893231834066822383e+00
-2.238740140354444630e-01 1.797178432940039344e-02 9.743246828527342140e-01 8.734348749894357411e+01 1.309920767203253712e-02 9.997951045482014187e-01 -1.542727038620463585e-02 -2.351769984100109845e+00 -9.744025747094864354e-01 9.300803897359741917e-03 -2.240634849362416192e-01 -3.095397581280356025e+00
-2.117930416938238747e-01 1.503199206253054594e-02 9.771169579212758416e-01 8.824761017447427491e+01 9.853562246205146286e-03 9.998637027035919278e-01 -1.324309496809115104e-02 -2.376557407014338708e+00 -9.771829999913130838e-01 6.821357683125272610e-03 -2.119122417583259588e-01 -3.271177903190270353e+00
-1.997046384803588814e-01 1.080442406519435510e-02 9.798722911188202378e-01 8.916620258517193065e+01 9.615889060613860145e-03 9.999125792429464088e-01 -9.065894837701095679e-03 -2.410405847588088069e+00 -9.798846860893350996e-01 7.613893654408093736e-03 -1.997911910467824737e-01 -3.450059875185792269e+00
-1.890487941876714262e-01 1.070248373360548413e-02 9.818682595546608383e-01 9.006948266632272748e+01 6.242216003414148388e-03 9.999334893036623262e-01 -9.698351248736311950e-03 -2.437833783293276824e+00 -9.819069714496324597e-01 4.290841394698526566e-03 -1.891030479106379780e-01 -3.608698977505132355e+00
-1.813477355639246946e-01 1.588063455604695612e-02 9.832582549364183855e-01 9.097315623029390963e+01 9.916979462813639654e-04 9.998720087547697810e-01 -1.596159993976354122e-02 -2.467234539142187710e+00 -9.833861851219485306e-01 -1.921747468443689129e-03 -1.813402493337283317e-01 -3.756927697844264724e+00
-1.759608300294031868e-01 2.311892872349761291e-02 9.842170411159063548e-01 9.189636113527188854e+01 -5.131368915836965160e-03 9.996892733512139362e-01 -2.439411294276792180e-02 -2.497632440457064007e+00 -9.844751892238613467e-01 -9.332332409464291073e-03 -1.757877778383359901e-01 -3.908997913043000594e+00
-1.704691245068966354e-01 2.481329643858931969e-02 9.850489380486184832e-01 9.281848853418179601e+01 -8.715495880924285094e-03 9.996057868285795900e-01 -2.667979598331107760e-02 -2.542698062102081380e+00 -9.853230479646456486e-01 -1.314390371554579294e-02 -1.701857374483307650e-01 -4.057600041731170393e+00
-1.690145317731629460e-01 2.494797074834715495e-02 9.852334375583271520e-01 9.372588129199532148e+01 -1.007073259048626990e-02 9.995833633199423529e-01 -2.704713686356226277e-02 -2.582060804176274260e+00 -9.854979707902269404e-01 -1.450022003782909519e-02 -1.686926299171407073e-01 -4.196032382085524759e+00
-1.634620983657946447e-01 2.439697689583008103e-02 9.863269915396479792e-01 9.465241377139253132e+01 -1.253580223283232674e-02 9.995620311379114220e-01 -2.680767436906031365e-02 -2.628327386859406811e+00 -9.865493736675005065e-01 -1.674333154050360734e-02 -1.630846363129186960e-01 -4.334513406091021537e+00
-1.577649648774370472e-01 2.111471560319796298e-02 9.873273958041047793e-01 9.557488185440627149e+01 -1.231210175969284226e-02 9.996519411606967775e-01 -2.333529304037362459e-02 -2.663836073402906734e+00 -9.874763883022226185e-01 -1.582939266188576263e-02 -1.574503570014908760e-01 -4.470012329744982971e+00
-1.520725103097669006e-01 1.743466475357106568e-02 9.882660436284291805e-01 9.649165290894346469e+01 -1.179914461367489141e-02 9.997411835252402179e-01 -1.944820196264509388e-02 -2.688167437509229707e+00 -9.883496174587060867e-01 -1.461574103099873984e-02 -1.518275396209602945e-01 -4.606286295367307382e+00
-1.456143395538673502e-01 1.462857182758444015e-02 9.892153795284791551e-01 9.740659878093239854e+01 -1.248622413833117006e-02 9.997838576953419487e-01 -1.662186270108015340e-02 -2.735332752051891525e+00 -9.892449502107276693e-01 -1.477482229405088776e-02 -1.454001817986629586e-01 -4.738757278721523747e+00
-1.395829236228051384e-01 1.573933964363653445e-02 9.901276910232118533e-01 9.831147881211687434e+01 -1.798286484063622154e-02 9.996684512905413822e-01 -1.841869378410293523e-02 -2.758642340601285881e+00 -9.900896807135043387e-01 -2.038642814947216886e-02 -1.392535225245705166e-01 -4.846673287708838984e+00
-1.329348132845716290e-01 1.653877672110509733e-02 9.910679218091831277e-01 9.920528241855802776e+01 -2.817801512238519643e-02 9.993943536407947636e-01 -2.043510674855250966e-02 -2.789249439861890334e+00 -9.908056951969269610e-01 -3.062756743145246888e-02 -1.323891647945088512e-01 -4.942914731782131810e+00
-1.258572782561142855e-01 1.953774271284537678e-02 9.918224309403731453e-01 1.001067856105745335e+02 -2.528722727548931778e-02 9.994175883408360495e-01 -2.290401797157141928e-02 -2.834661532521456362e+00 -9.916925891340572230e-01 -2.797307576304843696e-02 -1.252896792482348642e-01 -5.052618290556303293e+00
-1.187544787270212038e-01 2.234724930032137152e-02 9.926532424608867089e-01 1.010020742888026319e+02 -2.144272959075523011e-02 9.994556569109631639e-01 -2.507449419531052742e-02 -2.878734718490833178e+00 -9.926734590979626738e-01 -2.425831251711189560e-02 -1.182106076387453159e-01 -5.156517456455747883e+00
-1.105402541859284993e-01 2.080726709504901115e-02 9.936164862927772123e-01 1.019216257691112730e+02 -2.413655410355741368e-02 9.994295642220062392e-01 -2.361350389658236487e-02 -2.918872694732192574e+00 -9.935414138775962023e-01 -2.660060172916837995e-02 -1.099748137334730369e-01 -5.245639874367330258e+00
-1.034398067555034884e-01 1.489356030387441188e-02 9.944959856246428087e-01 1.028097460592803287e+02 -2.428065488065271615e-02 9.995520193042694013e-01 -1.750060680892108825e-02 -2.950483946463537066e+00 -9.943112141241061686e-01 -2.595886536606252862e-02 -1.030316963892313892e-01 -5.332789993727818256e+00
-9.582882699018822892e-02 1.093796071577620571e-02 9.953744591138574682e-01 1.037268554766791908e+02 -2.600238491863078941e-02 9.995712248858485971e-01 -1.347856148115450514e-02 -2.990461167189394143e+00 -9.950952456759256659e-01 -2.716470938405898122e-02 -9.550354885181412679e-02 -5.405105519668774505e+00
-8.907738934161346656e-02 1.559525386084074927e-02 9.959212498081405629e-01 1.046209943189370222e+02 -2.810986766195275668e-02 9.994401649610142879e-01 -1.815292338774653763e-02 -3.024731863102159579e+00 -9.956469765574509356e-01 -2.960662158739858427e-02 -8.858949988640664464e-02 -5.479534570930638004e+00
-8.286366494282565442e-02 1.818660802853993078e-02 9.963643364129554092e-01 1.055304231935980539e+02 -2.798276998497861018e-02 9.993966540548027133e-01 -2.058626750919005655e-02 -3.059511781307374001e+00 -9.961375436104462633e-01 -2.957642803751775115e-02 -8.230459269626654029e-02 -5.546036827593996854e+00
-7.475305460976860994e-02 1.873570973104602203e-02 9.970260840321837348e-01 1.064395204645419426e+02 -2.908283683062292888e-02 9.993573091244071227e-01 -2.095056824454456096e-02 -3.093673078885752048e+00 -9.967780443981401062e-01 -3.057233047523983532e-02 -7.416018351978448386e-02 -5.601374587476784406e+00
-6.792703516154022236e-02 1.799671409574990846e-02 9.975258081037442492e-01 1.073395285586389036e+02 -3.059312539315288751e-02 9.993297726191155972e-01 -2.010029659719323597e-02 -3.128508059850773293e+00 -9.972192613257123694e-01 -3.189026063863880517e-02 -6.733101065856406109e-02 -5.649263143237917006e+00
-5.886979751925177501e-02 1.740545030960059456e-02 9.980858502957968836e-01 1.082322281686674188e+02 -2.739764887834093138e-02 9.994432423198695847e-01 -1.904594713257314054e-02 -3.152407220120797771e+00 -9.978617211558192812e-01 -2.846556872295007146e-02 -5.836015029454476311e-02 -5.701159856260144210e+00
-5.186574681592641400e-02 1.726515450640072821e-02 9.985255558587234903e-01 1.091436716418733823e+02 -2.259303962805689694e-02 9.995744183995955989e-01 -1.845993227896835023e-02 -3.194602541643579485e+00 -9.984192329271420752e-01 -2.350981552928414070e-02 -5.145371486140962874e-02 -5.745537216154694704e+00
-4.439697268323820889e-02 1.870372714425463587e-02 9.988565658198611530e-01 1.100585027732239780e+02 -2.081091209342340528e-02 9.995909711894084282e-01 -1.962134692367089803e-02 -3.235022861469697197e+00 -9.988150025823168132e-01 -2.165488898043246846e-02 -4.399002178559862503e-02 -5.784806553460548173e+00
-3.577085946640287673e-02 1.674906751978281344e-02 9.992181634422698799e-01 1.109719104034208357e+02 -2.732949333753422957e-02 9.994691198211447247e-01 -1.771981640769102959e-02 -3.266761262553821155e+00 -9.989849350842038289e-01 -2.795796261874418723e-02 -3.529410423611045039e-02 -5.806757632642816525e+00
-2.978324811483100756e-02 1.644291339116556519e-02 9.994124827889594442e-01 1.118822107972383293e+02 -3.108574006261428588e-02 9.993654371596312203e-01 -1.736214946087566435e-02 -3.295011187238963135e+00 -9.990642373501538165e-01 -3.160615830655042618e-02 -2.925276214524786741e-02 -5.819492188865884152e+00
-2.559748231656159070e-02 1.434409577030970780e-02 9.995696890954095526e-01 1.128076434895584583e+02 -2.939117387850503915e-02 9.994538792320660781e-01 -1.508824178263902353e-02 -3.336088266043164552e+00 -9.992405485630249107e-01 -2.977432410299587703e-02 -2.516181016165917883e-02 -5.839249713484204740e+00
-2.023090002480952554e-02 1.489724306778360784e-02 9.996839124350358485e-01 1.137099272058054851e+02 -2.780842947620632347e-02 9.994937721045871193e-01 -1.544229452787736732e-02 -3.365520519362002361e+00 -9.994080676557902665e-01 -2.812535063020291451e-02 -1.980643015580162494e-02 -5.860025333632970401e+00
-1.412637340470836340e-02 1.643547468545048656e-02 9.997631030356360915e-01 1.146274938683670115e+02 -2.632315442499756283e-02 9.995119902374022258e-01 -1.680093494990361758e-02 -3.398042228899498252e+00 -9.995515372372436591e-01 -2.656785214641917831e-02 -1.368661835910915496e-02 -5.870409729504699747e+00
-7.854931724516485761e-03 1.418318505507338949e-02 9.998686935474729864e-01 1.155239517159736238e+02 -2.152159246999523282e-02 9.996655241552765414e-01 -1.435645840875701684e-02 -3.426611884505887495e+00 -9.997377110101264286e-01 -2.162143625622667265e-02 -7.547172791440765784e-03 -5.887762926427945409e+00
-2.926901054389187146e-03 1.121471943184187449e-02 9.999329936259899743e-01 1.164298796081517935e+02 -1.372777156230736186e-02 9.998423540541633292e-01 -1.125380676261516534e-02 -3.450794427079961757e+00 -9.999015953032380777e-01 -1.376712367932886490e-02 -2.772325303185363497e-03 -5.898477694770104307e+00
1.191652036885600986e-03 8.764067275508224258e-03 9.999605626591849816e-01 1.173390335942696225e+02 -1.094527533906938105e-02 9.999018917183680744e-01 -8.745814797810133254e-03 -3.482316556620749903e+00 -9.999389826403584092e-01 -1.093353092151080549e-02 1.287423501359582102e-03 -5.890673735990526794e+00
6.488846510705010770e-03 1.205323486367522630e-02 9.999065138703743250e-01 1.182395819895398574e+02 -1.369577905493161475e-02 9.998346868975781510e-01 -1.196742731751258490e-02 -3.495022902908506257e+00 -9.998853646191712130e-01 -1.361020615695558537e-02 6.652814991832975075e-03 -5.873564228872683479e+00
9.076880176978385784e-03 1.288541989090456232e-02 9.998787898586409817e-01 1.191409356036828058e+02 -1.461931412855869625e-02 9.998119204736580778e-01 -1.276140083774836460e-02 -3.521532069458055858e+00 -9.998549077864115064e-01 -1.449007872684158343e-02 9.263555497129850880e-03 -5.862096847846307135e+00
1.027014853722151878e-02 1.312557975441682422e-02 9.998603874930693802e-01 1.200431923794623685e+02 -1.612990562476809484e-02 9.997859118562801850e-01 -1.295607051049046596e-02 -3.549130375122416581e+00 -9.998164979800175933e-01 -1.599760873979104089e-02 1.047970854754322161e-02 -5.842236506558104558e+00
1.302228155474445710e-02 1.286730347008586441e-02 9.998359885097276578e-01 1.209429014714608144e+02 -1.655673170700987240e-02 9.997827495257075592e-01 -1.265744632495081901e-02 -3.572220671838758577e+00 -9.997817606542510616e-01 -1.639245000647025080e-02 1.323260420123005890e-02 -5.828471861468599080e+00
1.379730738255587064e-02 6.682174834853970603e-03 9.998870371229976461e-01 1.218413697655019092e+02 -1.313238532404670603e-02 9.998926125162526102e-01 -6.499653209123572827e-03 -3.601818975542756984e+00 -9.998231970744860808e-01 -1.304348164134843530e-02 1.388360600680075933e-02 -5.803594529648223421e+00
1.518676276740693089e-02 2.650472964300821556e-03 9.998855355417588520e-01 1.227305713044181061e+02 -1.392161276233470045e-02 9.999000530791494201e-01 -2.447233015312107098e-03 -3.621362519309168970e+00 -9.997919571015085882e-01 -1.388480118535451342e-02 1.522220655769726365e-02 -5.792536486971754606e+00
1.384975929383109629e-02 -2.918524595267749729e-04 9.999000498479001520e-01 1.236177247691526588e+02 -1.276347223459450841e-02 9.999183837757159576e-01 4.655617443994351291e-04 -3.642959839982669035e+00 -9.998186214247359871e-01 -1.276406748751948532e-02 1.384489792158050125e-02 -5.764800259168201713e+00
1.580042017790729211e-02 3.739658636334491047e-03 9.998679770659941735e-01 1.244924131492521866e+02 -1.379706835660567295e-02 9.998985063964994646e-01 -3.528728488978511834e-03 -3.658529863229100787e+00 -9.997797388422993148e-01 -1.373803275330603979e-02 1.585052343565463220e-02 -5.745945448985248838e+00
1.642612546659216397e-02 6.417974893202076439e-03 9.998423496609197825e-01 1.253714618828447271e+02 -1.263797774332507153e-02 9.999007594415073585e-01 -6.214197128823035002e-03 -3.680395759158904045e+00 -9.997830728517422827e-01 -1.253451723434813661e-02 1.650561468539687993e-02 -5.728150008832893825e+00
1.714131866037175295e-02 6.882756811542468066e-03 9.998295580516267655e-01 1.262507750558229134e+02 -1.427818382766002023e-02 9.998760136075051097e-01 -6.638895444364562200e-03 -3.694567250330175412e+00 -9.997513763658645303e-01 -1.416194809441998631e-02 1.723751296389463769e-02 -5.710490604645735324e+00
1.711626122471216621e-02 6.897558283773803749e-03 9.998306564726516799e-01 1.271238415372554584e+02 -1.527533142073494131e-02 9.998612680973164579e-01 -6.639079916236851134e-03 -3.719254537935815730e+00 -9.997378824925933216e-01 -1.515376301873149270e-02 1.721920324373202305e-02 -5.679077459849279919e+00
1.785065377474439816e-02 5.992583467544952518e-03 9.998276582578324856e-01 1.279944650214154649e+02 -1.070301120240370676e-02 9.999258559580391781e-01 -5.805826206349943251e-03 -3.741135467832213291e+00 -9.997883605539630292e-01 -1.059518915365519585e-02 1.791349799853502595e-02 -5.671178072221046307e+00
1.920323218488850098e-02 8.637697515534302484e-03 9.997800043743904075e-01 1.288701520676208645e+02 -1.087450602898460544e-02 9.999052935191438118e-01 -8.429477123320558082e-03 -3.768508890359546282e+00 -9.997582367197694886e-01 -1.070712656957646669e-02 1.929533924590941946e-02 -5.644977302905250127e+00
1.759818763139154446e-02 1.065982353405491891e-02 9.997905828430944108e-01 1.297363485704687207e+02 -1.876149187683814543e-02 9.997707126765684738e-01 -1.032772646261376388e-02 -3.785513742543929361e+00 -9.996714355825550014e-01 -1.856799412041796465e-02 1.779402354960982202e-02 -5.614644065817898877e+00
1.870228884202021838e-02 1.376654812636963002e-02 9.997359082549041043e-01 1.306006122481964837e+02 -2.589931593715821476e-02 9.995761961516058669e-01 -1.328862823857597519e-02 -3.808373628905399766e+00 -9.994953106908026630e-01 -2.563969690274150309e-02 1.905094849223967421e-02 -5.579952573369197921e+00
1.797888507323518528e-02 1.711505040445061160e-02 9.996869114460421590e-01 1.314565608966667867e+02 -2.312132304712946271e-02 9.995934443781440137e-01 -1.667981190483222922e-02 -3.836081704591319586e+00 -9.995660913094863709e-01 -2.282036306046496266e-02 1.836706411367953692e-02 -5.552677565550323102e+00
2.003335677567335757e-02 1.832214810811218231e-02 9.996319440857832639e-01 1.323372314083816548e+02 -2.065988964197461308e-02 9.996258987074965185e-01 -1.791282160926427683e-02 -3.869201146643505229e+00 -9.995862594565972925e-01 -2.030141910358097476e-02 2.040465842841134372e-02 -5.532199541285460320e+00
2.071058072521778440e-02 1.957551153785825823e-02 9.995946543660614303e-01 1.331537094420389735e+02 -2.234875127867392425e-02 9.995676353149127724e-01 -1.911124978295016680e-02 -3.898812051512345445e+00 -9.995365798286425241e-01 -2.193951907483897984e-02 2.113896545172138167e-02 -5.505599753211438241e+00
2.225856177768257074e-02 1.650397640768136442e-02 9.996126080324649887e-01 1.340185165005262036e+02 -1.411204107140388159e-02 9.997692005865854714e-01 -1.619161069490843499e-02 -3.926278570384507116e+00 -9.996492290531097114e-01 -1.375257017955943545e-02 2.248641872811353581e-02 -5.496046979399404897e+00
2.583633756401342713e-02 1.208601959652589632e-02 9.995945076478418567e-01 1.348582437431352048e+02 -7.705746662263997411e-03 9.998996229448671169e-01 -1.189118983762373072e-02 -3.958942771207683897e+00 -9.996377462892300780e-01 -7.394294393220261948e-03 2.592690179199236972e-02 -5.469287703314059890e+00
2.795505576152544289e-02 4.711852068211160559e-03 9.996139847829322855e-01 1.357103386653053292e+02 -3.120805789408606125e-03 9.999844054722822895e-01 -4.630607239186308906e-03 -3.991303138091753855e+00 -9.996201760716832974e-01 -2.990834948300163595e-03 2.796933980028533037e-02 -5.449101347171940724e+00
3.200368016856116465e-02 5.524840264720934022e-03 9.994815275577689784e-01 1.365381046409510191e+02 1.863510083385463544e-03 9.999826525200645744e-01 -5.589937563756833434e-03 -4.005808013158985936e+00 -9.994949931814323119e-01 2.044623937068537102e-03 3.199286833018474135e-02 -5.412249604607362485e+00
3.594355206706474626e-02 8.556334509267751742e-03 9.993174394170006858e-01 1.373879493640025373e+02 1.052302474119512932e-03 9.999625358824085763e-01 -8.602527488508510123e-03 -4.041719485704660109e+00 -9.993536332770150965e-01 1.368063264303872283e-03 3.593318130115820408e-02 -5.374839416166873995e+00
4.387624490514133863e-02 1.167078844894556960e-02 9.989772898296407355e-01 1.382139789483725281e+02 3.757643762557701193e-03 9.999226412396344799e-01 -1.185309945265134932e-02 -4.059799218129838572e+00 -9.990384288930995726e-01 4.270846782237019100e-03 4.382900158105437066e-02 -5.336383189710028674e+00
5.102867417558189927e-02 1.335278021411602338e-02 9.985808480641668039e-01 1.390732151912690426e+02 5.870246594370764383e-03 9.998892740940513724e-01 -1.366718987080749528e-02 -4.073600389663144306e+00 -9.986528833374113123e-01 6.563394435451151004e-03 5.094459778687591978e-02 -5.285693973981925531e+00
6.081452302754859762e-02 9.619777098130314133e-03 9.980693003014643461e-01 1.398676904675547519e+02 5.673844695263446578e-03 9.999341018282997817e-01 -9.978579542324611876e-03 -4.099864427505168329e+00 -9.980996089438013419e-01 6.273523934214853513e-03 6.075590918007284236e-02 -5.227913314759484287e+00
7.257995837013954399e-02 5.991655574967548643e-03 9.973317464960609335e-01 1.406734303530958243e+02 1.273502125348400377e-02 9.998948532181023419e-01 -6.933259703847805336e-03 -4.129355490887117064e+00 -9.972684580343614824e-01 1.320416292653790041e-02 7.249602266697680042e-02 -5.165904158581344774e+00
8.614850843803507907e-02 5.697116079621381869e-03 9.962278802853292703e-01 1.415397783851230713e+02 1.578589603297706964e-02 9.998502388706206334e-01 -7.082279388018934176e-03 -4.163859476227285583e+00 -9.961191818279897525e-01 1.633805631673524231e-02 8.604565654237666950e-02 -5.081385556463444253e+00
1.003089298456711076e-01 7.132858389510694265e-03 9.949449116071612531e-01 1.423175480453712112e+02 1.454133329568112372e-02 9.998570046155884627e-01 -8.633744978346548360e-03 -4.185349830779345304e+00 -9.948643136442251178e-01 1.533285146600180809e-02 1.001908544720176986e-01 -4.992043434383361067e+00
1.142854658710197313e-01 7.211340867870797908e-03 9.933932128120880334e-01 1.431534303828094892e+02 1.827008309458203264e-02 9.997891846175629427e-01 -9.356252641754287530e-03 -4.209780924460558182e+00 -9.932513796570733300e-01 1.922197308739795676e-02 1.141297041552390423e-01 -4.889870605821685423e+00
1.269805358173594356e-01 8.082899933850360916e-03 9.918436148192127932e-01 1.438451717833997066e+02 2.194114992833804192e-02 9.996991897713436437e-01 -1.095659177379883394e-02 -4.223901324142953939e+00 -9.916339248670157369e-01 2.315492483864364445e-02 1.267650503502846804e-01 -4.795287209563549702e+00
1.413809666585236768e-01 1.437578926665272414e-02 9.898114073124943957e-01 1.447399396778606615e+02 1.458193478080037180e-02 9.997558022965649105e-01 -1.659932673370959066e-02 -4.258405580554686765e+00 -9.898083373812049945e-01 1.678210944910587740e-02 1.411368067084780853e-01 -4.659242635063736593e+00
1.532153333732142186e-01 2.418922636952399244e-02 9.878054143708527857e-01 1.453558868688330676e+02 1.142417726119575490e-02 9.995901968147974381e-01 -2.624618569642942281e-02 -4.284089295273201259e+00 -9.880354188725921638e-01 1.531189170665105820e-02 1.528761156821972500e-01 -4.538697161002751557e+00
1.672148200724795364e-01 3.360223190604041260e-02 9.853451486966353645e-01 1.461454756790359397e+02 3.741891155181859777e-03 9.993901374888071176e-01 -3.471176889956889555e-02 -4.318737762012455406e+00 -9.859108158516652898e-01 9.488555001718785784e-03 1.669870847656406976e-01 -4.379694300447005695e+00
