1.000000000000000000e+00 -3.306050084167601550e-19 -2.270457535318767223e-19 -8.673617379884035472e-19 7.546676715296109287e-19 1.000000000000000000e+00 6.237773588823049983e-19 1.387778780781445676e-17 -3.447385680526250622e-20 4.770700176052009879e-20 1.000000000000000222e+00 5.551115123125782702e-17
9.992722670311765532e-01 7.249540580835307432e-03 3.743656220102385690e-02 -3.065459434595991350e+00 -7.416287562888907933e-03 9.999632009021993673e-01 4.316280735393357784e-03 -4.952806270867091132e-02 -3.740389854774344575e-02 -4.590863476821393716e-03 9.992892575037886083e-01 1.877761937967618255e+00
9.941078104715013186e-01 9.917400678099848668e-03 -1.079205669338121759e-01 -5.335123612542817639e+00 -9.437233830051905414e-03 9.999431619140823901e-01 4.958759129799537521e-03 -9.457423379970202049e-02 1.079636222308879151e-01 -3.910742804027815718e-03 9.941449237630982649e-01 3.849220794204162743e+00
9.924309863991837011e-01 9.239499898815383208e-03 -1.224609624812169340e-01 -7.253745740821141652e+00 -8.931303929785394322e-03 9.999554229583663689e-01 3.065586991352452738e-03 -9.702171117188143623e-02 1.224838365448157884e-01 -1.948440372686595845e-03 9.924693021025636774e-01 5.501351121874266781e+00
9.978539653771949514e-01 1.362446946976589128e-02 -6.403172356292353984e-02 -8.842035523940840136e+00 -1.316221950651042319e-02 9.998842784574778486e-01 7.634350313040568978e-03 -8.747657224855202862e-02 6.412830727522693397e-02 -6.775073475050926927e-03 9.979178292587417287e-01 6.386096929823648516e+00
9.975192101400859324e-01 7.686377762617800820e-03 -6.996153968529049416e-02 -9.585030902370743178e+00 -7.096793392877795079e-03 9.999372545033835546e-01 8.670027802784138066e-03 -1.303029560485201022e-01 7.002380882806752416e-02 -8.151995756130715753e-03 9.975112344074338333e-01 7.113008792328405328e+00
9.993621571751905019e-01 6.720820284368987305e-03 -3.507370972893820993e-02 -9.575791153061899763e+00 -6.324415591941353471e-03 9.999150944678268926e-01 1.140316645646875793e-02 -9.198873220005900075e-02 3.514735696801942616e-02 -1.117406951420051205e-02 9.993197742282597940e-01 7.297304363999478127e+00
9.998663692650504586e-01 6.810432921181852096e-03 1.486558178211280778e-02 -9.464847988907811427e+00 -7.017634245866110482e-03 9.998783530848467382e-01 1.393032416313272868e-02 -1.258896619744153678e-01 -1.476890473054945190e-02 -1.403278858818556019e-02 9.997925071880670034e-01 7.472870963601840444e+00
9.979127545703366797e-01 7.811659889323099848e-03 6.411391909056127214e-02 -9.496482193228084512e+00 -8.746388902641663576e-03 9.998592945220483585e-01 1.431481546692215528e-02 -8.625129795048336323e-02 -6.399312041817073471e-02 -1.484556185290506793e-02 9.978405722149883417e-01 7.743337011751427745e+00
9.934282093684427828e-01 5.769774574129272852e-03 1.143354020784024400e-01 -9.346972016464148325e+00 -8.320434231997226801e-03 9.997266741376042987e-01 2.184960865120211260e-02 -1.124141180474893392e-01 -1.141780873958593290e-01 -2.265713877408396387e-02 9.932047127463947689e-01 7.968580712321346127e+00
9.861886168458577906e-01 -1.890224029774335152e-03 1.655725800207849263e-01 -9.313503009735473626e+00 -2.940382205465404304e-03 9.995774863291161383e-01 2.891948860971859867e-02 -9.667605731134776281e-02 -1.655572314411364043e-01 -2.900715269027221571e-02 9.857663012477863029e-01 8.236504945496246677e+00
9.755516280367250159e-01 -8.342458131489368517e-03 2.196315453862950906e-01 -9.150937731014447962e+00 8.975696329145462643e-04 9.994221615682016280e-01 3.398478307638053142e-02 -1.099566388089810581e-01 -2.197881236840436847e-01 -3.295696014494425841e-02 9.749954424774407435e-01 8.498283729548347765e+00
9.616562113295387126e-01 -8.953862149765541914e-03 2.740687741160471869e-01 -9.033887321071828680e+00 -1.348753861850000065e-03 9.993004650902911346e-01 3.737067724348529241e-02 -9.662275021071284331e-02 -2.742117782342239352e-01 -3.630660589755289186e-02 9.609714313186654699e-01 8.762894105620457452e+00
9.440717027986234022e-01 -1.004175184591224630e-02 3.294982036003448744e-01 -8.882705081861576701e+00 -3.879183921925101822e-03 9.991288274139454861e-01 4.156622149797584154e-02 -8.113677489062151582e-02 -3.296283579535665975e-01 -4.052075775188674484e-02 9.432103617971664411e-01 9.013323505989408346e+00
9.233155520095744917e-01 -1.520458098648719107e-02 3.836808411567848576e-01 -8.708075892239238058e+00 -2.523909407916378154e-03 9.989542256466472647e-01 4.564692032546738276e-02 -7.278797435289759143e-02 -3.839736609397993439e-01 -4.311465522674370193e-02 9.223115879291055030e-01 9.294932942139677579e+00
8.973557942924206277e-01 -2.139407550299189317e-02 4.408097615211553078e-01 -8.514813986517514977e+00 -2.269928978016064127e-04 9.988017656833126923e-01 4.894603666636971467e-02 -6.596964507067590300e-02 -4.413284794397964728e-01 -4.402438620255412494e-02 8.962757018956047927e-01 9.542611112612810587e+00
8.695779175716884524e-01 -2.538503823740173929e-02 4.932069313053282777e-01 -8.308797356631506759e+00 3.227149216095616564e-04 9.987066998988358701e-01 5.083718961172161571e-02 -5.182989463209641823e-02 -4.938600135528070090e-01 -4.404491730754676870e-02 8.684615745079304894e-01 9.812444074846917275e+00
8.395987030064506751e-01 -2.847270777702564856e-02 5.424259626221960007e-01 -8.058978913001546118e+00 6.383859395211302678e-04 9.986764253179375439e-01 5.143874577542483645e-02 -3.631007868218434631e-02 -5.431724302593902154e-01 -4.284285422809341881e-02 8.385056319638505284e-01 1.008627844529282136e+01
8.069899991465231404e-01 -3.105728700473250545e-02 5.897820500437604974e-01 -7.813050495177244592e+00 -4.465873298378427602e-05 9.986129433549502110e-01 5.264810813944854201e-02 -2.197889805228193938e-02 -5.905996352030700169e-01 -4.250874712351261631e-02 8.058694257388833160e-01 1.035084688981464218e+01
7.722194201747968334e-01 -3.173278033555601563e-02 6.344421006608511604e-01 -7.518893963839589745e+00 -3.697744027161231368e-03 9.985106461860302485e-01 5.442568093363488180e-02 2.034868427618866105e-03 -6.352242473738797246e-01 -4.437512612125952410e-02 7.709519385677618963e-01 1.063089373199085941e+01
7.374113628397956921e-01 -3.287800451417514230e-02 6.746495427527062771e-01 -7.220848643507769005e+00 -6.462793001595091777e-03 9.984254537240171423e-01 5.572240395992585776e-02 1.749437538911156886e-02 -6.754192809342756121e-01 -4.545144770865892220e-02 7.360378377292476904e-01 1.091939952127947855e+01
7.044588057495656530e-01 -3.434492785010653804e-02 7.089617057527793920e-01 -6.897010816203025918e+00 -8.311791699619604235e-03 9.983608659506619798e-01 5.660868452327642852e-02 3.805424701552466427e-02 -7.097442316157772657e-01 -4.577003124128701389e-02 7.030185198090193044e-01 1.119576760647755265e+01
6.701677594858717057e-01 -3.653912631026687979e-02 7.412580687222164455e-01 -6.525131275451363955e+00 -9.538349158343815276e-03 9.982807635699618709e-01 5.784171584106588548e-02 5.163301768034665729e-02 -7.420973350765323051e-01 -4.583125571126826087e-02 6.686673011667312316e-01 1.147054302850616203e+01
6.377812701059653033e-01 -3.605607368203962021e-02 7.693992344207419842e-01 -6.152132126654771049e+00 -1.263229380221379122e-02 9.982796334948531580e-01 5.724772515148177088e-02 8.001321449187831503e-02 -7.701402516554344269e-01 -4.622713542679753734e-02 6.362287301500972880e-01 1.175679995487388751e+01
6.060582173435533626e-01 -3.555531050871779675e-02 7.946490883431245322e-01 -5.735829395610793746e+00 -1.410033844461881618e-02 9.983632640019045601e-01 5.542798651985306885e-02 1.015514833777079740e-01 -7.953191287874468163e-01 -4.479928965714549682e-02 6.045649798171093270e-01 1.204142839291491285e+01
5.761703444033267063e-01 -3.563400905786046763e-02 8.165277880412171729e-01 -5.285719360774540299e+00 -1.219636279954784686e-02 9.985630213372255204e-01 5.218191866849530153e-02 1.309759657739246463e-01 -8.172143464760949216e-01 -4.001888213298322033e-02 5.749077904560423447e-01 1.233443210681142155e+01
5.498333132196789874e-01 -3.477540460424322771e-02 8.345014028183534993e-01 -4.807074538009614706e+00 -1.032057803597935704e-02 9.987737441711065367e-01 4.841750497886496835e-02 1.515758299678056087e-01 -8.351618343807546418e-01 -3.523373898147020428e-02 5.488002836126325557e-01 1.260825362563187824e+01
5.260403444980439325e-01 -3.358349939423590363e-02 8.498438187090577856e-01 -4.310453816390702464e+00 -9.788704131531253405e-03 9.989146449221103508e-01 4.553209652979559735e-02 1.780704799244148817e-01 -8.504511050843276410e-01 -3.226269344906664005e-02 5.251407475602840602e-01 1.289749247837518631e+01
5.083829045972495519e-01 -3.413793515509289112e-02 8.606480924567757596e-01 -3.782401007570637130e+00 -8.195654091009510825e-03 9.989768608077416179e-01 4.446361704790060404e-02 2.044327061236042575e-01 -8.612857838804077737e-01 -2.965433254206658459e-02 5.075828210169753829e-01 1.320517834891314557e+01
4.948019130584802028e-01 -3.512660816567061972e-02 8.682898619668681928e-01 -3.235990766486195991e+00 -7.569473749747328631e-03 9.989705709498295505e-01 4.472930453949534868e-02 2.308985228788552613e-01 -8.689674196408907481e-01 -2.870175108379171072e-02 4.940266836247471094e-01 1.350363004602006534e+01
4.837475672504876201e-01 -3.700822773783096070e-02 8.744154902264203999e-01 -2.669224268415312018e+00 -6.665349793878863789e-03 9.989209339646429875e-01 4.596585598944578216e-02 2.508344731149523277e-01 -8.751726377210867769e-01 -2.807187712776574792e-02 4.829786597917971047e-01 1.381705775218454590e+01
4.735831218978240331e-01 -3.827659608414220316e-02 8.798594538577487745e-01 -2.067176831834268924e+00 -7.492459436742379165e-03 9.988438449031044053e-01 4.748671392156240956e-02 2.777797211109952480e-01 -8.806598980180122549e-01 -2.907754890005441115e-02 4.727489491555689760e-01 1.412953222767444572e+01
4.638069825689774550e-01 -3.916757341812639875e-02 8.851786457060679680e-01 -1.445816300805598420e+00 -8.977232505124907100e-03 9.987633025662655539e-01 4.888586070913868847e-02 3.129656491672868635e-01 -8.859988693139672078e-01 -3.062184153076880078e-02 4.628814703884388537e-01 1.445829212456195378e+01
4.537049753735104551e-01 -4.149596873067535469e-02 8.900496447014339951e-01 -7.941496227770188376e-01 -9.660919928249434366e-03 9.986274115289063280e-01 5.147293143931307852e-02 3.400883182863073118e-01 -8.909640509027343391e-01 -3.195033384513114305e-02 4.526814127649416708e-01 1.479233172566106980e+01
4.442865416654873112e-01 -4.268529860714510848e-02 8.948584502454121070e-01 -1.243115113894507906e-01 -1.136917597690196083e-02 9.985150248936306427e-01 5.327776017036495171e-02 3.710915062492008976e-01 -8.958043461518523376e-01 -3.383628287604345530e-02 4.431416972100319374e-01 1.512380439407619726e+01
4.344969999855624043e-01 -4.519601853950724890e-02 8.996098800893524983e-01 5.560564616143497396e-01 -1.140675750298895431e-02 9.983837934770583011e-01 5.567543545905752345e-02 4.064638805801518151e-01 -9.006727309963656891e-01 -3.444575808733627703e-02 4.332794502869979913e-01 1.545872768492624516e+01
4.246429407323616401e-01 -4.639807252402172039e-02 9.039861986900010749e-01 1.276017580969012410e+00 -1.172432110520607064e-02 9.983203715197859207e-01 5.675309980620250189e-02 4.361637892790267701e-01 -9.050999896376908938e-01 -3.471013274800155424e-02 4.233856886786387386e-01 1.579883462936136418e+01
4.167999376189878702e-01 -4.870552303790404852e-02 9.077696041407674610e-01 2.001901730946356039e+00 -1.287193141184516179e-02 9.981469808191354431e-01 5.946998731018336704e-02 4.769830092435629054e-01 -9.089845126007713993e-01 -3.646381151418311845e-02 4.154008877771630526e-01 1.613747734269065504e+01
4.051909773009167437e-01 -5.206817914869982244e-02 9.129313835097427887e-01 2.735618707229152236e+00 -1.432352482291287914e-02 9.978928221238865248e-01 6.326953271999467832e-02 5.168677267261831965e-01 -9.143030569412768926e-01 -3.870292142154169168e-02 4.035913366645219602e-01 1.645722711850462971e+01
3.934614243088637164e-01 -5.589602454172881013e-02 9.176615350892309841e-01 3.484003315650425314e+00 -1.614690778707612850e-02 9.975762589359827848e-01 6.768207239537525621e-02 5.552482583130122773e-01 -9.192193614389631007e-01 -4.146293331035139779e-02 3.916046514547844026e-01 1.679508687252361909e+01
3.816248716371786198e-01 -5.903034291179708182e-02 9.223878548113237930e-01 4.244470981161168943e+00 -1.584965430169481271e-02 9.973939810216436719e-01 7.037031162139882612e-02 5.961919259564738560e-01 -9.241390015470667407e-01 -4.146363438891489950e-02 3.796947801632146180e-01 1.710794817151442615e+01
3.670227114990154971e-01 -5.922271824559232484e-02 9.281610465051574055e-01 5.012445939787879112e+00 -1.729984187798095166e-02 9.973643805111235272e-01 7.047719731620651074e-02 6.328887015936354166e-01 -9.298866493422395241e-01 -4.194390118916330179e-02 3.650305002769246854e-01 1.740653535472789670e+01
3.533715162437886526e-01 -5.901931042197750693e-02 9.335496364247556356e-01 5.792133311692365893e+00 -1.862196496425594372e-02 9.973663489477749833e-01 7.009312455193597580e-02 6.809110977738026538e-01 -9.352277486544857688e-01 -4.215325346739020457e-02 3.513417885483657299e-01 1.770788597393408637e+01
3.379354585629336105e-01 -5.817758344135593590e-02 9.392238092514874070e-01 6.576532988813404756e+00 -1.916254521097102495e-02 9.974557953596918658e-01 6.868028202697554208e-02 7.160152232748620005e-01 -9.408278476266354051e-01 -4.123181956233500783e-02 3.359605067032139791e-01 1.798597435268117906e+01
3.178385828848253047e-01 -5.706791539731662088e-02 9.464974172136227937e-01 7.365563174726979412e+00 -2.115435398135822112e-02 9.975116360188647224e-01 6.723809398029252649e-02 7.581956664495461684e-01 -9.479807572287787254e-01 -4.137550330679561073e-02 3.158405281189389235e-01 1.825500158767346903e+01
2.945908129879377668e-01 -5.529038194666305306e-02 9.539676912709840195e-01 8.162671509149824089e+00 -2.545596353517730337e-02 9.975162868904603464e-01 6.568996895232358246e-02 7.993485981623126291e-01 -9.552303710435688933e-01 -4.363525754320737859e-02 2.924519235018815388e-01 1.849422476835257712e+01
2.657347337465806314e-01 -5.473363649313073287e-02 9.625562085026291292e-01 8.981665631671054584e+00 -2.901014578614009159e-02 9.974806914092437804e-01 6.471442393579007746e-02 8.392946066059117083e-01 -9.636757280015024740e-01 -4.509028786089581270e-02 2.634776805418075907e-01 1.871347791350545720e+01
2.327660661461205538e-01 -5.426204362618308741e-02 9.710247471900349536e-01 9.813078303856068274e+00 -3.289031287389148489e-02 9.974315227335673884e-01 6.364113030700813134e-02 8.785112330639357481e-01 -9.719856207346226906e-01 -4.672730365873478675e-02 2.303840117863583670e-01 1.890999838161948787e+01
1.996672158455071178e-01 -5.455857983060504596e-02 9.783652056085246906e-01 1.065056536817728983e+01 -3.392183300793377015e-02 9.974653665916111134e-01 6.254132172781176613e-02 9.161605020914954656e-01 -9.792976606160818109e-01 -4.567638346044224085e-02 1.973103334793247510e-01 1.907853050264658279e+01
1.648391828316595753e-01 -5.418986072391422659e-02 9.848722213131233527e-01 1.150112185429651035e+01 -3.500786384005850210e-02 9.975388784668846043e-01 6.074523347553088815e-02 9.465987408961598071e-01 -9.857411366037882594e-01 -4.447768962607277082e-02 1.625364984234026200e-01 1.921475024379677876e+01
1.330719347000706709e-01 -5.263196381048099864e-02 9.897023196171431669e-01 1.235075474858508748e+01 -3.698857515214791503e-02 9.976294201365581982e-01 5.803924029898199777e-02 9.738477400946099483e-01 -9.904113831613741148e-01 -4.432321761234742086e-02 1.308098219879410551e-01 1.932638676746702089e+01
1.007441142870343920e-01 -4.866178949221297567e-02 9.937432413513880292e-01 1.320925874905744557e+01 -3.957116939281227902e-02 9.978169594817773991e-01 5.285351287046299168e-02 1.013732429478261032e+00 -9.941454567653689178e-01 -4.465777459124960214e-02 9.859839535884333539e-02 1.940314303817788044e+01
6.861669314404815478e-02 -4.599783433796903603e-02 9.966168054359156869e-01 1.406804620580437515e+01 -3.686642169135263825e-02 9.981373038018839239e-01 4.859028929587372314e-02 1.037280276741085361e+00 -9.969966451828791154e-01 -4.005236424245003229e-02 6.679316010324719277e-02 1.945380511880471985e+01
3.673856389116720439e-02 -4.209626490811993471e-02 9.984435043423933731e-01 1.491844357307009794e+01 -3.132069046963843056e-02 9.985728231506876273e-01 4.326047505429689299e-02 1.057754248834450683e+00 -9.988408665533824449e-01 -3.283644705571734518e-02 3.536778583164230938e-02 1.946679283572783703e+01
4.368568182276907734e-03 -3.702899403471833495e-02 9.993064072887830607e-01 1.579033064171118461e+01 -2.529344348847049548e-02 9.989903642379392990e-01 3.711706020372657067e-02 1.073395114697231145e+00 -9.996719989537891093e-01 -2.543758976663461693e-02 3.427532758959044544e-03 1.945973973575769733e+01
-2.303391119219112826e-02 -3.251544380593372058e-02 9.992027973376226280e-01 1.664496405979495464e+01 -1.914761814596979347e-02 9.993019571352238506e-01 3.207259255396047865e-02 1.089243566812080122e+00 -9.995484067915129112e-01 -1.839268086696239923e-02 -2.364050444568288958e-02 1.942349770850869106e+01
-5.283237723753776705e-02 -2.836517774085984753e-02 9.982211332873112131e-01 1.750315044335783909e+01 -1.071101182189315715e-02 9.995552134545780953e-01 2.783461180267448806e-02 1.097667732494641557e+00 -9.985664791531172479e-01 -9.236762729797442020e-03 -5.311277600204396265e-02 1.936447375080722466e+01
-8.139184532930293647e-02 -1.979303024415925150e-02 9.964845836712238336e-01 1.836601002173706476e+01 -4.770782308552954341e-03 9.997989963279664272e-01 1.948145543544061928e-02 1.092888760111111912e+00 -9.966699715660444214e-01 -3.169277928925326709e-03 -8.146984268720099120e-02 1.927721102370658457e+01
-1.054123209334181660e-01 -5.332641698391175564e-03 9.943879574177170166e-01 1.920932559202850598e+01 2.190501466398169189e-04 9.999853790105444062e-01 5.386938552526606902e-03 1.086054990479148996e+00 -9.944025039454714721e-01 7.927096119187717867e-04 -1.054096623146825867e-01 1.917927000472290544e+01
-1.312944264662249672e-01 1.318593262096617175e-02 9.913450434995980665e-01 2.003861202382496387e+01 1.413274280512241210e-03 9.999131370061625779e-01 -1.310324071354620687e-02 1.063052521370568826e+00 -9.914317087513059290e-01 -3.123078580729161100e-04 -1.313017444831137692e-01 1.906224271334591336e+01
-1.581212171105527420e-01 2.978491274198311056e-02 9.868833076344361022e-01 2.085962539582678943e+01 1.025804168398860563e-03 9.995490624207589159e-01 -2.999789404947701341e-02 1.040861385355591251e+00 -9.873325080755286365e-01 -3.748936176806941939e-03 -1.580803220977732293e-01 1.892569802438582371e+01
-1.816051343663621642e-01 4.093737485623316630e-02 9.826295705745713427e-01 2.169933827655605896e+01 4.996111032091766872e-03 9.991589272315987147e-01 -4.070653507356834094e-02 9.963472501570086459e-01 -9.834693090626892564e-01 -2.469257685049466248e-03 -1.816572442364295104e-01 1.876590803300069510e+01
-2.078229677435169953e-01 4.448229404576528601e-02 9.770430360899061695e-01 2.252744246534825123e+01 8.500823833232303700e-03 9.990093505184379774e-01 -4.366914155094656774e-02 9.407839751371878112e-01 -9.780188564758210967e-01 -7.953940800399889001e-04 -2.079948687597232004e-01 1.859633506648338397e+01
-2.306440646223639479e-01 4.275229273942061925e-02 9.719695977082738469e-01 2.335522501950717356e+01 1.120879413664031127e-02 9.990844983946900459e-01 -4.128636480512291179e-02 8.956321815483840876e-01 -9.728451156194042326e-01 1.366967493799268367e-03 -2.309119487125878001e-01 1.839881920337466781e+01
-2.549032809958389767e-01 3.822530752697894663e-02 9.661477388174047887e-01 2.417424678306523589e+01 1.524350480792984776e-02 9.992529531090069694e-01 -3.552219067051864965e-02 8.473063543803261988e-01 -9.667835484791318379e-01 5.685728408118690021e-03 -2.552955882890103334e-01 1.818042431046772478e+01
-2.750748869542260500e-01 3.499231142755606511e-02 9.609195151834359905e-01 2.498273369647469977e+01 2.169682099266763767e-02 9.993089133057025952e-01 -3.017883691489008785e-02 7.978011179338609926e-01 -9.613114947316434566e-01 1.254574793321471156e-02 -2.756440159468896423e-01 1.794949549518796772e+01
-2.894013114657393859e-01 3.521794667695448550e-02 9.564006218588906316e-01 2.578139425717293420e+01 2.555343145940228156e-02 9.992510329647943390e-01 -2.905081533625742535e-02 7.467016496376893686e-01 -9.567077201666457364e-01 1.602430344767221543e-02 -2.900845769124919538e-01 1.770220051268258032e+01
-2.995213694764093937e-01 3.819050311904714778e-02 9.533107472174293662e-01 2.656794948037029158e+01 2.896037038621076393e-02 9.991018934821687125e-01 -3.094944809464410945e-02 7.089188179214201968e-01 -9.536368372953910599e-01 1.833281715220074284e-02 -3.003582990549689691e-01 1.744504246742041076e+01
-3.120053498799188474e-01 4.068774810700667016e-02 9.492309159994588574e-01 2.733775956413427366e+01 2.996355676678852387e-02 9.990068577136308470e-01 -3.298630935024298577e-02 6.581713957502858259e-01 -9.496305885545923697e-01 1.814561460605364218e-02 -3.129145615847037099e-01 1.720269882419526652e+01
-3.224238540810716036e-01 4.128559726649124600e-02 9.457592949737260168e-01 2.811277088146421477e+01 2.404124287873177224e-02 9.990832502549314986e-01 -3.543328750994761966e-02 6.191628577040582115e-01 -9.463550428241566115e-01 1.131907231532287318e-02 -3.231207339786542621e-01 1.694584316762286136e+01
-3.357029763166552438e-01 3.936502662854601819e-02 9.413839795020101375e-01 2.888068482078866950e+01 2.256091645795686718e-02 9.991759643714746009e-01 -3.374299330166547622e-02 5.800501687186336852e-01 -9.419361343092986782e-01 9.923347390944775581e-03 -3.363146263814642545e-01 1.668446520242288500e+01
-3.436782476589643198e-01 4.128702616322194735e-02 9.381724815251188954e-01 2.965542519691117462e+01 2.486839764993369409e-02 9.990828204375210575e-01 -3.486032268103733678e-02 5.366090741615356929e-01 -9.387514241185872521e-01 1.134752878261190666e-02 -3.443897417124249793e-01 1.639507937190870379e+01
-3.523290802526123922e-01 4.298528157993597443e-02 9.346546647565689980e-01 3.042845118572689955e+01 2.793180115471098623e-02 9.989825044328672909e-01 -3.539948730238858671e-02 4.909847306703075120e-01 -9.352257779766270929e-01 1.362254784754423319e-02 -3.531711801655148530e-01 1.609793477965096642e+01
-3.576525572949968423e-01 4.699322953684082621e-02 9.327531712592261881e-01 3.121057275627379113e+01 2.941603994938625857e-02 9.988046019290932609e-01 -3.903708922583010860e-02 4.517261387119739791e-01 -9.334722970200106662e-01 1.349210189399535804e-02 -3.586075211565420418e-01 1.579641484990135147e+01
-3.547253453464844219e-01 4.855689451744993335e-02 9.338523472571961248e-01 3.201540401977495520e+01 2.795617539003709268e-02 9.987550262989741690e-01 -4.131184703604202924e-02 4.120216108374459840e-01 -9.346956193265507640e-01 1.145869176084545089e-02 -3.556413094848993039e-01 1.549575115689354377e+01
-3.523113303422898412e-01 4.839520867778257518e-02 9.345866893939877018e-01 3.282771515266792051e+01 3.103690088566427377e-02 9.987168109426525220e-01 -4.002357215469196094e-02 3.633354802354391011e-01 -9.353245956696008001e-01 1.490540795903388602e-02 -3.533612413177545375e-01 1.519521152514331952e+01
-3.473126878315224153e-01 4.680193489792103256e-02 9.368159629079945150e-01 3.365632513281454408e+01 2.874361403915828492e-02 9.988159723939625811e-01 -3.925211092821938308e-02 3.180935717200120139e-01 -9.375437461711418896e-01 1.330535009975998204e-02 -3.482467430718852452e-01 1.489895593433056220e+01
-3.377337707170707803e-01 4.587101683451384748e-02 9.398741260857725877e-01 3.451715405471358622e+01 2.622797235729324924e-02 9.988824081902397678e-01 -3.931384414250044951e-02 2.728309082315264478e-01 -9.406277476677957772e-01 1.135907975239173508e-02 -3.385593294497161732e-01 1.459974233975079727e+01
-3.284333351337196394e-01 4.576928677705690424e-02 9.434499369759182796e-01 3.538686762846693767e+01 2.414215453285736834e-02 9.989058276213093057e-01 -4.004576011772587041e-02 2.280535947028717314e-01 -9.442509142720929560e-01 9.618137420823579670e-03 -3.291790085150401723e-01 1.431193421208236494e+01
-3.232406553944530136e-01 4.434967109453304829e-02 9.452681549569014186e-01 3.627071902097073774e+01 2.129498161107244367e-02 9.989892278017459271e-01 -3.958304102659350454e-02 1.760229884887162810e-01 -9.460682635241376426e-01 7.338949757041914393e-03 -3.238584256749625911e-01 1.401734604206194490e+01
-3.183209609204259993e-01 4.266421226997563904e-02 9.471200896808062986e-01 3.718828826421447076e+01 1.783415028028527416e-02 9.990799187319676644e-01 -3.900622400343482093e-02 1.285133433515943946e-01 -9.479124476450502268e-01 4.484953840584315551e-03 -3.187890696012449787e-01 1.372333375383720266e+01
-3.161783826972382472e-01 4.060652274047771293e-02 9.479346018852475853e-01 3.809828774511894522e+01 1.278918559565798627e-02 9.991751961229977663e-01 -3.854394217969581149e-02 8.499840845158855573e-02 -9.487179834456158645e-01 -6.331848296907705020e-05 -3.164369205329219947e-01 1.343538766231868209e+01
-3.155914446428799147e-01 3.883389581447823508e-02 9.480936190580042666e-01 3.904905215023260467e+01 9.326022169429354011e-03 9.992410211400318820e-01 -3.781954888986939489e-02 3.409346236578439382e-02 -9.488425564400203571e-01 -3.092775472082112415e-03 -3.157141872168326424e-01 1.313947113150807233e+01
-3.169552042852994966e-01 3.711251107478471395e-02 9.477272749316714151e-01 4.000136793170953808e+01 8.212371902041918151e-03 9.993040887349088353e-01 -3.639425135850936355e-02 -1.483719213270477677e-02 -9.484181782078682232e-01 -3.749383043146758097e-03 -3.170393777948699032e-01 1.283781261620262804e+01
-3.185426521893080509e-01 3.735106319162284638e-02 9.472694464994481089e-01 4.095813940312049795e+01 8.814211750261842851e-03 9.992971265623977750e-01 -3.643732595465545843e-02 -7.146783068286954865e-02 -9.479645886731358218e-01 -3.253900221129975984e-03 -3.186479723169678979e-01 1.253232117245864607e+01
-3.185568202062991627e-01 3.581344257820891913e-02 9.474494853706969533e-01 4.194063667341826118e+01 7.547994353103198301e-03 9.993505286966014589e-01 -3.523253241865179075e-02 -1.185619789515298811e-01 -9.480961852957815461e-01 -4.070603591704100542e-03 -3.186204194297097003e-01 1.220040572792386158e+01
-3.162585376490643085e-01 3.482868745693529916e-02 9.479610036965083752e-01 4.293205497726196285e+01 7.356508251422073583e-03 9.993857889846099463e-01 -3.426679513181880854e-02 -1.672128824266291836e-01 -9.485722290176972216e-01 -3.861889498902803912e-03 -3.163203567947588390e-01 1.187970577292955099e+01
-3.169240553599320109e-01 3.458486896683398565e-02 9.476402383384444628e-01 4.392857583277370281e+01 7.595644540350962245e-03 9.993955360758931539e-01 -3.392952428182718222e-02 -2.208503382706027418e-01 -9.482407254623056447e-01 -3.554009910752290759e-03 -3.169951108581730015e-01 1.155385185264808001e+01
-3.169821865331943211e-01 3.373274482936593210e-02 9.478146881755843411e-01 4.494437362739708419e+01 5.558505614206630044e-03 9.994160602503205926e-01 -3.372006573573847754e-02 -2.740218530599760061e-01 -9.483988355770649470e-01 -5.420189385943323911e-03 -3.169843259494870003e-01 1.123725946450836233e+01
-3.169795052499654320e-01 3.288483507680618756e-02 9.476835127543837833e-01 4.592930253282176523e+01 5.145691981635580961e-03 9.994434117116536287e-01 -3.295910444832501202e-02 -3.255903261230722601e-01 -9.482402093907589258e-01 -5.583072888256154082e-03 -3.169721586055480600e-01 1.092965735090355928e+01
-3.170274501836251591e-01 3.224034019401882806e-02 9.477560288156112733e-01 4.693022153508868399e+01 3.498759442075961498e-03 9.994549868362954115e-01 -3.283205955190886954e-02 -3.865762528396722852e-01 -9.482980122710950033e-01 -7.087142211571325831e-03 -3.169674388629057926e-01 1.062766067142714022e+01
-3.149817655551978013e-01 3.070396129957495696e-02 9.487078371733537185e-01 4.791490547670580469e+01 2.780352194601611125e-03 9.995025882262861261e-01 -3.141565928265244861e-02 -4.400201330718765957e-01 -9.492002189655101008e-01 -7.247590551889477629e-03 -3.149108110934821791e-01 1.028678555894040514e+01
-3.132891327903815082e-01 2.754239471639087153e-02 9.490160377757835830e-01 4.891173910324305751e+01 3.558964752809477914e-03 9.996060285937720113e-01 -2.784527082852461186e-02 -4.933761839280783046e-01 -9.494092958814307481e-01 -5.348555054309652758e-03 -3.132634940947875424e-01 9.991846678508933266e+00
-3.112051928903324383e-01 2.596136022295291237e-02 9.501073678484033280e-01 4.991168078259395458e+01 4.108675368724626353e-03 9.996543762631833197e-01 -2.596649993641668430e-02 -5.338147172135988550e-01 -9.504532577036877150e-01 -4.178263375646184934e-03 -3.112043234389976210e-01 9.665707596963130754e+00
-3.082547382080618736e-01 2.589645906813490064e-02 9.511693147975451845e-01 5.091649855504419975e+01 3.875812777898422507e-03 9.996553081976374822e-01 -2.596535771369051782e-02 -5.870634456916846711e-01 -9.515139984611350465e-01 -4.314878165462264839e-03 -3.082489493631259680e-01 9.347758638396568287e+00
-3.039374953499068277e-01 2.511804641033923285e-02 9.524076860552845858e-01 5.190912150611191578e+01 3.695807460021902687e-03 9.996759474007052004e-01 -2.517244983420431972e-02 -6.369863400888943206e-01 -9.527316710836333247e-01 -4.141717721257475240e-03 -3.039318197704485303e-01 9.044199965160087729e+00
-3.023339881548240959e-01 2.527723359513298074e-02 9.526910698002551969e-01 5.289977525507848100e+01 4.032506097579305684e-03 9.996732122039119206e-01 -2.523780809212092593e-02 -6.872899887723326051e-01 -9.530178096257384546e-01 -3.790691936924940955e-03 -3.023370675530397400e-01 8.737670506965198314e+00
-3.053333874115306545e-01 2.693280572565634468e-02 9.517457944139150472e-01 5.387063393222851460e+01 3.435230504091449626e-03 9.996243539711338055e-01 -2.718336914903331583e-02 -7.283783126130862762e-01 -9.521208625821186988e-01 -5.044967993940862802e-03 -3.053111441623712063e-01 8.440517200659330754e+00
-3.060943046938970902e-01 2.904530347704402382e-02 9.515234815020257031e-01 5.485714618697041800e+01 2.209650667584935751e-03 9.995534549581730488e-01 -2.980460953538475316e-02 -7.781690281690958333e-01 -9.519642705147538519e-01 -7.010539136291284341e-03 -3.060217470622190183e-01 8.113763665128189473e+00
-3.098106382906593015e-01 2.940796818903784055e-02 9.503098644307294007e-01 5.584259085470460349e+01 2.049019847778649217e-04 9.995234977914384533e-01 -3.086459479854875704e-02 -8.401423752025075631e-01 -9.507649575543233311e-01 -9.367108960347633739e-03 -3.096691442622080404e-01 7.787875276578460237e+00
-3.163782907999113103e-01 2.751717633975300087e-02 9.483410906523468409e-01 5.682292605020583665e+01 -2.535667957866190466e-05 9.995790055593642975e-01 -2.901915473265616330e-02 -8.859750847455223344e-01 -9.487401721920772912e-01 -9.187887784949418449e-03 -3.162444509788591707e-01 7.483017537705505262e+00
-3.221512666786589540e-01 2.384365356459910296e-02 9.465056354409906447e-01 5.778959228368012901e+01 2.530200573767125202e-03 9.997010696712756994e-01 -2.431573687799666941e-02 -9.427194749087578485e-01 -9.468024361179585568e-01 -5.445507991260705935e-03 -3.221153554656848716e-01 7.145716161824565482e+00
-3.295184363994103083e-01 2.214920597066577859e-02 9.440145460814229894e-01 5.874377989754317753e+01 -1.913388907310325420e-04 9.997233302610173400e-01 -2.352356211436639269e-02 -9.863976731633906647e-01 -9.442744397904510034e-01 -7.932139837620266060e-03 -3.294230561598094353e-01 6.841609404791042515e+00
-3.338445404174605891e-01 2.331474544775155588e-02 9.423878675557618712e-01 5.970884301651358328e+01 8.449382815993680034e-04 9.997011753167613923e-01 -2.444125109767948320e-02 -1.038117592242164378e+00 -9.426759018007444535e-01 -7.349688466208407871e-03 -3.337644689523402985e-01 6.513049508255610576e+00
-3.398701698293770668e-01 2.665542857515053668e-02 9.402909232027044650e-01 6.065639178606488002e+01 9.402640588935139892e-04 9.996077307639849030e-01 -2.799416842973655867e-02 -1.081922500270910303e+00 -9.406680288559423619e-01 -8.623439419502856168e-03 -3.397620655961677838e-01 6.184315047245482866e+00
-3.436129178222326885e-01 2.797174997983044309e-02 9.386888736195027061e-01 6.159403904894062975e+01 -2.070922193628370875e-04 9.995540916321193903e-01 -2.985804568331111228e-02 -1.130096838255465919e+00 -9.391056658994310080e-01 -1.045982503359447861e-02 -3.434538397969013612e-01 5.857111416857708086e+00
-3.457245660480711691e-01 2.801800046979848607e-02 9.377926357977390825e-01 6.253878971694410183e+01 -1.728233128334713325e-03 9.995333597359098432e-01 -3.051156843570375712e-02 -1.182209805611915909e+00 -9.382096173227419955e-01 -1.216016279863189019e-02 -3.455147060394469505e-01 5.513964196114561567e+00
-3.500514735610882888e-01 2.717168546411631580e-02 9.362912330139022687e-01 6.345373249383730752e+01 -1.406510380684207169e-03 9.995628270487942890e-01 -2.954000405474139709e-02 -1.231120802361003186e+00 -9.366843914676798999e-01 -1.165277934329790425e-02 -3.498601777503249077e-01 5.175186216404507711e+00
-3.537974949004883962e-01 1.984337005433558024e-02 9.351648935065960400e-01 6.438421835676435023e+01 -1.372224268728582097e-04 9.997738470453390036e-01 -2.125830238708847214e-02 -1.275369078200144779e+00 -9.353754795456099558e-01 -7.667079753999494172e-03 -3.537147218481433431e-01 4.835039095015450705e+00
-3.557098093178936993e-01 8.989557051766891571e-03 9.343102984518881771e-01 6.530091757232479210e+01 2.425747077198896963e-05 9.999537412833393590e-01 -9.619214188887482975e-03 -1.317291186957468607e+00 -9.343536545984632014e-01 -3.397900157628834170e-03 -3.556935550733557605e-01 4.476110801477759082e+00
-3.580099181801141284e-01 4.661743399269390430e-03 9.337004783974074407e-01 6.622346139138326748e+01 -6.574942581670644446e-04 9.999860193231038252e-01 -5.240460835541919243e-03 -1.352430944913302069e+00 -9.337119386002814547e-01 -2.497643073802807961e-03 -3.580018410512081917e-01 4.137645481035805872e+00
-3.587262461478400999e-01 1.071611138890064645e-02 9.333989877311879013e-01 6.714188951943783934e+01 -2.975030150900402750e-05 9.999339687973343160e-01 -1.148610532683195032e-02 -1.379441667583492626e+00 -9.334606222849713975e-01 -4.150567241509379307e-03 -3.587022700165899969e-01 3.774569412427208448e+00
-3.617780811918315798e-01 1.664539765866277637e-02 9.322876927301748662e-01 6.803560432799218916e+01 7.305852308712192360e-04 9.998454307316171352e-01 -1.756738374872960501e-02 -1.418288826774080968e+00 -9.324360625607012176e-01 -5.671509430416617203e-03 -3.617343453035642420e-01 3.429526860556900481e+00
-3.616495133739069945e-01 2.059068963764966453e-02 9.320884193395808648e-01 6.894116042407358691e+01 6.911567825124816100e-03 9.997878045942298897e-01 -1.939584762111056307e-02 -1.447940958966048353e+00 -9.322901315778470144e-01 -5.787319842651728096e-04 -3.617151945635235233e-01 3.081783807795147823e+00
-3.615684713941160755e-01 2.023322592434718264e-02 9.323428909437833090e-01 6.984538116136661756e+01 9.767042234753137153e-03 9.997919052112805849e-01 -1.791333780026216696e-02 -1.488013041273774872e+00 -9.325111452401149137e-01 2.638062037669663008e-03 -3.616908732302351326e-01 2.722595545627084057e+00
-3.608646799387513204e-01 1.697766578521101022e-02 9.325474993430853399e-01 7.075478195072972198e+01 9.389911203323898434e-03 9.998497746145577070e-01 -1.456534704363466812e-02 -1.521105201906862714e+00 -9.326546195789261473e-01 3.500574724749874050e-03 -3.609699579570562755e-01 2.372430227769898092e+00
-3.599260375519162669e-01 1.149860029612572582e-02 9.328016292901505357e-01 7.165023484633664452e+01 7.522414316751783493e-03 9.999273283760696795e-01 -9.425970157736190957e-03 -1.552219796186022460e+00 -9.328421982114037947e-01 3.629418541763020003e-03 -3.599864480755114449e-01 2.032902266022825088e+00
-3.585928832595135507e-01 4.399521319616896305e-03 9.336544227936638407e-01 7.255999977281550173e+01 4.509336211393239792e-03 9.999853549337668346e-01 -2.976095170540785269e-03 -1.574826683797634796e+00 -9.336540793449883413e-01 3.144376249823846448e-03 -3.586074732573525936e-01 1.691583974614796482e+00
-3.580587132822322105e-01 -1.491478910553728249e-04 9.337210891572588212e-01 7.345949757892543630e+01 -4.115224698932589548e-03 9.999904586479620994e-01 -1.426001861127164459e-03 -1.600520963243609707e+00 -9.337122411658632659e-01 -4.349551716451292502e-03 -3.580559819494396612e-01 1.373987199964056938e+00
-3.565773849601736600e-01 -4.234509971848738653e-03 9.340102670804347751e-01 7.436063450540801512e+01 -1.197081711698724099e-02 9.999283571740679166e-01 -4.355372002784607005e-05 -1.605236899452859411e+00 -9.339433005874909766e-01 -1.119433111646080635e-02 -3.566024735356869146e-01 1.048942928855529866e+00
-3.544541396887968543e-01 -4.933307066479185495e-03 9.351254892141563912e-01 7.525981929699472062e+01 -8.985036411891998004e-03 9.999577853726903109e-01 1.876865532128769347e-03 -1.631610415765218480e+00 -9.350955664251398014e-01 -7.736927267812281246e-03 -3.544834907308906380e-01 7.159366428692893747e-01
-3.513957835548284225e-01 -2.607569283387559198e-03 9.363651842343988507e-01 7.614989017347990341e+01 -5.385507052863711987e-03 9.999851320029061741e-01 7.584333872906810596e-04 -1.656368960738252127e+00 -9.363535114993396524e-01 -4.778188670664363508e-03 -3.514046427138247664e-01 3.850445491097513884e-01
-3.440264842800314082e-01 9.488305832575162939e-04 9.389627296756899444e-01 7.704755469845520111e+01 -3.620954012015082518e-03 9.999906373727548425e-01 -2.336719741693792443e-03 -1.674723793722955545e+00 -9.389563909145821619e-01 -4.208830187853877629e-03 -3.440199366029315642e-01 4.765507869392639206e-02
-3.365947370818487272e-01 1.820152274851504631e-03 9.417810353292842551e-01 7.794150999222708265e+01 1.697908498071894418e-03 9.999976410861626253e-01 -1.325750155086488245e-03 -1.692653691489988566e+00 -9.417815586512715553e-01 1.150598384059665436e-03 -3.365970740024827323e-01 -2.681434331627088885e-01
-3.278124579865945853e-01 3.109083531519651108e-03 9.448503487783493915e-01 7.882626274159760271e+01 8.372464940529619065e-03 9.999648608345430567e-01 -3.862405811874949284e-04 -1.713894537823512199e+00 -9.448186714527468943e-01 7.781267014851124368e-03 -3.278270392119315702e-01 -5.726959489978652451e-01
-3.159702496159316754e-01 2.262164879864832570e-03 9.485760780320349195e-01 7.973195818957270831e+01 6.601818733518131400e-03 9.999781527481464982e-01 -1.876562523641124840e-04 -1.736445558471237050e+00 -9.485558470129565878e-01 6.205037331683432508e-03 -3.159783087108280486e-01 -8.763053069312105592e-01
-3.058230073703704366e-01 -1.393174025504355200e-03 9.520030785321127453e-01 8.063126656304343953e+01 1.524357676547074061e-03 9.999969101727483878e-01 1.951334573606734258e-03 -1.745870937765135134e+00 -9.520028381782721372e-01 2.047805011384743173e-03 -3.058198397683202230e-01 -1.141900335525531940e+00
-2.926683117247668164e-01 -3.791518679557159474e-03 9.561347796743224770e-01 8.153843989715824137e+01 3.440679779270110986e-03 9.999814899455627959e-01 5.019129761606494662e-03 -1.762410551879114884e+00 -9.561361490013043918e-01 4.761744929380926430e-03 -2.926498335991376543e-01 -1.413957734256539700e+00
-2.795814386496896509e-01 -4.450943468376856137e-03 9.599698048893674507e-01 8.244931740978779544e+01 4.130773017176084250e-03 9.999743206221043401e-01 5.841382067301254845e-03 -1.775414993518766860e+00 -9.599713334895437766e-01 5.606446557838950552e-03 -2.795558563300196697e-01 -1.674666745366213405e+00
-2.681336661096143104e-01 -5.534700828622707812e-03 9.635174293287597225e-01 8.334800033882467574e+01 3.770163334676065493e-03 9.999697626991946864e-01 6.795936433037141552e-03 -1.779891010165654430e+00 -9.635259410865270047e-01 5.448007179650759049e-03 -2.681046884703787159e-01 -1.912403986497261510e+00
-2.542246541646277502e-01 -5.727188187658909489e-03 9.670889024674250711e-01 8.426507139376928990e+01 7.540149462198000689e-03 9.999402791352642872e-01 7.906229635548597118e-03 -1.802572870062392196e+00 -9.670765279650790358e-01 9.302652416749631129e-03 -2.541662522976019245e-01 -2.158378020139959830e+00
-2.405956498389366094e-01 -1.161986333890202864e-03 9.707463884892393313e-01 8.517245514975627430e+01 8.021018063164766371e-03 9.999627350608986109e-01 3.182446971213882553e-03 -1.810762407063626789e+00 -9.707139896894055875e-01 8.550807950530358095e-03 -2.405773468052901376e-01 -2.369318068265038768e+00
-2.283141459728442735e-01 8.476675473372646125e-03 9.735686814657008581e-01 8.606628763106851920e+01 1.147183467297121194e-02 9.999160435123135571e-01 -6.015345737699032136e-03 -1.830247619694150618e+00 -9.735379523821042769e-01 9.791361627389319477e-03 -2.283922255652872102e-01 -2.575660821026017011e+00
-2.146390635956645088e-01 1.276879325216221002e-02 9.767110062993581421e-01 8.696939699500117626e+01 1.046854030767409814e-02 9.998870897538423286e-01 -1.077454429855555229e-02 -1.856721139665026055e+00 -9.767382871740419858e-01 7.913446516147636112e-03 -2.147485612886784190e-01 -2.770553339015429550e+00
-2.032368520287207714e-01 1.003248703826751902e-02 9.791919052003630330e-01 8.787702689257835686e+01 8.433079831309512123e-03 9.999282849930802852e-01 -8.495231846242890655e-03 -1.871920976691558547e+00 -9.792068725888777303e-01 6.534065595674851817e-03 -2.033068988437996549e-01 -2.936776076248373002e+00
-1.903402642369905751e-01 5.699342238081265243e-03 9.817088364513671950e-01 8.878772498355627363e+01 7.720391063842976971e-03 9.999608662860041131e-01 -4.308653963459601992e-03 -1.904159578503095362e+00 -9.816950732915697975e-01 6.759732605935557005e-03 -1.903769206181967766e-01 -3.109328860967715435e+00
-1.805596739210857393e-01 6.938177331213777992e-03 9.835994537589840547e-01 8.969021276574747503e+01 5.112551356009867320e-03 9.999681914725252474e-01 -6.111605845901185025e-03 -1.930534208571036192e+00 -9.836107027193923269e-01 3.922073356715212802e-03 -1.805894786834889854e-01 -3.263586129261186741e+00
-1.728240497617512528e-01 1.183929192045538557e-02 9.850041694576013862e-01 9.060206247604851626e+01 1.606477097771180293e-03 9.999297698459478356e-01 -1.173848689191691295e-02 -1.955699274574481450e+00 -9.850740005523720422e-01 -4.476764549424149995e-04 -1.728309882097305572e-01 -3.400653187813301503e+00
-1.652782265498117242e-01 1.886311830227235808e-02 9.861778174288871046e-01 9.152414633924857412e+01 -5.397628730134293971e-03 9.997850217226128544e-01 -2.002047612319558800e-02 -1.979159983270301959e+00 -9.863433812789048627e-01 -8.626998890231411463e-03 -1.651410017062331648e-01 -3.539816997433264945e+00
-1.626030030325094911e-01 2.162186015834604777e-02 9.865243586666125886e-01 9.244975971319526309e+01 -8.362999891321692969e-03 9.996939062974404822e-01 -2.327744496827905546e-02 -2.017187189307484196e+00 -9.867258051160552323e-01 -1.203587398373477495e-02 -1.623727021045000274e-01 -3.680490184964145595e+00
-1.583767439343641281e-01 2.149255318649735680e-02 9.870748027696001348e-01 9.336520172942991280e+01 -1.088230869414218496e-02 9.996642435661016179e-01 -2.351933171245073478e-02 -2.054446539119183957e+00 -9.872488464804799468e-01 -1.446218481955570574e-02 -1.580896138800130801e-01 -3.807910650156075771e+00
-1.534949025436525005e-01 1.957446452096182898e-02 9.879547034121541893e-01 9.429970045421748637e+01 -1.405275633322997271e-02 9.996594917765589949e-01 -2.199622554345239886e-02 -2.103567201511425289e+00 -9.880488096545688714e-01 -1.724960666983974683e-02 -1.531675955719796201e-01 -3.940317861928758880e+00
-1.478823117572187484e-01 1.753432539459884310e-02 9.888969697203486842e-01 9.523006694405408723e+01 -1.478768967939741823e-02 9.996920886365582293e-01 -1.993158792907005067e-02 -2.136125388183006901e+00 -9.889420384385134710e-01 -1.755807593540833003e-02 -1.475776951084425415e-01 -4.068559984610116587e+00
-1.414819073863229637e-01 1.263245803588095885e-02 9.898846549171967935e-01 9.614013296376141682e+01 -1.222003163552868449e-02 9.998200463183694042e-01 -1.450211155040318466e-02 -2.163705720766250451e+00 -9.898899324327260496e-01 -1.415238732470950299e-02 -1.413021151960462685e-01 -4.197412014665633961e+00
-1.351823962595130602e-01 9.249232784185251049e-03 9.907361007943212838e-01 9.705992166361205875e+01 -1.736842951814742200e-02 9.997807033702252877e-01 -1.170836126164958614e-02 -2.203704679626976581e+00 -9.906272388957629849e-01 -1.878725495101894044e-02 -1.349920363206120466e-01 -4.317864602991900114e+00
-1.297113896867243266e-01 1.012374740455874306e-02 9.915460606410637645e-01 9.797029920113340040e+01 -1.976642404407451953e-02 9.997232061812090231e-01 -1.277830712178843094e-02 -2.218998806584382422e+00 -9.914010793690570811e-01 -2.124854145900234581e-02 -1.294756631779868661e-01 -4.423501748510480169e+00
-1.230456574720521223e-01 1.197277499067263620e-02 9.923410928337501602e-01 9.887807705564195260e+01 -2.882792527764610827e-02 9.994621117311277558e-01 -1.563247658295406281e-02 -2.244547569429941714e+00 -9.919946675871161856e-01 -3.052892202485986070e-02 -1.226344054376262149e-01 -4.512050829098518179e+00
-1.160766594457556811e-01 1.374974178314888537e-02 9.931705433374500291e-01 9.976905474876184599e+01 -2.876602409420364256e-02 9.994386659344810520e-01 -1.719233509666887039e-02 -2.282339806995397069e+00 -9.928494521765852676e-01 -3.054931879016078988e-02 -1.156164371403900354e-01 -4.610352687165105934e+00
-1.090015988255160495e-01 1.755964527464342825e-02 9.938826553685889964e-01 1.006799332030916787e+02 -2.424900060407541788e-02 9.994993375077174669e-01 -2.033021482560324472e-02 -2.319787430822048968e+00 -9.937421158843864344e-01 -2.630552902243887131e-02 -1.085212325681953888e-01 -4.712424295567523735e+00
-1.007707683335849758e-01 1.583791466117357577e-02 9.948230591360082142e-01 1.015858192298721292e+02 -2.583787207882971490e-02 9.994943658433645961e-01 -1.852576526018883188e-02 -2.352956308479646097e+00 -9.946136326576010545e-01 -2.757649921322702369e-02 -1.003106561135430480e-01 -4.786320447815326951e+00
-9.310002434335858112e-02 9.469059132446800212e-03 9.956018653521367945e-01 1.024629536322656094e+02 -2.708231890474648712e-02 9.995602982812042958e-01 -1.204655792276250297e-02 -2.389432685243974674e+00 -9.952785297561582700e-01 -2.809958850910149533e-02 -9.280226744856873156e-02 -4.864019662438983538e+00
-8.685893113739985572e-02 7.020791830256611042e-03 9.962258632413278914e-01 1.034001506848132408e+02 -2.956339695244923280e-02 9.995170324284800012e-01 -9.607855022203147521e-03 -2.422223055682164894e+00 -9.958121917465030393e-01 -3.027726764059682218e-02 -8.660977926911879454e-02 -4.929195526212389211e+00
-7.945266220440599936e-02 1.060259383199892332e-02 9.967886309488548369e-01 1.043098928939255643e+02 -3.126311379776351013e-02 9.994251227408045279e-01 -1.311708917295914371e-02 -2.447155462772046874e+00 -9.963547411917437202e-01 -3.220393972542411748e-02 -7.907560077134560828e-02 -4.990230693912545590e+00
-7.321418631201774552e-02 1.285530229507154953e-02 9.972454667775692005e-01 1.051724503357212797e+02 -3.011092175392022716e-02 9.994325422589896979e-01 -1.509170093374198433e-02 -2.477522491361999535e+00 -9.968737828250112676e-01 -3.113669568489072989e-02 -7.278556650204849598e-02 -5.051709770631328311e+00
-6.510542169153639425e-02 1.264910513483304827e-02 9.978051833408377869e-01 1.060932099427618454e+02 -3.093694085420117465e-02 9.994132899683496607e-01 -1.469013181760577685e-02 -2.504640255205679011e+00 -9.974057664804362178e-01 -3.182609257591183932e-02 -6.467580298064011524e-02 -5.094885047373557185e+00
-5.833138500761111261e-02 1.240796508710750000e-02 9.982278160308306614e-01 1.070187562218799826e+02 -3.281088365593750472e-02 9.993589230223852704e-01 -1.432159199933860476e-02 -2.535163106373800712e+00 -9.977658214416997851e-01 -3.359755970175244688e-02 -5.788702620399447524e-02 -5.130658307591725809e+00
-5.054492605093403867e-02 1.242412853585358502e-02 9.986398242264868941e-01 1.078954548667731359e+02 -2.816814603122963154e-02 9.995069850456689275e-01 -1.387986899129722666e-02 -2.556634946429626520e+00 -9.983199160864943966e-01 -2.881811725999315274e-02 -5.016991880890184913e-02 -5.172144219461403125e+00
-4.233357811757247624e-02 1.205659894489282888e-02 9.990305977415462335e-01 1.088069575332306869e+02 -2.400866829564684418e-02 9.996262550099612731e-01 -1.306768466276056473e-02 -2.587186363318382920e+00 -9.988149647204976889e-01 -2.454548594795822464e-02 -4.202848764907210488e-02 -5.212421558815274025e+00
-3.410670201679396468e-02 1.127186688298135835e-02 9.993330720461883754e-01 1.097346741924769731e+02 -2.316252930873132637e-02 9.996584987279171219e-01 -1.207858469760187368e-02 -2.625833242237761045e+00 -9.991281854275835261e-01 -2.357004209458871472e-02 -3.383362234298002008e-02 -5.242690447471948900e+00
-2.758575013262968764e-02 1.188235638043139836e-02 9.995433076697776142e-01 1.106348278432997034e+02 -2.945335641268966020e-02 9.994849556487601649e-01 -1.270675434655233957e-02 -2.648541860717978924e+00 -9.991797973324352267e-01 -2.980044266818349455e-02 -2.722114108040987052e-02 -5.247103437151070970e+00
-2.097609524038272777e-02 1.073225621042103381e-02 9.997167684669938659e-01 1.115515436690473337e+02 -3.335946300426044508e-02 9.993778275603258932e-01 -1.143962133062414663e-02 -2.673889707591069698e+00 -9.992177308123253443e-01 -3.358968179440779966e-02 -2.060479732786809140e-02 -5.254378064236854939e+00
-1.683270535552485597e-02 9.173852554293478873e-03 9.998230236780447644e-01 1.124935277632862096e+02 -3.187214403366329246e-02 9.994444933165700373e-01 -9.711615022218430052e-03 -2.707635518610178149e+00 -9.993571350443600787e-01 -3.203373736392986504e-02 -1.653076474479745622e-02 -5.267734081522282175e+00
-1.064922871409364376e-02 8.880274497446265236e-03 9.998998343925957766e-01 1.133809151967631550e+02 -2.878648881819918098e-02 9.995430242825795730e-01 -9.207419646940943198e-03 -2.727638355769736567e+00 -9.995247894706683622e-01 -2.887195107047953180e-02 -1.038841791077433144e-02 -5.284808240134523771e+00
-5.360430657838695205e-03 1.088830441115633957e-02 9.999280047023463291e-01 1.143079890453375214e+02 -2.762458742947544038e-02 9.995577210943492608e-01 -1.102138304900943631e-02 -2.745585669512594418e+00 -9.996059690269978315e-01 -2.767802221804449569e-02 -5.057613876793982770e-03 -5.281819327377215600e+00
-4.878814748005088730e-04 7.991051587015416194e-03 9.999677524708379117e-01 1.152036124988997869e+02 -2.203877872636277740e-02 9.997251227425651976e-01 -7.992096265609784783e-03 -2.775345045392292320e+00 -9.997569541693454021e-01 -2.204917733608105848e-02 -3.116184531968651779e-04 -5.291419211086216379e+00
5.772163884345348113e-03 4.933655101718418742e-03 9.999697986227297219e-01 1.161021153741032634e+02 -1.451535768713477399e-02 9.998828611097090313e-01 -4.848456858649524866e-03 -2.793140966580957230e+00 -9.998766973712189809e-01 -1.448974854135622048e-02 5.843128215632014365e-03 -5.296784030339021676e+00
9.880139574577034844e-03 3.265555488736129539e-03 9.999436070997662629e-01 1.170404542049948589e+02 -1.055012046419836515e-02 9.999393337675238635e-01 -3.149277230856359442e-03 -2.813208183273736562e+00 -9.998934195132205272e-01 -1.052281134170632987e-02 9.913955612977363649e-03 -5.287420202247167467e+00
1.379602464364308376e-02 6.304048027054479780e-03 9.998779368420054325e-01 1.179172484614593088e+02 -1.331997387801807375e-02 9.998926410407505960e-01 -6.112343666332398229e-03 -2.828282497368174386e+00 -9.998091519790835990e-01 -1.323051499708725182e-02 1.387842291957982685e-02 -5.258023048154769619e+00
1.834487817994859965e-02 8.920854776700536115e-03 9.997861567377733794e-01 1.188208758365779971e+02 -1.478129491172901384e-02 9.998533043850763580e-01 -8.643849441844894330e-03 -2.843725004074812102e+00 -9.997167709097187771e-01 -1.462764203743186810e-02 1.847411343748235971e-02 -5.238038160154993683e+00
1.969377047886088083e-02 7.320612344989321611e-03 9.997714880368498980e-01 1.197370992125479034e+02 -1.641358133372741376e-02 9.998408681819128674e-01 -6.991075718885918916e-03 -2.861348549021680121e+00 -9.996636001324442633e-01 -1.626952421359061443e-02 1.981068351604045250e-02 -5.210247864942695095e+00
2.165506032671554379e-02 6.849157399223453589e-03 9.997461452005650395e-01 1.206212649865780122e+02 -1.772029076398864283e-02 9.998219926230413890e-01 -6.470510136181978518e-03 -2.883370015477523918e+00 -9.996125839621802234e-01 -1.757968718887152268e-02 2.177267334571437660e-02 -5.181211464647393683e+00
2.173302374489564925e-02 1.535402433954777658e-03 9.997660140505040260e-01 1.215182883322449214e+02 -1.645309965112059028e-02 9.998639065308099205e-01 -1.182698272047857371e-03 -2.901551996967748792e+00 -9.996319167078704382e-01 -1.642050302348646920e-02 2.175537933871449919e-02 -5.155301904484453246e+00
2.374901136456559689e-02 -4.194025124063853471e-03 9.997083572513958405e-01 1.224163442183427009e+02 -1.672679982444241070e-02 9.998495442278321210e-01 4.591892769113827509e-03 -2.923454268439663384e+00 -9.995772899848301973e-01 -1.683551519514795911e-02 2.367531869043933840e-02 -5.135597573318695375e+00
2.377082704711124331e-02 -5.759579316370315276e-03 9.996954074579312843e-01 1.233036999777065859e+02 -1.594004646008870610e-02 9.998540660598215224e-01 6.141779602299122891e-03 -2.931622005137036524e+00 -9.995850453698106319e-01 -1.608058696322319306e-02 2.367556484747409054e-02 -5.103065231606103147e+00
2.514234000756569720e-02 -1.850414349549946158e-03 9.996830685845593534e-01 1.241745963396809316e+02 -1.514451736052147696e-02 9.998827979945035249e-01 2.231061401406482167e-03 -2.945826098571415308e+00 -9.995701805853158817e-01 -1.518935880795017727e-02 2.511130708810556389e-02 -5.076938075219725732e+00
2.574765333459447941e-02 1.957954476608929004e-03 9.996637011301973130e-01 1.250504469446268700e+02 -1.463422859294994348e-02 9.998914206160265383e-01 -1.587357924398521882e-03 -2.965391947922087823e+00 -9.995585581464376812e-01 -1.459414286492940159e-02 2.577362765612948442e-02 -5.054412653312807535e+00
2.569981307910078339e-02 1.128213213062795577e-03 9.996722116535111669e-01 1.259335841976845529e+02 -1.698075999620719118e-02 9.998554436826557756e-01 -6.948537067273404368e-04 -2.975210958805189598e+00 -9.995286551750108828e-01 -1.695470773028383629e-02 2.571528404191438313e-02 -5.024708945716939823e+00
2.631122489082110202e-02 1.472948134534511101e-03 9.996464676235268243e-01 1.267951708192466640e+02 -1.707220645670973203e-02 9.998537363119274213e-01 -1.011301253520132445e-03 -2.986987021653844554e+00 -9.995020134990350025e-01 -1.703853352401877783e-02 2.633236612497980716e-02 -4.989780020831608098e+00
2.776901852043892754e-02 1.598699765259372176e-04 9.996271928577986632e-01 1.276664832037512411e+02 -1.343904618711270690e-02 9.999095258579377976e-01 2.083021113075093781e-04 -3.007722581252915361e+00 -9.995369874017251410e-01 -1.343514689484375836e-02 2.776867269864023366e-02 -4.970708277448504298e+00
2.773821277741041202e-02 2.433368218873801017e-03 9.996291047921039841e-01 1.285454489138448366e+02 -1.426789340031423166e-02 9.998960300075819818e-01 -2.043684945143374194e-03 -3.033220713166098648e+00 -9.995303717531657250e-01 -1.419679038960519786e-02 2.777000306843175823e-02 -4.937186210070246162e+00
2.745843732612766874e-02 5.915927821441758876e-03 9.995973016757798701e-01 1.294041929521814609e+02 -2.387687829588341221e-02 9.997013036888695581e-01 -5.253846017405755173e-03 -3.047355332826620078e+00 -9.993300144815736585e-01 -2.371127007120689065e-02 2.759117832704395881e-02 -4.901031269235947008e+00
2.860368817245922610e-02 8.978186188518111691e-03 9.995559531111166685e-01 1.302752968683135748e+02 -2.962043082143811512e-02 9.995284835251858624e-01 -8.122701608573880058e-03 -3.067728838164570870e+00 -9.991576658137171218e-01 -2.936181459395034027e-02 2.885570996281641015e-02 -4.856804781622178879e+00
2.787622307515486009e-02 1.070720716598232841e-02 9.995450326645338723e-01 1.311338486901162526e+02 -2.792178801625367149e-02 9.995605332820548528e-01 -9.931928639806724551e-03 -3.091173213624364369e+00 -9.992124667675964522e-01 -2.764103075212856128e-02 2.816316595707658160e-02 -4.826043804603708409e+00
2.796167093193287559e-02 1.103880437834682711e-02 9.995313732531490025e-01 1.320062260537040970e+02 -2.514694245807989545e-02 9.996304877695533220e-01 -1.032186635076613214e-02 -3.126623777637922430e+00 -9.992762543947762977e-01 -2.485243068081921872e-02 2.822871803098248034e-02 -4.787804079813137825e+00
2.993806272544258240e-02 1.287079636648520882e-02 9.994551374139796218e-01 1.328328172485109917e+02 -2.445301976133996621e-02 9.996273390939124370e-01 -1.212644669093993800e-02 -3.145705863100428878e+00 -9.992390169448371884e-01 -2.407932199362906173e-02 3.024142563640411924e-02 -4.750136058338310541e+00
3.212533792493584006e-02 1.082230431814409921e-02 9.994187256645947759e-01 1.337027242869477561e+02 -1.867874231062678289e-02 9.997733102334405153e-01 -1.023027602486798263e-02 -3.166328831842833758e+00 -9.993029060956991616e-01 -1.833225761986211760e-02 3.232016725772128563e-02 -4.727766187574490075e+00
3.569752988493546386e-02 5.707017769064936727e-03 9.993437446306923100e-01 1.345493695269315140e+02 -1.165448601863683202e-02 9.999180061826300481e-01 -5.294454350657069007e-03 -3.194337042711098196e+00 -9.992922560981267743e-01 -1.145033279713407806e-02 3.576108565560957159e-02 -4.697752687938635319e+00
3.777474968032529246e-02 -7.797527817507227338e-04 9.992940257078359867e-01 1.354048270716361912e+02 -7.945246405097153297e-03 9.999677830253862476e-01 1.076204951245437113e-03 -3.221008614021848349e+00 -9.992628401268000005e-01 -7.975789758045999725e-03 3.776736565883252045e-02 -4.664661750324997413e+00
4.043027520373221328e-02 -1.654614351543630358e-03 9.991655705244600894e-01 1.362402298402080305e+02 -3.750253878401534936e-03 9.999913341612090001e-01 1.817096716942254511e-03 -3.225609758676588612e+00 -9.991599680064098266e-01 -3.822695022942345158e-03 4.042368701796292957e-02 -4.628378621916605873e+00
4.631591175833681129e-02 2.145711599991104342e-03 9.989339647954669221e-01 1.370571594698327544e+02 -4.978618465417014582e-03 9.999857320222257373e-01 -1.917478978368819141e-03 -3.259245169970326206e+00 -9.989239660786450870e-01 -4.882441078386623098e-03 4.632594115367220239e-02 -4.580131582503979892e+00
5.284867133903503600e-02 4.471869748777334251e-03 9.985809944481738309e-01 1.379052822065669659e+02 -2.907165486286872064e-03 9.999863294857938012e-01 -4.323723635115153847e-03 -3.266543337684630899e+00 -9.985868974962007760e-01 -2.676920638987710134e-03 5.286095835576473667e-02 -4.532183769460159439e+00
6.071751883095481001e-02 7.025385038586435572e-03 9.981166529432740075e-01 1.387421515099517251e+02 -2.108685356974183511e-04 9.999752817509944824e-01 -7.024003512152317101e-03 -3.273760691205952700e+00 -9.981414916957285222e-01 2.174259156738543261e-04 6.071750596116265442e-02 -4.478269953580771734e+00
7.044454039262973422e-02 2.865609654608687975e-04 9.974838628089848225e-01 1.395661510854677374e+02 -9.259836071061440174e-04 9.999996093949324871e-01 -2.177291279058859443e-04 -3.296493364651683411e+00 -9.974836965342994688e-01 -9.105751553327306753e-04 7.044477212892279183e-02 -4.409154064127698724e+00
8.150193005064125529e-02 -2.843694928069157024e-03 9.966418937639701658e-01 1.403661987450151969e+02 2.631009636963583132e-03 9.999930716855843782e-01 2.639656265748168470e-03 -3.316242921361625573e+00 -9.966426795875892308e-01 2.410006928995145695e-03 8.150885271733811221e-02 -4.329881871653100234e+00
9.565905874725361135e-02 -2.076383030134417319e-03 9.953909087318232318e-01 1.412433882736844453e+02 1.050901208866086498e-02 9.999442373073571533e-01 1.076960091403397725e-03 -3.341554072599885572e+00 -9.953375837812240556e-01 1.035626836509098876e-02 9.567552666544022755e-02 -4.239105388785858075e+00
1.116524005847169126e-01 2.598205833673549340e-05 9.937814076397639695e-01 1.420971355619844587e+02 8.686516099093880700e-03 9.999618200947480995e-01 -1.002283152080512326e-03 -3.348641728638853454e+00 -9.937435110298755703e-01 8.743652336621752369e-03 1.116479105346769168e-01 -4.138828118097229947e+00
1.243413965660366549e-01 -2.679440424351957600e-03 9.922962184642031280e-01 1.427880942007029716e+02 1.293262074256155622e-02 9.999158285295651760e-01 1.079183502867614788e-03 -3.368590337854749261e+00 -9.922156787480146400e-01 1.269908939895311902e-02 1.243655425316375490e-01 -4.046093905931828161e+00
1.375689321989935487e-01 -6.840793903817392105e-06 9.904922740389850988e-01 1.435907470351015434e+02 1.701599292639087088e-02 9.998524119071789951e-01 -2.355686640085397510e-03 -3.376173776493363921e+00 -9.903462120334921570e-01 1.717863006639791870e-02 1.375487701249371864e-01 -3.929426997687189616e+00
1.519263653707667028e-01 4.231275373441282725e-03 9.883646228562540381e-01 1.443734581252105613e+02 1.264308258072281005e-02 9.999007755292881328e-01 -6.222543808282388587e-03 -3.402907461435235703e+00 -9.882929756886423833e-01 1.344081437443508074e-02 1.518577940736620113e-01 -3.799107785246353064e+00
1.636720315514743340e-01 1.681947918179843224e-02 9.863365607853128436e-01 1.450829472502294379e+02 5.827235677167330943e-03 9.998207043300423313e-01 -1.801608935052464999e-02 -3.413392455673113446e+00 -9.864629077336350971e-01 8.697805160591686943e-03 1.635447028687505577e-01 -3.652785606709002320e+00
1.765118750526760705e-01 2.491269190331190861e-02 9.839572112394519010e-01 1.458158052591848559e+02 3.082207754830761375e-04 9.996780280073348512e-01 -2.537317413555871190e-02 -3.450817672451199414e+00 -9.842726919573751010e-01 4.781054437499522580e-03 1.764474922027073622e-01 -3.501007904505432755e+00
