1.000000000000000000e+00 -3.306050084167601550e-19 -2.270457535318767223e-19 -8.673617379884035472e-19 7.546676715296109287e-19 1.000000000000000000e+00 6.237773588823049983e-19 1.387778780781445676e-17 -3.447385680526250622e-20 4.770700176052009879e-20 1.000000000000000222e+00 5.551115123125782702e-17
-1.473577455301289529e-01 -2.954917193192265271e-02 -9.886321522159539077e-01 -8.190418219758636154e-01 -3.858468295086987278e-03 9.995636778720035087e-01 -2.927706674954881280e-02 -1.917695171388167363e-02 9.890656684662255671e-01 -4.905415387555855456e-04 -1.474078299630293132e-01 4.361829551258395554e+00
-4.994265217492527276e-01 -2.780420211058185972e-02 -8.654288068630213715e-01 -5.893388014519610252e+00 -1.871825532003484199e-02 9.995976863320213956e-01 -2.128741029194269538e-02 -9.384116439287368272e-02 8.656730434655056650e-01 5.548480875590918078e-03 -4.997460344539081945e-01 4.032336387445272230e+00
-8.839899106848001509e-01 -2.789479231645764640e-02 -4.660520111784335895e-01 -1.012640142498288576e+01 -2.413045062062457724e-02 9.996095560092289611e-01 -1.409649272759151868e-02 -1.346530439479484698e-01 4.662635214801280625e-01 -1.225200626122525645e-03 -8.843179800183373906e-01 2.440424663619772616e+00
-8.684037852649099110e-01 -3.746876043333092349e-02 -4.937560595751477877e-01 -1.232624080097105512e+01 -3.025853704754807166e-02 9.992871170487085397e-01 -2.254975386338984797e-02 -3.458291091540109385e-01 4.942493912038755099e-01 -4.664606667836731189e-03 -8.689184742055209298e-01 -8.140714298178177710e-01
-9.777983684926200292e-01 -2.674587902924551591e-02 -2.047339699817428971e-01 -1.418691094724454338e+01 -2.265481601488551766e-02 9.994952974236918086e-01 -2.224833191139450467e-02 -3.192234554748227815e-01 2.052260638715722174e-01 -1.714616993892982902e-02 -9.779108204372670698e-01 -3.911361409270904588e+00
-9.974320897933312002e-01 -2.149333826951519907e-02 -5.401865488083132383e-02 -1.486197601608945007e+01 -2.056468865676863017e-02 9.996349697980159155e-01 -1.750030002433491244e-02 -3.053018062225850704e-01 5.437524155333602754e-02 -1.636269444544630192e-02 -9.975099679029393318e-01 -7.265008953359649801e+00
-9.988711626457917880e-01 -2.619265734674576865e-02 1.239736201952636001e-02 -1.509251378508035124e+01 -2.638244497213368053e-02 9.995381964401596209e-01 -1.507888472161485194e-02 -4.437002718111414667e-01 -1.199672625964407977e-02 -1.538339494333889473e-02 -9.991006833343153426e-01 -1.063576380388875009e+01
-9.995761103059949138e-01 -2.811239898037995455e-02 4.413192672394389282e-02 -1.531175435089161674e+01 -2.850005253420558743e-02 9.995563750229489175e-01 -8.639315171272846441e-03 -4.498540215998165781e-01 -4.386956701041055257e-02 -9.893654831759050514e-03 -9.999338326986739744e-01 -1.347166395478263290e+01
-9.992461066204503251e-01 -2.977069746921964452e-02 7.086865051535487167e-03 -1.570980126930787080e+01 -2.979528371944732690e-02 9.995534822911862349e-01 -2.284258459748037765e-03 -5.323913759312396410e-01 -7.015755217110241498e-03 -2.489264755118205958e-03 -9.996869509232690909e-01 -1.612343235130912333e+01
-9.999120289181685495e-01 -2.230504070638645794e-02 1.333006963769422203e-03 -1.639760808162954575e+01 -2.229540761879047692e-02 9.997295541019017850e-01 6.630176481088048517e-03 -5.585267619501167458e-01 -1.480523460517634959e-03 6.599077476086810667e-03 -1.000138675009783373e+00 -1.841371291572702162e+01
-9.989444144308788909e-01 -1.807953249544612742e-02 8.128275117726079663e-03 -1.691362250006869772e+01 -1.799602106222323444e-02 9.997903289790831538e-01 9.762548960732343739e-03 -5.937899639580694888e-01 -8.303116096538071950e-03 9.613009793946086443e-03 -9.990604574139575478e-01 -1.984518195119948913e+01
-9.825245677679798062e-01 -1.414099459212823755e-02 -1.785032813057801926e-01 -1.698917341941173831e+01 -1.637762781934254050e-02 9.998047816344755034e-01 1.104722787065093130e-02 -5.880034907235500707e-01 1.783120962820922140e-01 1.379299966889221962e-02 -9.825642037728068434e-01 -2.026913721678370450e+01
-9.939244712256576353e-01 -1.664700484663236835e-02 -1.072702286408562800e-01 -1.709148725561044913e+01 -1.853236783356273717e-02 9.996880819376935401e-01 1.672998996895165916e-02 -5.934035170406436466e-01 1.069583369742767714e-01 1.862428079152315605e-02 -9.939230288181148953e-01 -2.036841592086862818e+01
-9.554782921292720443e-01 -9.045589533989914499e-03 -2.951710522321244201e-01 -1.731421347728654325e+01 -1.530953862818838947e-02 9.997038849606966204e-01 1.891735080009837935e-02 -5.974003792878259667e-01 2.949124821524631845e-01 2.259247928262436353e-02 -9.553337886131323398e-01 -2.081573627731577503e+01
-9.740764838072791809e-01 -7.065250946826223677e-03 -2.293778365276151476e-01 -1.735999558477499249e+01 -1.250203217977659091e-02 9.996718442405507776e-01 2.236274257552583675e-02 -6.011927116756814460e-01 2.291448864334442170e-01 2.463384527738357935e-02 -9.738451773278029577e-01 -2.087754107611465315e+01
-9.216696381796656290e-01 1.074747033982567440e-03 -3.892891064030744031e-01 -1.764521920323888082e+01 -8.905239670793908824e-03 9.996763435264803821e-01 2.383845728278359555e-02 -6.000569560806199298e-01 3.891888103767066620e-01 2.541849886951130788e-02 -9.213620033891121164e-01 -2.126880582182655033e+01
-9.394936049876545514e-01 1.210630061853708870e-03 -3.419181943269621327e-01 -1.768898257080796554e+01 -7.114528849019282133e-03 9.997087216063591519e-01 2.307154087209753110e-02 -5.919313478664092187e-01 3.418463809288617150e-01 2.410182385549529405e-02 -9.392111908183812252e-01 -2.147522458906347609e+01
-8.674816142312131717e-01 6.780341612183440718e-03 -4.963288856998021581e-01 -1.806243071280366053e+01 -6.540588749559365055e-03 9.996635850997129813e-01 2.509345091962152802e-02 -5.987006560446760384e-01 4.963321637476953430e-01 2.503759217328942188e-02 -8.671452091077881397e-01 -2.189704975718120039e+01
-8.948964098102409892e-01 3.697132940071611810e-03 -4.453507148461331999e-01 -1.813442917348287509e+01 -8.871000944558921075e-03 9.996197629548666530e-01 2.611091079386447175e-02 -5.770669486300658013e-01 4.452777815591242860e-01 2.732812134632996853e-02 -8.945230433912076951e-01 -2.212627237153351700e+01
-8.080392485139267222e-01 7.016811083609691621e-03 -5.891464975689898464e-01 -1.858275284822191864e+01 -1.100061734823118940e-02 9.995754038427038246e-01 2.698821603530925789e-02 -5.836515903308099329e-01 5.890857104932163413e-01 2.828496446901825404e-02 -8.076189428425101235e-01 -2.249792175762001634e+01
-8.457786130459886698e-01 5.705491826407565678e-03 -5.338109200699308055e-01 -1.866340527552518580e+01 -1.069058047520649903e-02 9.995612847972457082e-01 2.761954365194507766e-02 -5.656240063251278816e-01 5.337344783255114633e-01 2.907185316003826209e-02 -8.453464568273985069e-01 -2.278192220666747048e+01
-7.514551991902602701e-01 1.091376435790133992e-02 -6.606070134864577836e-01 -1.921274362591541518e+01 -1.178565636539176918e-02 9.994826252896635843e-01 2.993056424037005350e-02 -5.746320968650534544e-01 6.605921591058885323e-01 3.026198534570973681e-02 -7.509379805084303028e-01 -2.313547698880324432e+01
-7.934557347205549727e-01 7.691811157150916199e-03 -6.086428441223343810e-01 -1.922823668682591602e+01 -1.249572521471778788e-02 9.995029933934980182e-01 2.893598916318659495e-02 -5.542161800405523975e-01 6.085631703817496740e-01 3.057786627846219643e-02 -7.929652550794983323e-01 -2.342860243083240590e+01
-6.915398714860729878e-01 1.095763620055225686e-02 -7.217351114122378952e-01 -1.990812181446660745e+01 -1.344960506144145945e-02 9.995151203406403839e-01 2.807250546541073533e-02 -5.591997805169126590e-01 7.216929055391947401e-01 2.914753736653012683e-02 -6.910569234303730601e-01 -2.375546939321264972e+01
-7.400514909290969445e-01 9.352825441199438469e-03 -6.716243098715104498e-01 -1.994233584039427498e+01 -9.884280752930338365e-03 9.996430607029740401e-01 2.482153405108402863e-02 -5.439242699208400866e-01 6.716168829485239522e-01 2.502416067298157340e-02 -7.396944068596009725e-01 -2.413821953213464866e+01
-6.407411475350430763e-01 9.705535411152196867e-03 -7.685076918110517186e-01 -2.079229511743205094e+01 -9.052273819949415226e-03 9.997553329137498501e-01 2.017957225632203977e-02 -5.348209696756969223e-01 7.685157342099400157e-01 1.987409556592257057e-02 -6.404966434933309083e-01 -2.448622238068991308e+01
-6.449418064716575527e-01 9.746426953425115641e-03 -7.648129207812794927e-01 -2.100528975616104788e+01 -6.730668452007157812e-03 9.998077851180517950e-01 1.841336280227022157e-02 -5.288526782773794732e-01 7.648454804603608270e-01 1.700637243974559634e-02 -6.447525128604141287e-01 -2.494807668903682085e+01
-5.911253453842975070e-01 9.910455025085598835e-03 -8.065810762262356493e-01 -2.168073886098854430e+01 -6.638639137613113611e-03 9.998308215717012226e-01 1.715279772058768415e-02 -5.287128644029688296e-01 8.066147111542180115e-01 1.549186091904774382e-02 -5.909594329821425962e-01 -2.506137698837788719e+01
-5.882790646277192836e-01 1.117769394550155101e-02 -8.088656518054253564e-01 -2.202900744453282655e+01 -5.088480342381059528e-03 9.998335171555774448e-01 1.751700091643699705e-02 -5.161353014088697622e-01 8.089269031511151509e-01 1.441789439781868479e-02 -5.881244507921709053e-01 -2.564445026313408604e+01
-5.762424626526042593e-01 1.266244719226190633e-02 -8.171075916679269024e-01 -2.270035343469651679e+01 -3.406965719045759212e-03 9.998339805484147691e-01 1.789296984253198330e-02 -5.204167478907938404e-01 8.171985372082286592e-01 1.309283584362855475e-02 -5.761037702265905391e-01 -2.584318467589900337e+01
-5.692207617266290542e-01 1.431472653939464858e-02 -8.227612505749128946e-01 -2.317653977075598704e+01 -4.806424034736508054e-03 9.997737372966607472e-01 2.071669603158350637e-02 -5.010334280833323994e-01 8.228717440908673852e-01 1.573660120104603335e-02 -5.690235656846250878e-01 -2.632721152717050117e+01
-5.586730429866257897e-01 1.570439260653363339e-02 -8.288847284034481788e-01 -2.385059124637212591e+01 -5.637062693758456908e-03 9.997252896437303082e-01 2.274512225630381801e-02 -4.948147482476314973e-01 8.290143256968190988e-01 1.738190953379845430e-02 -5.584311371714782979e-01 -2.662759968095166485e+01
-5.478139805199288004e-01 1.696148702491270810e-02 -8.368977863215045776e-01 -2.437721424453739516e+01 -7.278076002140604177e-03 9.996602846759236050e-01 2.502717549747451170e-02 -4.837956564720319874e-01 8.370380777592977273e-01 1.978636869138915635e-02 -5.475047256724132616e-01 -2.710487811080161791e+01
-5.397521335493941086e-01 1.831648883757727719e-02 -8.417631913027785462e-01 -2.507437620631950637e+01 -7.502457526244033295e-03 9.996188762390100235e-01 2.656523005812267205e-02 -4.743146457305936758e-01 8.419291497778296218e-01 2.064913658196779189e-02 -5.394091411423745930e-01 -2.741534059345935503e+01
-5.264677842818041853e-01 2.017513653728844267e-02 -8.503210156915601559e-01 -2.567911127432275364e+01 -8.243494671704576157e-03 9.995508272622488644e-01 2.881355099292638375e-02 -4.602515911716176800e-01 8.505203478831160346e-01 2.216217757742583103e-02 -5.260654329073550795e-01 -2.788919176958788526e+01
-5.198282225547622426e-01 2.135852485942125317e-02 -8.543944675353327689e-01 -2.638203589506080604e+01 -8.119272983543257549e-03 9.995191632658482206e-01 2.992795131414947157e-02 -4.493408427266727956e-01 8.546228154176948033e-01 2.247794859015715338e-02 -5.194052771063496499e-01 -2.824632221035263058e+01
-5.094088454502050389e-01 2.432874113075745789e-02 -8.603501749404137700e-01 -2.705818651609696346e+01 -8.716882678635663739e-03 9.994033537141756574e-01 3.342357399965071446e-02 -4.353056812646772245e-01 8.606499126403818201e-01 2.451468035532557849e-02 -5.088930549596798469e-01 -2.867630731498759644e+01
-4.976580772175410727e-01 2.769204458970322622e-02 -8.663101716223996496e-01 -2.777274796468069695e+01 -1.012993327956076585e-02 9.992350828683307373e-01 3.776524249259032712e-02 -4.184811255941642272e-01 8.666936134498520738e-01 2.759184584262001916e-02 -4.969962694905112888e-01 -2.903183238868779981e+01
-4.859229425539350888e-01 3.155534324066343321e-02 -8.736319600382839168e-01 -2.848096735368447341e+01 -1.059075831810391347e-02 9.990625535674572122e-01 4.198603991504757521e-02 -4.000894073689973407e-01 8.741375353029747775e-01 2.962976341947324427e-02 -4.851334745961331518e-01 -2.947347694950045849e+01
-4.756046292030224887e-01 3.344094883251121086e-02 -8.785300353728257017e-01 -2.920248915980541327e+01 -1.172648698854890023e-02 9.989453538289211343e-01 4.437483188714597820e-02 -3.865752685817607226e-01 8.790882547069599484e-01 3.144637275598605869e-02 -4.747099208024275208e-01 -2.984292840384199863e+01
-4.624296513248483675e-01 3.386430627965762719e-02 -8.859485899832698630e-01 -2.994166126192430966e+01 -1.147746920079005702e-02 9.989574111041499282e-01 4.417419583487628559e-02 -3.633539416018167212e-01 8.865214555826914644e-01 3.061409907663516228e-02 -4.615586767085465558e-01 -3.023737135743964188e+01
-4.496807839667442130e-01 3.255083950652450098e-02 -8.921846446081606041e-01 -3.067995606944684539e+01 -1.216383880735918965e-02 9.990187288862250048e-01 4.257227429169848504e-02 -3.474346182309337450e-01 8.926955190217857883e-01 3.002606944600577643e-02 -4.488429939097303145e-01 -3.059561326115482061e+01
-4.342141271502070188e-01 3.250506416856636244e-02 -9.000483376526892121e-01 -3.143113543342389704e+01 -1.259213527091795383e-02 9.990314358937590900e-01 4.215289652320054758e-02 -3.329073840599068301e-01 9.005471971574472434e-01 2.965696847218545970e-02 -4.333839112120427273e-01 -3.096344776608788862e+01
-4.133969819093328280e-01 3.039755522606487487e-02 -9.097573199270385658e-01 -3.220819550941727272e+01 -1.452338600806734464e-02 9.990948022028575126e-01 3.998438136970818707e-02 -3.153006667311998301e-01 9.101491212842344192e-01 2.974757936002923528e-02 -4.125810469265965286e-01 -3.131788135010012297e+01
-3.907157251541921728e-01 2.921031920601644544e-02 -9.200363668997278976e-01 -3.297275304861744871e+01 -1.847652402968062713e-02 9.990457840778688148e-01 3.956995908681229523e-02 -2.977389879200707523e-01 9.203145483649098901e-01 3.246525782108686253e-02 -3.898031293067484859e-01 -3.163030171990693162e+01
-3.641292416582593283e-01 2.794770214894284205e-02 -9.309822600378598878e-01 -3.375706661235019368e+01 -2.060157801108836867e-02 9.990634311955944868e-01 3.805021410258959541e-02 -2.811427786743329604e-01 9.311737153785440979e-01 3.303358094559110530e-02 -3.632124986441619963e-01 -3.193627209460646910e+01
-3.304491859362931327e-01 2.757716831035018218e-02 -9.432662335514195862e-01 -3.457204711478831172e+01 -2.321408705964835006e-02 9.990326579574038135e-01 3.734937760055920264e-02 -2.650296719362585929e-01 9.433837378096925352e-01 3.424140481915386586e-02 -3.294889524059372299e-01 -3.221826096828889519e+01
-2.996945004801641610e-01 2.760562763690743021e-02 -9.536651685434792691e-01 -3.537699555464153178e+01 -2.280125286389185491e-02 9.990884557881454242e-01 3.608980455839719964e-02 -2.542533937622422080e-01 9.537921569043723569e-01 3.255875881282305206e-02 -2.987918232259957896e-01 -3.244998259313300082e+01
-2.669972144067704334e-01 2.593402752747566570e-02 -9.634011111584248610e-01 -3.622014293982035582e+01 -2.373071275197504229e-02 9.991582176977608087e-01 3.346866905740232545e-02 -2.460369072032928539e-01 9.634579134813876511e-01 3.178525650823751242e-02 -2.661573469036612738e-01 -3.270500509264911670e+01
-2.353160455579959287e-01 2.479256311806203594e-02 -9.716675943516490666e-01 -3.705183176960532165e+01 -2.469100004263942438e-02 9.991997340665287330e-01 3.146908753120249147e-02 -2.399735457251671034e-01 9.716702256467800725e-01 3.139288079052275637e-02 -2.345157349696380678e-01 -3.287390541927172904e+01
-2.044013633478499181e-01 2.014033492170040976e-02 -9.786430971251873778e-01 -3.788848979525952387e+01 -2.669031744291446365e-02 9.993018109985180031e-01 2.614267135730696801e-02 -2.248683038711849491e-01 9.784865205867008253e-01 3.146701854021336647e-02 -2.037209724624127749e-01 -3.305875220418578664e+01
-1.702365523272850178e-01 1.690314893861413412e-02 -9.852655734536210907e-01 -3.877224735366939967e+01 -2.358742882744621280e-02 9.994963267175344113e-01 2.122152124434007955e-02 -2.251680450856921589e-01 9.851282022292904283e-01 2.686288253182542510e-02 -1.697518739137936494e-01 -3.319265555439272930e+01
-1.397270529639249859e-01 1.347288891211275048e-02 -9.901004899999472642e-01 -3.959350178816823984e+01 -1.827959081839071465e-02 9.997017647658078543e-01 1.618765103797542224e-02 -2.280237321297785835e-01 9.900234513899510702e-01 2.036128855937683821e-02 -1.394390907548628267e-01 -3.329706659209701058e+01
-1.095991347553788992e-01 9.487775070981457198e-03 -9.938874207013164153e-01 -4.047686649913675438e+01 -1.085923338794998055e-02 9.998833014048607026e-01 1.074396491268677679e-02 -2.302961505467349124e-01 9.938734531991345600e-01 1.197116291718085257e-02 -1.094832429443807764e-01 -3.337768128794306222e+01
-8.120496636957987013e-02 4.458607927671766509e-03 -9.966640809652773658e-01 -4.133071319182209891e+01 -5.643728609807303377e-03 9.999719410096762351e-01 4.930794475335086892e-03 -2.422574384230014588e-01 9.966583307825059856e-01 6.021498669772337546e-03 -8.117752445956571972e-02 -3.341571093991309027e+01
-5.252789582042149269e-02 1.727639399772887101e-03 -9.986083343760148168e-01 -4.219938126264995759e+01 3.300954069290751563e-03 9.999933913495023807e-01 1.558952437634735693e-03 -2.533063267749471881e-01 9.986044496080982436e-01 -3.217266785320995175e-03 -5.253322920432221266e-02 -3.344791909703902633e+01
-2.423728516435314645e-02 -7.232558242995986222e-03 -9.996842799720992989e-01 -4.306283757461095973e+01 1.024845939200557006e-02 9.999196089079070981e-01 -7.474731741567331930e-03 -2.751222987216850324e-01 9.996579729838606099e-01 -1.042054741424677106e-02 -2.416127914652419634e-02 -3.345717082098300921e+01
2.187726161377620548e-03 -2.144863037289448590e-02 -9.997684271995836980e-01 -4.390437404020992318e+01 1.582301681524462059e-02 9.996454075178187182e-01 -2.142034761042321822e-02 -3.066389347433347567e-01 9.998734709747615357e-01 -1.577388574869017374e-02 2.526473672747629740e-03 -3.344049680906468325e+01
2.606166213318953165e-02 -3.954305456178100475e-02 -9.988748414511784413e-01 -4.473610113257024778e+01 1.746873533323200015e-02 9.990830905545878826e-01 -3.910064120141813759e-02 -3.493896591899214310e-01 9.995046087875173457e-01 -1.641545245307292344e-02 2.672821412328362997e-02 -3.340860906397683294e+01
5.488628546330104330e-02 -5.618769258623591140e-02 -9.969152081401529975e-01 -4.558486214589192542e+01 1.761703231258866104e-02 9.983140701750018442e-01 -5.531976244072627641e-02 -3.967423058800159108e-01 9.983423957538443139e-01 -1.451830029706233961e-02 5.578416315790273028e-02 -3.336240941367147883e+01
8.144398106319081232e-02 -6.656590721943200784e-02 -9.944640998333533766e-01 -4.640927240329004633e+01 2.171835489395390964e-02 9.976491356370971175e-01 -6.499237386665804306e-02 -4.575580024435955129e-01 9.964528294334047409e-01 -1.630768818859222244e-02 8.269797694719220604e-02 -3.328246588249837856e+01
1.085738776502154779e-01 -7.151974500937097190e-02 -9.915296883905633241e-01 -4.726877600770999521e+01 2.627401677026642082e-02 9.972642697888504104e-01 -6.909503050118562251e-02 -5.297234026044699284e-01 9.937598082723804183e-01 -1.856461226342200760e-02 1.101586171612112669e-01 -3.318836939309733935e+01
1.312398826536085028e-01 -7.055009650148637290e-02 -9.888760569747865325e-01 -4.808785508096561756e+01 2.931149005630268034e-02 9.973027105343303944e-01 -6.727404318642772607e-02 -6.001635707151816712e-01 9.909572022562911364e-01 -2.018315011331961104e-02 1.329559176496161454e-01 -3.306519314365211670e+01
1.507969171177742651e-01 -6.524500577686687119e-02 -9.863899563297218176e-01 -4.894249053610967337e+01 3.364417941257050182e-02 9.975800813111360688e-01 -6.085429448023423754e-02 -6.731606340061848659e-01 9.879729018155495313e-01 -2.400310325816468540e-02 1.526273517564840920e-01 -3.294172956745907044e+01
1.730024161097329649e-01 -6.157805945070733700e-02 -9.830203271118178598e-01 -4.976285458232633374e+01 4.159831519035857988e-02 9.976094733824649730e-01 -5.516944214928365398e-02 -7.340069091622781761e-01 9.840686613727973597e-01 -3.135877778896221935e-02 1.751510040653507516e-01 -3.277617281282053341e+01
1.881817769962429165e-01 -6.093913832613007120e-02 -9.802740217438243864e-01 -5.058541969233434088e+01 4.614131995272525988e-02 9.975196932193455268e-01 -5.315649678429051200e-02 -7.998669578439697725e-01 9.810820322793130099e-01 -3.522506594211718967e-02 1.905268026992981700e-01 -3.261399134118686760e+01
1.993745712878594867e-01 -6.451065248560083898e-02 -9.779068583505301504e-01 -5.140181149896624646e+01 5.004114903352368388e-02 9.971983523545047134e-01 -5.560003553293052514e-02 -8.612297189370380357e-01 9.787542628001926204e-01 -3.784640575242118749e-02 2.020450145185322954e-01 -3.244611645827019686e+01
2.088277055722627951e-01 -6.767379395429579114e-02 -9.755728752731320785e-01 -5.220433590540853430e+01 5.115509373632964180e-02 9.969921378462208716e-01 -5.823267994536100028e-02 -9.261806430589633043e-01 9.765785220873870465e-01 -3.774138131624388964e-02 2.116624879766656753e-01 -3.226133833753092972e+01
2.203966351717605299e-01 -6.985032821597997321e-02 -9.730224973552004109e-01 -5.299154654536322084e+01 4.518560066161692035e-02 9.970917003641432963e-01 -6.134923920536338587e-02 -9.933639398014104671e-01 9.744799575372203870e-01 -3.046236677895955078e-02 2.229134271880191254e-01 -3.209671379231269128e+01
2.349051604885153688e-01 -6.775496791465834834e-02 -9.696602203459601110e-01 -5.378180558822320023e+01 4.415230799775110571e-02 9.972816610817227811e-01 -5.898963158634128873e-02 -1.052199955427295386e+00 9.710213019959503811e-01 -2.895649376668699496e-02 2.372582281924878467e-01 -3.191094245725394529e+01
2.430807155129498520e-01 -6.805143127314927654e-02 -9.675540347976805400e-01 -5.457860330557067385e+01 4.627764766458555834e-02 9.972162617178698119e-01 -5.849040105709802512e-02 -1.114294214555178852e+00 9.688389513999523528e-01 -3.053158112821136028e-02 2.455502127916489863e-01 -3.170937393677263216e+01
2.516261978965435575e-01 -7.096798705529545892e-02 -9.652661223588816508e-01 -5.536899165009704404e+01 4.982337099921707591e-02 9.969340633843600807e-01 -6.034481172894976680e-02 -1.181453400239085516e+00 9.665887239753119253e-01 -3.290195579217349703e-02 2.543922547980453364e-01 -3.149744176376074378e+01
2.548558017193647829e-01 -7.448511750813684162e-02 -9.640447997028925853e-01 -5.617536686180558547e+01 5.107780384353824421e-02 9.966748463660562996e-01 -6.350008658868651346e-02 -1.240642065318825926e+00 9.655676833529960312e-01 -3.304472229464217731e-02 2.578116945297064810e-01 -3.128529466762713795e+01
2.547986397690112925e-01 -7.644208077003673829e-02 -9.640603208803166790e-01 -5.699165318817306058e+01 4.961474800900517873e-02 9.965899899975168008e-01 -6.591580220382867172e-02 -1.305703020779661605e+00 9.658130353454883466e-01 -3.104448018849592650e-02 2.577236389197666844e-01 -3.105993070202728745e+01
2.499350940714999136e-01 -7.643808011525320134e-02 -9.651272718151698848e-01 -5.785114734196732655e+01 5.297290791147447192e-02 9.964665392026449409e-01 -6.519730942186832690e-02 -1.371640887183759983e+00 9.666988824882811748e-01 -3.481709865117741526e-02 2.530997440699866985e-01 -3.084111135493910183e+01
2.454444350536175157e-01 -7.486416259456975253e-02 -9.665183469620441947e-01 -5.870186073492821066e+01 5.034294905805927062e-02 9.966541751148912942e-01 -6.439673291985910375e-02 -1.443380969846645545e+00 9.681049539516045632e-01 -3.283777883635220080e-02 2.483900382461032563e-01 -3.063827538077059032e+01
2.373250727062581333e-01 -7.419982154872314939e-02 -9.686082122310137876e-01 -5.958857183970866345e+01 4.796894896708814304e-02 9.967557237501279976e-01 -6.464768172771871713e-02 -1.514132694032721105e+00 9.702616956900864675e-01 -3.111242569005068931e-02 2.401164720296369848e-01 -3.041155528147671205e+01
2.278776012954425723e-01 -7.444519745132889554e-02 -9.708603839040211847e-01 -6.048825096943523505e+01 4.589277221339451568e-02 9.967846879389419268e-01 -6.570051102603546855e-02 -1.580556608422996501e+00 9.726288497472896921e-01 -2.957184459495603920e-02 2.305628208196317808e-01 -3.021969393220242495e+01
2.220099054257003157e-01 -7.390887944031750145e-02 -9.723520120807054301e-01 -6.139226304940076062e+01 4.359700214051349249e-02 9.968786673588750924e-01 -6.580269588372567036e-02 -1.650735714841438773e+00 9.741819795542494553e-01 -2.778730247680930715e-02 2.245385279930508238e-01 -3.003229022634901924e+01
2.162837745307958637e-01 -7.260002799338848012e-02 -9.736601257287165190e-01 -6.234313389719602583e+01 3.850513214564709602e-02 9.970902571402538994e-01 -6.577030092494036417e-02 -1.727622557692563454e+00 9.756033999442815796e-01 -2.327610259193442152e-02 2.184493113675092801e-01 -2.981896028408472432e+01
2.143071275133813791e-01 -7.004540012301004037e-02 -9.742538998099509184e-01 -6.327424831466147026e+01 3.272613562821678757e-02 9.973797277836047304e-01 -6.452491661869588779e-02 -1.793272405345737175e+00 9.762206796070306281e-01 -1.805490103217463962e-02 2.160386237097813300e-01 -2.962292441022938050e+01
2.150516218757173581e-01 -6.880970148043773216e-02 -9.742603412084747116e-01 -6.424321609866122174e+01 2.987595374095891251e-02 9.975108182087931707e-01 -6.386293549043829676e-02 -1.872416067688329910e+00 9.762307483139028852e-01 -1.538168968561766554e-02 2.165728377828067819e-01 -2.941746229416264669e+01
2.157052321419833107e-01 -6.829730306247520921e-02 -9.740402108063720421e-01 -6.521849928117779882e+01 2.832146762869514056e-02 9.975697213801895114e-01 -6.362860310445743461e-02 -1.948887390557985100e+00 9.760204418710373142e-01 -1.387875364721278919e-02 2.171141974549619658e-01 -2.920524215352613950e+01
2.169831588557677993e-01 -6.724829839556559219e-02 -9.738464119433000166e-01 -6.620717315325386210e+01 2.843462203388664664e-02 9.976371645503010477e-01 -6.254876952403559676e-02 -2.024830411285298837e+00 9.757510493197129042e-01 -1.410852536731328072e-02 2.183817312852460168e-01 -2.899402895096875810e+01
2.152163544948426099e-01 -6.709625971885091467e-02 -9.743229308305221270e-01 -6.721957304322445736e+01 2.790994583957261133e-02 9.976520507415933547e-01 -6.252918527672562954e-02 -2.099113996044720487e+00 9.762318086889680835e-01 -1.374524934472935722e-02 2.165837160213462120e-01 -2.878394501852588405e+01
2.152646560911613549e-01 -6.624738989947899503e-02 -9.742436337095269350e-01 -6.823420793026721753e+01 2.785834252778351949e-02 9.977087041616463647e-01 -6.168153502569912600e-02 -2.175961248192478159e+00 9.760950262354862739e-01 -1.383080782399477397e-02 2.166148533101578677e-01 -2.856439775848955875e+01
2.152902292485303348e-01 -6.599007163238521101e-02 -9.742993801289753231e-01 -6.925117044470940186e+01 2.742927948414191491e-02 9.977281506898926233e-01 -6.152775786089301896e-02 -2.258749061133343172e+00 9.761468983364518515e-01 -1.348983753366751054e-02 2.166124509455570335e-01 -2.834719002305009994e+01
2.154597076216290819e-01 -6.404907455148844964e-02 -9.743397374207457551e-01 -7.028970932255836601e+01 2.546223237156113733e-02 9.978764533728550212e-01 -5.996181093053426503e-02 -2.338201176067472797e+00 9.761100896415678685e-01 -1.187597543418001354e-02 2.166322407951811746e-01 -2.813014782287817539e+01
2.184772576627719287e-01 -6.445687266331320830e-02 -9.738341607519926946e-01 -7.131265983118838392e+01 2.479918963277690305e-02 9.978589562636045462e-01 -6.049595154265594715e-02 -2.425338638498550470e+00 9.756508951128060048e-01 -1.096070629427090687e-02 2.196099376878127285e-01 -2.790962374853195627e+01
2.156124527335576413e-01 -6.304505681997424338e-02 -9.744367658588742875e-01 -7.232238564709773243e+01 2.233983516667641459e-02 9.979710616710281146e-01 -5.962490961803661865e-02 -2.508219231923251691e+00 9.762182056367092464e-01 -8.905050811919822465e-03 2.165830430266353912e-01 -2.770805723173272384e+01
2.126671950436583858e-01 -6.188083084388081023e-02 -9.752191648445844852e-01 -7.336126316467009190e+01 2.159742451102934779e-02 9.980452416154482753e-01 -5.862131614627148768e-02 -2.587331507577006029e+00 9.769423837001094402e-01 -8.623393293135415277e-03 2.135894409587294485e-01 -2.747929454687407613e+01
2.110191892643956679e-01 -5.900758784875707180e-02 -9.756553395658543737e-01 -7.438967859063882315e+01 2.117096696715239923e-02 9.982173104620937210e-01 -5.580645955456967761e-02 -2.672810201619267190e+00 9.772090326088507251e-01 -8.882021935311049457e-03 2.118929951789824406e-01 -2.725944426806595189e+01
2.080043702795444094e-01 -5.761643348131698095e-02 -9.764560140041312897e-01 -7.539600533921461079e+01 2.273760441788332323e-02 9.982780530618476922e-01 -5.405754685544308935e-02 -2.742304836834368320e+00 9.778903232255496958e-01 -1.097484760011324841e-02 2.089570448755041221e-01 -2.702717552688913827e+01
2.056770090304722576e-01 -5.737001961243400061e-02 -9.769864954731628526e-01 -7.642534097021514583e+01 2.165266745144426783e-02 9.983017076796197875e-01 -5.409086692470245483e-02 -2.828248590498217307e+00 9.784303999627240733e-01 -1.002862984198107064e-02 2.065709388465868934e-01 -2.682723976490598972e+01
2.031938686930886695e-01 -5.721631993579140429e-02 -9.775226929351488181e-01 -7.743677208094823072e+01 2.231063986319051229e-02 9.983031823634987978e-01 -5.378367984423282344e-02 -2.901554794250447156e+00 9.789414731117279667e-01 -1.087508656551782610e-02 2.041248202956083280e-01 -2.662209216761219466e+01
2.007670458878626496e-01 -5.816097839353381177e-02 -9.779636377085564325e-01 -7.845534180444657579e+01 2.237918889709526044e-02 9.982463654859013991e-01 -5.478304427412604427e-02 -2.976469691495410963e+00 9.794368874256648150e-01 -1.091638704574963981e-02 2.017183012059633462e-01 -2.641664891949996630e+01
2.013054751848541435e-01 -5.937146861392982033e-02 -9.777388915645526257e-01 -7.946449359847736105e+01 2.160008922664219747e-02 9.981871337815173550e-01 -5.616662820428176828e-02 -3.059331713402374753e+00 9.793021171320402951e-01 -9.826661495441958716e-03 2.022236531357557709e-01 -2.620249609524764978e+01
2.043209004428091502e-01 -6.119241905839432893e-02 -9.769569770119650443e-01 -8.046349649063976983e+01 1.978509200431899720e-02 9.980984294094835674e-01 -5.837936572857428674e-02 -3.143436567897076372e+00 9.786716281572636067e-01 -7.402840720149026291e-03 2.051432240303062426e-01 -2.598376686456351692e+01
2.091114694101689209e-01 -6.306419515052844038e-02 -9.759751406201966351e-01 -8.145013452538707099e+01 1.849266937464888461e-02 9.979937681259830606e-01 -6.053448712168471579e-02 -3.220316893300527727e+00 9.778366237989399856e-01 -5.414122388788509578e-03 2.098595616295738375e-01 -2.577990417443753302e+01
2.163302052966471489e-01 -6.167367366262543893e-02 -9.743581428554120016e-01 -8.245704469788759639e+01 1.958263502430735575e-02 9.980762578300665933e-01 -5.881256504007133928e-02 -3.291501931188661967e+00 9.761116114980430414e-01 -6.367539766919321637e-03 2.171217326120787883e-01 -2.556553356155930956e+01
2.212356949371416526e-01 -5.771484240779733293e-02 -9.735271574228977487e-01 -8.346275789589489591e+01 2.231388170710402533e-02 9.982855826672086819e-01 -5.411772355199736401e-02 -3.379528742728796775e+00 9.749812173619715194e-01 -9.745581531025390015e-03 2.221441631934555350e-01 -2.533047039190822858e+01
2.279164212113075072e-01 -5.668632972822377353e-02 -9.720445914390645203e-01 -8.442871322841122605e+01 2.016724365143830744e-02 9.983652956458708427e-01 -5.347972019035421298e-02 -3.449709687925629709e+00 9.734866552223060410e-01 -7.403941910857868118e-03 2.286861544511484545e-01 -2.511650055517003111e+01
2.332075030303748242e-01 -5.875419504582264640e-02 -9.707196047344581746e-01 -8.541922405127459683e+01 2.143578197267101068e-02 9.982408318273202630e-01 -5.528347304656471006e-02 -3.529400859427615611e+00 9.722598597441398649e-01 -7.911382302495020141e-03 2.340569372923447244e-01 -2.488748368855118187e+01
2.383418886536186887e-01 -6.179099619558660328e-02 -9.691327210033621187e-01 -8.639406224921054900e+01 2.264857568894430503e-02 9.980554892509774234e-01 -5.805497626686410839e-02 -3.604568085417579670e+00 9.708367938059870861e-01 -8.132880077027343155e-03 2.392787414229491649e-01 -2.465428551789762679e+01
2.448775893201435294e-01 -6.201127794873471238e-02 -9.675920160362166955e-01 -8.735356757086060497e+01 2.122437802416691707e-02 9.980572421503919323e-01 -5.857397260239600306e-02 -3.680769124919215596e+00 9.693442072010941546e-01 -6.185071247764076935e-03 2.457167868909377606e-01 -2.442721977474854711e+01
2.478413033512328334e-01 -6.324804400369420099e-02 -9.667496475285751734e-01 -8.833450285494319587e+01 1.921239847311889681e-02 9.979908286810164064e-01 -6.035818670967998262e-02 -3.766156177830796814e+00 9.686262683506678961e-01 -3.630335820151696716e-03 2.485590112897418935e-01 -2.418040617284635019e+01
2.519961033905570025e-01 -6.262201283849207212e-02 -9.657718649539581701e-01 -8.929198373272789979e+01 2.014281920538742165e-02 9.980263839154553951e-01 -5.948651197095520399e-02 -3.843206727857954252e+00 9.675910462329705419e-01 -4.463664304367937971e-03 2.527611986166104496e-01 -2.394049940550388555e+01
2.552838203995513311e-01 -5.436316022521726216e-02 -9.653771180970095456e-01 -9.023301744218117904e+01 2.119632404460840974e-02 9.984927051112927332e-01 -5.062648428817345669e-02 -3.919915535504988391e+00 9.666741928516677795e-01 -7.535920265499292461e-03 2.560513267383016101e-01 -2.369616345565404458e+01
2.562065536567980084e-01 -4.475186231533865439e-02 -9.655174496737685130e-01 -9.120295067787729693e+01 2.237864947730968529e-02 9.989344735701253253e-01 -4.036548748625563843e-02 -3.990116209697521121e+00 9.662949267444101986e-01 -1.126265795004842245e-02 2.569351420254725182e-01 -2.342620115819537219e+01
2.581427953891240468e-01 -4.058002591344609528e-02 -9.652562222304136297e-01 -9.216469227963905553e+01 2.115729197661712566e-02 9.991151260990893679e-01 -3.635363624857937404e-02 -4.049991155731311743e+00 9.658773420546835631e-01 -1.103300532674747307e-02 2.587729563403847188e-01 -2.318361056924766217e+01
2.590622047962152230e-01 -4.678212697728128394e-02 -9.647949911783210153e-01 -9.309561738053470492e+01 2.246874242625221743e-02 9.988473038678301608e-01 -4.242322539398473563e-02 -4.106191510979972037e+00 9.656674874467541247e-01 -1.068422409124759366e-02 2.598153331690694068e-01 -2.292115160593004219e+01
2.610527296207555414e-01 -5.347495089360607828e-02 -9.637792427141393947e-01 -9.401864151554941884e+01 2.345900215440766337e-02 9.985215221625729498e-01 -4.902065900800985782e-02 -4.172000958724436437e+00 9.649762512471893317e-01 -9.818348963588912834e-03 2.619205540295073686e-01 -2.266371994433776749e+01
2.601444037845725976e-01 -5.695773795434539571e-02 -9.639243642120690625e-01 -9.495891310676395847e+01 3.012046014062697008e-02 9.982515847672566167e-01 -5.086094747565689939e-02 -4.236499814494961491e+00 9.651359301863767781e-01 -1.579667723962017642e-02 2.614050022681019270e-01 -2.241404327062248569e+01
2.589348348124286270e-01 -5.608543451498930466e-02 -9.642060043396363245e-01 -9.588997784581910366e+01 3.200527298145781213e-02 9.982631097742205029e-01 -4.946327751741255024e-02 -4.308878046254089433e+00 9.653052930010764809e-01 -1.804781599563115568e-02 2.602796273776149527e-01 -2.214932322773433526e+01
2.602516273050377027e-01 -5.313111543012700305e-02 -9.642059611695126264e-01 -9.682938816294203832e+01 3.248810987347457158e-02 9.984013317071851468e-01 -4.624479265531016015e-02 -4.361661435318284319e+00 9.651222252796544110e-01 -1.928904985644505632e-02 2.615615986354823952e-01 -2.190144233302441279e+01
2.587634379178350152e-01 -4.845215449492733251e-02 -9.648501336457286914e-01 -9.776554004560047417e+01 3.107766212922233665e-02 9.986416125113874998e-01 -4.181935903090153173e-02 -4.421152079884902442e+00 9.655661756499708259e-01 -1.916071919555899575e-02 2.599177282725597116e-01 -2.165423085687075755e+01
2.579228197325106331e-01 -4.219532776474384239e-02 -9.651396374546322710e-01 -9.869945523607363214e+01 2.795402217584611049e-02 9.989542929736441312e-01 -3.619071818552137276e-02 -4.476776011653453402e+00 9.656568774700138302e-01 -1.763316039570872809e-02 2.588316616220771027e-01 -2.141683797443298687e+01
2.582937996614885767e-01 -3.791474040294069009e-02 -9.652148768986119620e-01 -9.961413062961176479e+01 1.854932791628609648e-02 9.992402320245956648e-01 -3.428083532863573230e-02 -4.531383281638200700e+00 9.657810935368587035e-01 -9.046174248776713347e-03 2.588005318076445072e-01 -2.117925632758183596e+01
2.567794698678297349e-01 -3.445732091640568706e-02 -9.658857387139861972e-01 -1.005450870514829376e+02 1.180477649563531004e-02 9.994011866086559559e-01 -3.252354864021414493e-02 -4.576067953734709093e+00 9.664282747019069530e-01 -3.057203874185251188e-03 2.570328588051917218e-01 -2.095400487636368325e+01
2.543929968695709531e-01 -3.363512408905137280e-02 -9.665210229154077570e-01 -1.014632194941180359e+02 1.329904813024394665e-02 9.994222081800584467e-01 -3.127889975141702472e-02 -4.639758104049652054e+00 9.670147876301379286e-01 -4.896503844849213125e-03 2.546932983874128364e-01 -2.071704368553513476e+01
2.507849766370205957e-01 -3.436875124918140761e-02 -9.674584544363731275e-01 -1.023834599294896748e+02 1.800693288128271674e-02 9.993621676586283975e-01 -3.083352270906212014e-02 -4.695510990716749156e+00 9.679013962225403445e-01 -9.695317629527093820e-03 2.512440579157311227e-01 -2.048074130426764228e+01
2.441109445741456441e-01 -3.840041234914381985e-02 -9.689248698232338919e-01 -1.033027859701851838e+02 2.086235817000987175e-02 9.991921748434243744e-01 -3.435313632343298118e-02 -4.737934836054680687e+00 9.694611425765081725e-01 -1.182677925803738740e-02 2.447150207792302690e-01 -2.025017603586152859e+01
2.350566388367005821e-01 -3.957177600719863353e-02 -9.711019886472371798e-01 -1.042219490238712751e+02 2.475904627811058648e-02 9.990905988658468351e-01 -3.470963659274250990e-02 -4.786441347430702820e+00 9.715925150204745009e-01 -1.588805218276817532e-02 2.358224074400079306e-01 -2.002900806449114413e+01
2.265861094439386714e-01 -3.892469205007027810e-02 -9.731472931218693168e-01 -1.051431787638832560e+02 3.190662829214633428e-02 9.989622600021458299e-01 -3.251942697162510387e-02 -4.841239265993105612e+00 9.734027405150919021e-01 -2.366811482509366057e-02 2.275919042441392481e-01 -1.981233853578185133e+01
2.152559016364783695e-01 -3.883663681617954833e-02 -9.757110664837387315e-01 -1.060653085640994249e+02 2.995880295594056941e-02 9.990020436870515885e-01 -3.314026499197082754e-02 -4.892638915955306089e+00 9.760239698643061734e-01 -2.208601929286596252e-02 2.162035954946845695e-01 -1.960992214992489835e+01
2.026837605438985279e-01 -3.766165162705117225e-02 -9.784810087495127151e-01 -1.069904795672618008e+02 2.667964033235136270e-02 9.991015908421597702e-01 -3.291996431176243132e-02 -4.932967344764240814e+00 9.788421328677769928e-01 -1.943934089580369451e-02 2.035064443445327165e-01 -1.943050516103424741e+01
1.906834012863856398e-01 -3.381327052101171238e-02 -9.811292339392705397e-01 -1.079139888738046835e+02 2.784043119885632259e-02 9.991902609777957300e-01 -2.903093233516647678e-02 -4.978379824115888752e+00 9.813170998899388708e-01 -2.179082855377958983e-02 1.914710286547411933e-01 -1.925579062331140534e+01
1.790948659816702371e-01 -3.246372582257309181e-02 -9.832868934570045960e-01 -1.088482515419397032e+02 2.815499902981534464e-02 9.992151925567677173e-01 -2.785637314871348275e-02 -5.026617124305133188e+00 9.834198737228364573e-01 -2.269804699311066959e-02 1.798682888107290823e-01 -1.909306701207449919e+01
1.638007151512899662e-01 -3.064752738555012040e-02 -9.860095688054690832e-01 -1.097725459520674747e+02 2.619430248906201228e-02 9.992999339984562912e-01 -2.670756740080740266e-02 -5.063340828725288567e+00 9.861380064481356511e-01 -2.145751492592744974e-02 1.644889223262365474e-01 -1.895222518398684741e+01
1.513043194739084885e-01 -3.133773296204157843e-02 -9.880507844096024783e-01 -1.107054438008560311e+02 2.904906239784707522e-02 9.992062930240258600e-01 -2.723863884334756444e-02 -5.114357470752239010e+00 9.881209096158640737e-01 -2.459412035376458069e-02 1.520949121612226174e-01 -1.880813049359663225e+01
1.373875145236312656e-01 -3.531603367949971012e-02 -9.898892864399196911e-01 -1.116240129715272076e+02 2.806931840581598434e-02 9.991021441720135954e-01 -3.173044373545647751e-02 -5.159227951472091789e+00 9.901213361806541213e-01 -2.342727661638764614e-02 1.382548817573123756e-01 -1.868854205152981152e+01
1.256279311176397018e-01 -4.472653732037641661e-02 -9.910884323868391910e-01 -1.125420798505675606e+02 2.974114022748225103e-02 9.987029358729979656e-01 -4.130475420958448080e-02 -5.215495236543095992e+00 9.916516394367005383e-01 -2.431092549858180837e-02 1.267963760513545757e-01 -1.858082389678770951e+01
1.121728678849320815e-01 -4.934827834162981708e-02 -9.924710167926189541e-01 -1.134505712472549988e+02 2.868189512753062734e-02 9.985098521127252491e-01 -4.641673366909536413e-02 -5.268626370979251128e+00 9.932834243052197642e-01 -2.327150515976807513e-02 1.134220420796743650e-01 -1.847504099132173394e+01
1.001518279151263346e-01 -4.634981547749906367e-02 -9.939146066057141793e-01 -1.143765639521644886e+02 2.871762572761551308e-02 9.986320531483542373e-01 -4.367758004343744865e-02 -5.323522518639562939e+00 9.945806503479630578e-01 -2.418940378807791364e-02 1.013467976498412526e-01 -1.839979397846072828e+01
8.558248988527382417e-02 -4.258636908135507437e-02 -9.954340682667023321e-01 -1.153035510578272493e+02 2.788397705918171932e-02 9.987966201513134301e-01 -4.033010943494350076e-02 -5.382251024524143723e+00 9.959544141146754459e-01 -2.432107549951155814e-02 8.666750461032443620e-02 -1.832318937074651899e+01
7.595734408662910275e-02 -4.406907060711175161e-02 -9.961182907212003945e-01 -1.162151998594869013e+02 2.419734991398885329e-02 9.988105183807483023e-01 -4.232882147020138042e-02 -5.441824035634549972e+00 9.967989799818504082e-01 -2.088830874220126352e-02 7.693286517420522275e-02 -1.826209580213580708e+01
6.803315632561687809e-02 -5.052191886675444499e-02 -9.963657312381672959e-01 -1.171360184890427689e+02 1.944582176558306078e-02 9.985954782656962792e-01 -4.929942825038909071e-02 -5.498003988960406652e+00 9.974557701174443514e-01 -1.599549038720880431e-02 6.891888413885048636e-02 -1.821886016363680838e+01
6.275321994257013203e-02 -5.816772488198014568e-02 -9.963493744248608230e-01 -1.180593093926532902e+02 1.322426753917926162e-02 9.982608032221034211e-01 -5.745403734005555263e-02 -5.559000701397516231e+00 9.979584896515730774e-01 -9.566565791409636574e-03 6.341342206819479410e-02 -1.816994703581399762e+01
5.948151524962557585e-02 -6.085861009461907695e-02 -9.963805334092112886e-01 -1.189842778663232679e+02 8.324354986916334201e-03 9.981359116701730150e-01 -6.044923852713449119e-02 -5.630742065635518045e+00 9.982023349971642645e-01 -4.701058567946126907e-03 5.987660114182991739e-02 -1.813095328713798793e+01
5.619007909931789807e-02 -6.161710991167095725e-02 -9.965171070355222094e-01 -1.199076711504679054e+02 6.785739689106986584e-03 9.980952558104677630e-01 -6.131623498964718089e-02 -5.699850271126439161e+00 9.983964876801127986e-01 -3.304008148482015517e-03 5.650016058005019604e-02 -1.808579786029961056e+01
5.036893940335756409e-02 -6.131500080413046505e-02 -9.968498695183067859e-01 -1.208305983791959477e+02 5.233684356142579569e-03 9.981166071921490079e-01 -6.112706248733415504e-02 -5.773310270071990047e+00 9.987199001579130098e-01 -2.126737285836462210e-03 5.059449073011415554e-02 -1.805007746888720632e+01
4.540518929225823008e-02 -5.832532261349965969e-02 -9.972686808834598793e-01 -1.217352002724591813e+02 3.284694111565385297e-03 9.982966109049102865e-01 -5.826083345929149171e-02 -5.836454495854080271e+00 9.989682528694316943e-01 -6.333867457124886090e-04 4.552034041304956619e-02 -1.801957715362131651e+01
3.886998448037257137e-02 -5.491822921942855762e-02 -9.977311992752289083e-01 -1.226637963145433616e+02 4.180631860283919379e-03 9.984890039855358612e-01 -5.477967544797743976e-02 -5.907999291260880526e+00 9.992324511911170326e-01 -2.050215380006288352e-03 3.904064333235906376e-02 -1.798607594342218974e+01
3.194944317140897133e-02 -5.096338087206249423e-02 -9.981973656226735825e-01 -1.236070529928832684e+02 1.127038547462636551e-03 9.987000939334370608e-01 -5.096937044841434727e-02 -5.985558190606823814e+00 9.994973275691970693e-01 5.075294399477011525e-04 3.196567867350490200e-02 -1.795267087431493636e+01
2.609137005395029477e-02 -5.197886175247699164e-02 -9.983031557240014120e-01 -1.245216080073006424e+02 -4.702812400250265014e-03 9.986296203835540730e-01 -5.213017827671002913e-02 -6.053070220956554337e+00 9.996447113852015010e-01 6.056239728482934286e-03 2.581141203320356375e-02 -1.793911780917084187e+01
2.077939505240123524e-02 -5.412818282875539455e-02 -9.983151234064641111e-01 -1.254129068020021975e+02 -1.026822502652931582e-02 9.984701071947201800e-01 -5.431656376221837002e-02 -6.109926719220599267e+00 9.997272963028891457e-01 1.139131893442555180e-02 2.019082787081951866e-02 -1.793798346656297227e+01
1.209010527754638721e-02 -5.654831776874626181e-02 -9.983195703048405312e-01 -1.263158548227752505e+02 -1.022477100789448423e-02 9.983406722509077236e-01 -5.667178232623192036e-02 -6.183109536371767412e+00 9.998671385668490563e-01 1.090534090965953294e-02 1.149151093406561817e-02 -1.793306025991575225e+01
3.957255764408796478e-03 -5.850133918192653576e-02 -9.982785103060054510e-01 -1.272158296598441041e+02 -8.225761753262318676e-03 9.982522147097686593e-01 -5.853321609163422701e-02 -6.256405730520795849e+00 9.999566913110022881e-01 8.464205241774973992e-03 3.468589291891737130e-03 -1.792451117591391352e+01
-1.225656565427132080e-03 -5.748915856369091887e-02 -9.983448772055376619e-01 -1.281418740966901453e+02 -1.003757872228003105e-02 9.982957332829245356e-01 -5.749832592281763771e-02 -6.318450365575145611e+00 9.999497656533216094e-01 9.936403432013319117e-03 -1.799645384741452563e-03 -1.792572401878718580e+01
-9.728866256203068386e-03 -5.300346584194580435e-02 -9.985477293376057162e-01 -1.290528168050796296e+02 -1.073015374965568570e-02 9.985423720255433011e-01 -5.290740972828887612e-02 -6.380180698683313167e+00 9.998958462217103493e-01 1.021199609541643613e-02 -1.028339870330482846e-02 -1.794052841085883543e+01
-1.569854655483178540e-02 -5.092800239708974303e-02 -9.985708201033040021e-01 -1.299438385005864518e+02 -1.203935767836195048e-02 9.986389996178174355e-01 -5.074123690625419875e-02 -6.447499080019203355e+00 9.997967633548010546e-01 1.120698698592690300e-02 -1.629002946916634567e-02 -1.797873910454593371e+01
-2.451609660592955070e-02 -5.426815620335417173e-02 -9.982303940249492857e-01 -1.308761756685715625e+02 -1.429425521836783994e-02 9.984422690749622520e-01 -5.395024651403102639e-02 -6.513976461167063192e+00 9.996027344348955568e-01 1.295416218172000707e-02 -2.525334141053047626e-02 -1.800109545765531394e+01
-3.074434332910560078e-02 -5.728145351171942679e-02 -9.979001710808965697e-01 -1.317745378392933731e+02 -1.379601596700288924e-02 9.982856334562456579e-01 -5.690251069966093672e-02 -6.581429031529162366e+00 9.994480893416813894e-01 1.203307759004208430e-02 -3.148163823078250351e-02 -1.803049051980193695e+01
-3.689321087233390917e-02 -5.846743211327181527e-02 -9.976165971192748616e-01 -1.326455998630617330e+02 -1.479071725406159304e-02 9.982102401843152562e-01 -5.795850137525328932e-02 -6.644501683639898459e+00 9.992182134978393471e-01 1.264776351437135737e-02 -3.769258083375939816e-02 -1.808776948242307014e+01
-4.425229152767234941e-02 -5.776640732046235682e-02 -9.973620639493626649e-01 -1.335649485461076438e+02 -1.583894620095067235e-02 9.982422200395695278e-01 -5.711578074794386450e-02 -6.714385472497572671e+00 9.989077723162498312e-01 1.327888491737439988e-02 -4.508967131189443173e-02 -1.814094325807092645e+01
-5.250210492347836405e-02 -5.699784481396259761e-02 -9.969910672271204977e-01 -1.344617685002257872e+02 -1.313880426834916106e-02 9.983241119235940486e-01 -5.634379136624072942e-02 -6.778300470667114830e+00 9.985308364934858405e-01 1.015821258404983780e-02 -5.316419059005095954e-02 -1.818318561809548584e+01
-6.146735812811471994e-02 -5.663399132212447451e-02 -9.965161581363538579e-01 -1.353644910128026027e+02 -9.270672337276493827e-03 9.983785979150275880e-01 -5.616206482416703089e-02 -6.850230336584052893e+00 9.980807843359585929e-01 5.792693265693008194e-03 -6.189300449090186923e-02 -1.823593192989211431e+01
-6.895296143854920401e-02 -5.567523251851013572e-02 -9.960787315941724840e-01 -1.362847316364409949e+02 -7.685656848500506746e-03 9.984418594934041380e-01 -5.527583648437774111e-02 -6.918279111313227148e+00 9.976035949728625507e-01 3.860714606671481613e-03 -6.927388979603532615e-02 -1.828415218796541453e+01
-7.574194426719015050e-02 -5.739022616231289481e-02 -9.955131893596286252e-01 -1.371886534045561348e+02 -1.403335216033396900e-02 9.983049048059526864e-01 -5.648623604861949948e-02 -6.982075976540722095e+00 9.970672802626919795e-01 9.699145678030223275e-03 -7.641912624587385294e-02 -1.837084630226856419e+01
-8.105746257923682196e-02 -5.654032026368289998e-02 -9.950613049175823788e-01 -1.380907052657833276e+02 -1.860608313465786021e-02 9.983011329395062861e-01 -5.520529715907446927e-02 -7.044192869665526047e+00 9.964935344220325897e-01 1.401742552628465824e-02 -8.197130604189861725e-02 -1.845540247765900332e+01
-8.666828626409937841e-02 -5.480329754612206505e-02 -9.947383300958347885e-01 -1.390174993425034131e+02 -1.601404052477628862e-02 9.984340525510284614e-01 -5.359254925374877521e-02 -7.118306685841679027e+00 9.961171724365193159e-01 1.129707331456574620e-02 -8.741076006897251227e-02 -1.853714323562413213e+01
-9.217618603088553741e-02 -5.457536177500828950e-02 -9.942961888794126235e-01 -1.398985959034654059e+02 -1.367867683212459912e-02 9.984726488820873103e-01 -5.352743083457621454e-02 -7.179149008820449041e+00 9.956980228378996545e-01 8.686091191139415010e-03 -9.278247608486335507e-02 -1.861941153691312323e+01
-9.645931432235450853e-02 -5.600215781405886578e-02 -9.937785475163817273e-01 -1.408086092007637262e+02 -1.222708373546157849e-02 9.984072237367550562e-01 -5.508234676562049487e-02 -7.243937043521825991e+00 9.952801729982954093e-01 6.843455345852590514e-03 -9.699040037356794486e-02 -1.870704773145326172e+01
-1.025982057825704785e-01 -5.315815341940359484e-02 -9.933229123579283559e-01 -1.416941607983285394e+02 -7.232851514854964428e-03 9.985843282965206624e-01 -5.271896491737347590e-02 -7.305409956850796860e+00 9.947182981550118930e-01 1.797582195705049431e-03 -1.028373068820837288e-01 -1.879064851758231569e+01
-1.089717449902855156e-01 -4.909135963176104733e-02 -9.928266801321403712e-01 -1.425915476459723834e+02 1.319473093733548527e-03 9.987726816027052701e-01 -4.950215269223083581e-02 -7.364379297535621482e+00 9.940380347473493083e-01 -6.700006533585703937e-03 -1.087739846437497798e-01 -1.887905773812397570e+01
-1.137986849565170711e-01 -4.663058104934248577e-02 -9.924657133765752981e-01 -1.435079238111580935e+02 3.589385408579502754e-03 9.988724671072369832e-01 -4.734500147171558093e-02 -7.432609613859071374e+00 9.935538777222860940e-01 -8.933629488733199966e-03 -1.135034125494701618e-01 -1.898720395233630498e+01
-1.172722576440075604e-01 -4.962118965149151656e-02 -9.918045676786551024e-01 -1.443873271703513126e+02 1.112670884093759204e-03 9.987425781350178777e-01 -5.011417817989134715e-02 -7.484713919135844939e+00 9.930453906182081791e-01 -7.003679650565415409e-03 -1.170685866157355481e-01 -1.910130734396361518e+01
-1.215458985763273603e-01 -5.070946947025199714e-02 -9.912972097172041419e-01 -1.452762602988609899e+02 6.071589062338895830e-04 9.986893578904557645e-01 -5.117957677500661190e-02 -7.548820433389663798e+00 9.925939635684453144e-01 -6.833973951134116910e-03 -1.213550138414110080e-01 -1.922076287989260024e+01
-1.221706751968615473e-01 -5.135551832256349952e-02 -9.911222445899265932e-01 -1.461686305554326566e+02 -1.180066666732219362e-03 9.986670844008022074e-01 -5.160463655489635343e-02 -7.608746980189549092e+00 9.924512990489782194e-01 -5.133437389342867217e-03 -1.220683652424156412e-01 -1.934450712155282304e+01
-1.242521301203583228e-01 -5.033765316983830618e-02 -9.910131767856855678e-01 -1.470436102754703427e+02 -1.076326136560671470e-03 9.987185468827595169e-01 -5.060471119975933074e-02 -7.669753224900547117e+00 9.922904992875490882e-01 -5.214077312870903785e-03 -1.241469880204691956e-01 -1.945526606750511434e+01
-1.240528655983182960e-01 -4.487284950039328174e-02 -9.911883993354073663e-01 -1.479337422412777698e+02 1.514985916503804812e-04 9.989759081179843125e-01 -4.523370405851779436e-02 -7.734068840615965001e+00 9.922037678839953356e-01 -5.778816319642797461e-03 -1.239188756185542889e-01 -1.957938778808779645e+01
-1.252907004261981094e-01 -3.919220989385519688e-02 -9.914035905467610821e-01 -1.488335605615247346e+02 -4.718253212913026346e-04 9.992216913257753186e-01 -3.945646050731273224e-02 -7.785787890013905255e+00 9.921779740058932484e-01 -4.461199367838709906e-03 -1.252117159018659998e-01 -1.969478284255109912e+01
-1.243975593665662682e-01 -3.668923204397506188e-02 -9.915463213030530909e-01 -1.497035899175743339e+02 8.473970637017621318e-04 9.993115155318187393e-01 -3.710742006384023378e-02 -7.843308384275808898e+00 9.922248879615627182e-01 -5.451543372927633753e-03 -1.242804183959347053e-01 -1.980677081479862522e+01
-1.266522555613869006e-01 -4.050440446397483851e-02 -9.911167305685688600e-01 -1.505724292797218880e+02 2.230616118460519704e-04 9.991649302314904446e-01 -4.085768377534081119e-02 -7.902504253032465620e+00 9.919439908793824534e-01 -5.392246666810747956e-03 -1.265376124190124296e-01 -1.992499216518330485e+01
-1.268646181664474515e-01 -4.479086032313666504e-02 -9.908816805414721873e-01 -1.514444643610412129e+02 1.817385801703070821e-03 9.989680451363275315e-01 -4.538703883779512949e-02 -7.952674744591332612e+00 9.918917720237577784e-01 -7.551127052857970964e-03 -1.266524534591379203e-01 -2.003894307633264660e+01
-1.283197394219889043e-01 -4.571540081620294182e-02 -9.907592061175630738e-01 -1.523079726242127379e+02 -5.775554731594966049e-04 9.989409277563886524e-01 -4.600675545927874338e-02 -7.999633764165147376e+00 9.918129436372378205e-01 -5.323037460022522760e-03 -1.282107669629397873e-01 -2.015705489286152385e+01
-1.267336384034490337e-01 -4.377068519994074813e-02 -9.909046595797218471e-01 -1.531753651742234581e+02 -1.803171952741086442e-03 9.990346525763840191e-01 -4.388612329763447173e-02 -8.060739821385775272e+00 9.918692172500568338e-01 -3.782389911122758987e-03 -1.266902406095499201e-01 -2.027856592900034727e+01
-1.290201754696001513e-01 -4.512567826332752885e-02 -9.906033199488908370e-01 -1.540342937212607239e+02 2.335683015792529901e-03 9.989473680685947432e-01 -4.579943866386348289e-02 -8.117803434061217516e+00 9.916280379975594972e-01 -8.240290146835050136e-03 -1.287788399760086966e-01 -2.039447086600719672e+01
-1.290045391346794634e-01 -4.548648431837884476e-02 -9.905826762590700385e-01 -1.549005894861439003e+02 1.146751842192622823e-03 9.989395403437848486e-01 -4.602569485632818092e-02 -8.177109703599834134e+00 9.916264603096697217e-01 -7.084196697266379253e-03 -1.288151992109669020e-01 -2.050344951316581898e+01
-1.289986104666331901e-01 -5.050212409801260738e-02 -9.903360009652099061e-01 -1.557468046687859839e+02 -7.290054416342970321e-03 9.987238930931338077e-01 -4.995712281234028496e-02 -8.232117133945706655e+00 9.915960289948498874e-01 7.573494742013907625e-04 -1.292022423318533453e-01 -2.063273330319574228e+01
-1.296707055400757314e-01 -5.418594033899123280e-02 -9.900949868420879652e-01 -1.566034465379832170e+02 -1.247101176584407452e-02 9.985163195171625761e-01 -5.299532672726009475e-02 -8.290122748230745131e+00 9.914977014376473718e-01 5.475677137088084782e-03 -1.301544628349664279e-01 -2.076565026389427615e+01
-1.298004913529547666e-01 -5.656658657232535581e-02 -9.898697545738219805e-01 -1.574517329042935501e+02 -1.115529126840119137e-02 9.983911814114179162e-01 -5.559397516738452671e-02 -8.348974100395238906e+00 9.914224831403208871e-01 3.816210542720672658e-03 -1.302222831666402791e-01 -2.088200700366612139e+01
-1.305486379238096628e-01 -5.755853552598679673e-02 -9.897330498057080872e-01 -1.582895166867214698e+02 -9.006731766156579611e-03 9.983403787646348837e-01 -5.688557701085825147e-02 -8.415400513592429022e+00 9.913651707587166628e-01 1.478023485425373259e-03 -1.308497625054446944e-01 -2.099826677016329057e+01
-1.313872903150207494e-01 -5.865934145438857911e-02 -9.896490939743008974e-01 -1.591272522595460828e+02 -1.045447437932616776e-02 9.982747297070900805e-01 -5.779148573707168501e-02 -8.475881294193811755e+00 9.913305822047562277e-01 2.774479611801964393e-03 -1.317742209653648688e-01 -2.112945803324340233e+01
-1.341664967821024346e-01 -5.451898007957552833e-02 -9.895400596757154554e-01 -1.599803080859046247e+02 -4.001955160200904374e-03 9.985071557861180391e-01 -5.449260133565130698e-02 -8.542405044103654532e+00 9.910329343529716839e-01 -3.331652516226620096e-03 -1.341843267496057035e-01 -2.125175775444658299e+01
-1.362610221012806877e-01 -4.955800915727126554e-02 -9.895053771032837897e-01 -1.608111018311464875e+02 2.372018043301303558e-03 9.987291356904571815e-01 -5.034306402899823424e-02 -8.606782061911250281e+00 9.907426329233594009e-01 -9.205482438182182453e-03 -1.359705081461756448e-01 -2.136877364353604491e+01
-1.382102104850986002e-01 -4.333141304630434842e-02 -9.894985769195130398e-01 -1.616891426251164319e+02 5.592633399494274099e-03 9.989927141399073118e-01 -4.451693466569538876e-02 -8.668700130810025328e+00 9.904310029527181314e-01 -1.169340685620290018e-02 -1.378288860820242601e-01 -2.149565084798611636e+01
-1.417077746061450316e-01 -4.199360979055587195e-02 -9.890281908460979432e-01 -1.625010911200442933e+02 9.679707273147932292e-03 9.989935662623038448e-01 -4.380739196724434820e-02 -8.713272557833638743e+00 9.898719172956207402e-01 -1.576844863406931183e-02 -1.411588728634341483e-01 -2.161519981780131872e+01
-1.453689118994120066e-01 -4.694899608632957522e-02 -9.882231845679048110e-01 -1.632907839093633129e+02 9.085206615443949460e-03 9.987670088251952016e-01 -4.881507781502075066e-02 -8.774198546271570365e+00 9.892966435882492027e-01 -1.607820372603667794e-02 -1.447621110744952422e-01 -2.174377070619571128e+01
-1.518968534881265930e-01 -4.868130707605788227e-02 -9.872337142213568617e-01 -1.641470807363283200e+02 9.303177943348872256e-03 9.986726605154180314e-01 -5.066355056183039635e-02 -8.838249379402343564e+00 9.883890647986579570e-01 -1.686699071427076937e-02 -1.512430678648462867e-01 -2.189668481463907312e+01
-1.611014113204949916e-01 -4.950441640001053412e-02 -9.855997766411083161e-01 -1.649678475586607647e+02 1.170096739333968509e-02 9.985738427398187511e-01 -5.208578488028978160e-02 -8.884503049298432487e+00 9.867735329682895129e-01 -1.994376161166406744e-02 -1.602912322263229106e-01 -2.202920703718814721e+01
-1.715512102972454600e-01 -4.488442792901244094e-02 -9.840608919518698539e-01 -1.657614548890605306e+02 1.379556721450761816e-02 9.987523096569330683e-01 -4.798152004170657542e-02 -8.939153282276789625e+00 9.849883317381321612e-01 -2.184216575303126254e-02 -1.707163464662396490e-01 -2.217542619877866272e+01
-1.820939991352591159e-01 -4.193778083700624992e-02 -9.823177417365546171e-01 -1.665458248313387060e+02 1.495305804613557797e-02 9.988564019240617764e-01 -4.541206733475395413e-02 -8.995889499033797421e+00 9.830989038070320207e-01 -2.295943009430943815e-02 -1.812585593620981705e-01 -2.233675758769036790e+01
-1.965983097007233116e-01 -4.300763029990058856e-02 -9.795231584787867929e-01 -1.673738420603292241e+02 2.134889019491304288e-02 9.986116928084385336e-01 -4.814727132536546217e-02 -9.053045073746492477e+00 9.802347135003118828e-01 -3.039530397248771387e-02 -1.954061694913440950e-01 -2.250361810816602315e+01
-2.102725997030476246e-01 -4.264959866456304732e-02 -9.766088795803226086e-01 -1.680950208469594997e+02 2.319377994520947089e-02 9.985481250903288641e-01 -4.859923199528064230e-02 -9.107681891446336664e+00 9.772647520088818540e-01 -3.290042925683500652e-02 -2.089772377571999240e-01 -2.266019343626100380e+01
-2.239401202333542173e-01 -4.151413984496710868e-02 -9.738340589315549467e-01 -1.688608012581061928e+02 2.433957997058148678e-02 9.985437353774622160e-01 -4.817285462428727572e-02 -9.160491883887997844e+00 9.744145280116576213e-01 -3.445105258814928906e-02 -2.226043442281228635e-01 -2.284706394577242961e+01
-2.364457517889197724e-01 -4.230930565217485423e-02 -9.706719252892492822e-01 -1.696080208497413082e+02 2.988764600925921527e-02 9.982617527478530040e-01 -5.080731466262774360e-02 -9.211697074109812533e+00 9.711339107463708986e-01 -4.101458711672380242e-02 -2.347698420491355631e-01 -2.302888171891961022e+01
-2.502037731077943472e-01 -4.826012656403071838e-02 -9.669750442473331598e-01 -1.704378100436554178e+02 2.522812370751400385e-02 9.980933111344229003e-01 -5.634530811762027136e-02 -9.283381539192166798e+00 9.678497704558385317e-01 -3.847614461619385667e-02 -2.485094710357760583e-01 -2.324990000672773149e+01
-2.614261710734750443e-01 -6.018261967993344258e-02 -9.634258570378914088e-01 -1.710904355232757723e+02 1.448995639565649196e-02 9.976974116725113584e-01 -6.626233260260934455e-02 -9.336107954764873540e+00 9.651950673936107172e-01 -3.127179230807835414e-02 -2.599523745845555567e-01 -2.345762413984081363e+01
-2.748258282956866916e-01 -6.951480179804331305e-02 -9.589606670242130093e-01 -1.718338959666591848e+02 9.104969143353921698e-03 9.971510745789933239e-01 -7.486493143405674455e-02 -9.392562373818559962e+00 9.614331443842806246e-01 -2.931660171723069960e-02 -2.734105693786281766e-01 -2.368015869456303335e+01
