1.000000000000000000e+00 -3.306050084167601550e-19 -2.270457535318767223e-19 -8.673617379884035472e-19 7.546676715296109287e-19 1.000000000000000000e+00 6.237773588823049983e-19 1.387778780781445676e-17 -3.447385680526250622e-20 4.770700176052009879e-20 1.000000000000000222e+00 5.551115123125782702e-17
9.997779932485092447e-01 1.726295620593709321e-03 2.099469229976714743e-02 2.274008732735823685e-02 -1.707446833753383441e-03 9.999981393214193437e-01 -9.153670750346413077e-04 4.513459220594859267e-03 -2.099623486420381865e-02 8.793048661221590425e-04 9.997790975707574468e-01 1.018815987052188454e-01
9.993217965882523757e-01 4.217914719805852634e-03 3.657866918375657361e-02 3.034403708421096191e-02 -4.207807167290173941e-03 9.999910971308594299e-01 -3.532849218363036761e-04 -3.654241633939653289e-03 -3.657983276150355428e-02 1.990999858638708986e-04 9.993306237750900767e-01 2.556136356469196902e-01
9.979502459490620092e-01 5.689896753395790041e-03 6.372416223643016797e-02 5.945377236571999097e-02 -5.761494501149983308e-03 9.999829588690855031e-01 9.398157954717198392e-04 -3.565053347023616759e-03 -6.371774216659255308e-02 -1.305133694036415349e-03 9.979660552259506101e-01 4.320806085093674698e-01
9.952936205232945088e-01 4.843212132993985133e-03 9.678630405679171378e-02 1.232543958318540467e-01 -5.104676573662035241e-03 9.999839801693225505e-01 2.453672757712001273e-03 -7.338849195920593704e-04 -9.677287779280689672e-02 -2.936095987555632000e-03 9.953023620377908776e-01 5.905758717739868491e-01
9.908268325084383932e-01 1.264131953458936522e-03 1.351395302794514419e-01 1.823152570214262580e-01 -2.018655168779079096e-03 9.999831592790844326e-01 5.446935325116294101e-03 -1.095832362661193493e-02 -1.351303716350171213e-01 -5.669666668635080752e-03 9.908126445306845165e-01 7.953755941048843425e-01
9.846478429401778198e-01 -2.048742466647623852e-03 1.745492315331933220e-01 2.569351832928195578e-01 9.669701614133951757e-04 9.999798243502505679e-01 6.282499427777418939e-03 -5.852655457043179354e-03 -1.745585892503226377e-01 -6.017268128447811511e-03 9.846299258644791719e-01 9.718352626063674338e-01
9.761003831051140445e-01 -2.619106025134183748e-03 2.173175509345307843e-01 3.455089360368782114e-01 1.082514939801919578e-03 9.999735784487596701e-01 7.191595641838655420e-03 -1.402519067871786651e-02 -2.173306562614954474e-01 -6.784576231066249095e-03 9.760773965737206126e-01 1.185480787327485075e+00
9.638821496205647321e-01 -1.788887152131065196e-03 2.663672729535344619e-01 4.511231424261949452e-01 -8.829437914083552649e-04 9.999505092742064782e-01 9.912507747418777132e-03 5.109367917909599099e-03 -2.663718501136791428e-01 -9.789661368932035812e-03 9.638328131358686601e-01 1.401439856256072147e+00
9.494724520279413937e-01 -6.161891182305655017e-03 3.138663766671174193e-01 5.713455845541904887e-01 9.661466075282124999e-04 9.998598835767917858e-01 1.670805728956248695e-02 2.628445236341939162e-03 -3.139254152203986292e-01 -1.556077777405169907e-02 9.493453711137118667e-01 1.640870489908085261e+00
9.327829178158910661e-01 -1.600484505434959792e-02 3.601350069915424945e-01 7.127383442657756474e-01 7.259060961994585892e-03 9.996451909779610068e-01 2.562207930470544737e-02 -1.606957584467993971e-03 -3.604174449631359356e-01 -2.128559871390972927e-02 9.325681456502705746e-01 1.857352338133042569e+00
9.115442324960872922e-01 -2.174390499215954342e-02 4.107236417581784371e-01 8.742959542365905667e-01 1.027623162746556414e-02 9.994936424582331336e-01 3.011260127235738590e-02 -5.306628975626156985e-03 -4.111706114444564908e-01 -2.322842957021890864e-02 9.113061301535595460e-01 2.076425044585624491e+00
8.866468411347008249e-01 -2.327046595121338990e-02 4.618776443672873988e-01 1.065312155581374265e+00 8.277987148517712557e-03 9.993717420221841508e-01 3.445423498176425348e-02 1.298691744954089122e-03 -4.623894576174645277e-01 -2.672463846607196422e-02 8.862824350811828733e-01 2.314632454439726761e+00
8.583985865608786403e-01 -2.549795216419811772e-02 5.123382784358180286e-01 1.250646061223150252e+00 6.090498009277066707e-03 9.992001071507867760e-01 3.951963938266562365e-02 1.900853216730036266e-02 -5.129362287865113501e-01 -3.080296863848885208e-02 8.578672095705004441e-01 2.539154514920206829e+00
8.261884733786162283e-01 -3.057402617602574674e-02 5.626268185998062332e-01 1.477934514678364453e+00 7.149935509888782730e-03 9.990148546472570334e-01 4.380047354314287739e-02 2.350184444569017317e-02 -5.634119866506123175e-01 -3.216219339408581818e-02 8.255933834189818077e-01 2.771127196230989576e+00
7.906650903511518447e-01 -3.647653498607698885e-02 6.112348886880151211e-01 1.708411857438759895e+00 9.588626104195670588e-03 9.988390608687504058e-01 4.721041532727726642e-02 3.103300145827228573e-02 -6.122472479719921479e-01 -3.146986598526427953e-02 7.900967789940263053e-01 2.993543307007716425e+00
7.518862891405085902e-01 -4.095244724715821349e-02 6.580493624663982244e-01 1.977370612021610352e+00 1.064064879666210862e-02 9.986924924688346250e-01 5.000041527066455965e-02 4.272971056156247421e-02 -6.592370694306609602e-01 -3.058757447869095425e-02 7.513394150688185169e-01 3.206937085644453234e+00
7.124434858782855429e-01 -4.414912610492017359e-02 7.003138063696155990e-01 2.265041168858028975e+00 1.162654102808621456e-02 9.986248136854942725e-01 5.112676734138549284e-02 5.644240915702917333e-02 -7.016073985401921620e-01 -2.828886397542148060e-02 7.119766204038717738e-01 3.432516040242569844e+00
6.703741250365721216e-01 -4.558728492634289697e-02 7.405449781094397554e-01 2.565025355999013268e+00 1.057341112265115096e-02 9.985965425153381370e-01 5.189620749080367523e-02 7.143785067989577575e-02 -7.418713857687456725e-01 -2.695960160089513891e-02 6.699152954111942115e-01 3.631042049501300273e+00
6.279979717964379038e-01 -4.660149361664713691e-02 7.767128572295957101e-01 2.901583959601049312e+00 6.840417781047596936e-03 9.984973833642880603e-01 5.437341967346975141e-02 9.982688739218396889e-02 -7.780795174604497877e-01 -2.883251964093803271e-02 6.273731650991314357e-01 3.853882253756149012e+00
5.866466408623632889e-01 -4.728743276166005177e-02 8.084828567516205711e-01 3.249429945715782253e+00 3.324199077560519543e-03 9.984260046839009695e-01 5.599846290039250940e-02 1.154170619150202831e-01 -8.098578397942406415e-01 -3.016917038895665371e-02 5.858803898083502215e-01 4.071460629651490137e+00
5.468442876152386223e-01 -4.795813771162729666e-02 8.358975882939868596e-01 3.640836073805085338e+00 1.680799758938258124e-03 9.984187939566465664e-01 5.619821373966992634e-02 1.336861720167725198e-01 -8.372708951907921193e-01 -2.932793446282084757e-02 5.460604133393088810e-01 4.257899221846618509e+00
5.073648779937424136e-01 -5.123478278960907906e-02 8.600880269326304228e-01 4.050085278773515540e+00 6.405016314763134857e-05 9.982334092883244914e-01 5.942350095447596764e-02 1.539125880140990443e-01 -8.616121879096968472e-01 -3.010410950103895034e-02 5.064715340756603679e-01 4.479631864583335954e+00
4.706109854566852824e-01 -5.067958650691360006e-02 8.810243383653245663e-01 4.478539325368316781e+00 -3.057066562381926828e-03 9.982495327453959622e-01 5.905180687267100326e-02 1.764583428530598352e-01 -8.824755853173230635e-01 -3.048028942761957585e-02 4.696321375520083885e-01 4.662959126451158731e+00
4.338303987941339868e-01 -5.096352303227625474e-02 8.994972140633633595e-01 4.951282851186633138e+00 -3.761585006158217614e-03 9.982884344560822854e-01 5.836925594628282477e-02 2.028539349119229396e-01 -9.009308546290997199e-01 -2.872770834451567057e-02 4.328953025873388261e-01 4.860514156618045867e+00
4.014954462606988850e-01 -4.980260539042191681e-02 9.146338633438766408e-01 5.439263787062611932e+00 -3.288501048159186806e-03 9.984356009333832382e-01 5.581743061919644533e-02 2.238448769740615518e-01 -9.159831445594752708e-01 -2.541787706856904819e-02 4.007036051820930256e-01 5.044701869192982358e+00
3.704267615014131265e-01 -4.735353167824995352e-02 9.276032672738329099e-01 5.959312196571723952e+00 -6.994806132113826503e-04 9.986857067025318724e-01 5.124040036386507541e-02 2.437148578448882774e-01 -9.288102556472153104e-01 -1.963698332577282560e-02 3.699060912519267497e-01 5.241446018619120295e+00
3.452715917225587239e-01 -4.705069386286265393e-02 9.373924704786124051e-01 6.511491845479887353e+00 8.380799249116930617e-04 9.987575102271302185e-01 4.981678885204292306e-02 2.752136949028949342e-01 -9.385724377323979573e-01 -1.640386241263493139e-02 3.448821274223357602e-01 5.421643770698850062e+00
3.241520247753862938e-01 -4.535102374092436772e-02 9.448895647544524046e-01 7.091654164997303056e+00 1.658051219304383260e-03 9.988759099046820022e-01 4.736764288758802538e-02 2.991702998098368371e-01 -9.459759938076075514e-01 -1.378361459851139455e-02 3.238628545903328715e-01 5.604860930690435339e+00
3.100118679892965856e-01 -4.671793022087020880e-02 9.495779040590549558e-01 7.683779091058398514e+00 2.670083631379595920e-03 9.988311244852805526e-01 4.825297652182967273e-02 3.274367234777429414e-01 -9.507224365537152444e-01 -1.242527073394477863e-02 3.097737673024922311e-01 5.787794446303662355e+00
2.980383224910205242e-01 -4.852476318199619443e-02 9.532317866155540775e-01 8.305008099601927540e+00 3.311498735626144160e-03 9.987535550051850342e-01 4.980342793751920544e-02 3.503427339310698496e-01 -9.544605241554499075e-01 -1.168204099475235111e-02 2.978276946664227820e-01 5.985582485781103301e+00
2.871652165943185397e-01 -4.959357832828464180e-02 9.565461914633452967e-01 8.962361846187144820e+00 1.889976437590890849e-03 9.986858513851746277e-01 5.122392147234711840e-02 3.773406959957246731e-01 -9.578295948848759567e-01 -1.289841021575308284e-02 2.868820660518027199e-01 6.177308925939166251e+00
2.755764288806549778e-01 -5.086011634151878930e-02 9.599938814296388179e-01 9.633489756994114472e+00 5.795771345232442803e-04 9.986079509166337909e-01 5.274213574477458477e-02 4.142551943670552683e-01 -9.613404997867915913e-01 -1.397368755264759808e-02 2.752223572918685024e-01 6.371215533335649717e+00
2.650560855237319990e-01 -5.314091431672646193e-02 9.627615666424328422e-01 1.033710310779717112e+01 -2.911484931408480064e-04 9.984762924414455343e-01 5.518248569071301790e-02 4.467522692529569128e-01 -9.642262758436610515e-01 -1.492098977734770439e-02 2.646360618999349379e-01 6.575533316808267692e+00
2.556615148360563139e-01 -5.516455129331430951e-02 9.652034239722545594e-01 1.104579511781168577e+01 -1.164162415118712461e-03 9.983528195758023527e-01 5.735525377437117323e-02 4.777041406928915768e-01 -9.667774092595173840e-01 -1.579083615258908974e-02 2.551756885335453862e-01 6.753744730027589682e+00
2.456615696158878925e-01 -5.673119735460029761e-02 9.677109769118640292e-01 1.179596895126642053e+01 -1.832174345116300554e-03 9.982568577884759486e-01 5.899920900547288294e-02 5.167429284562746750e-01 -9.693710983400485315e-01 -1.626720836888164920e-02 2.451297406588000549e-01 6.943150463095977720e+00
2.349666681752321240e-01 -5.766555474578970164e-02 9.703715662644656348e-01 1.256119486506511684e+01 -2.818257012351806437e-03 9.981940463737064562e-01 5.999863279809849320e-02 5.480132272748339251e-01 -9.720796177223073320e-01 -1.682646040495459211e-02 2.343798327027629136e-01 7.130340101230443928e+00
2.241295886797123049e-01 -6.115209349544306616e-02 9.726380235241567362e-01 1.333996587393463429e+01 -3.531826227355695531e-03 9.979722097983649842e-01 6.354958486244392801e-02 5.878556538976500434e-01 -9.745515878783732600e-01 -1.768355341216705859e-02 2.234587164488332778e-01 7.313010992000783084e+00
2.133245973001047235e-01 -6.458810316422824993e-02 9.749145639419010134e-01 1.412842020529676823e+01 -5.447895141638728865e-03 9.977177911986204739e-01 6.730041205015596661e-02 6.292173927755420060e-01 -9.770372766388203400e-01 -1.965845787227865973e-02 2.124863274694069326e-01 7.484257319753200299e+00
2.005323585890552984e-01 -6.788421117296172813e-02 9.773358006670403997e-01 1.493023541039133129e+01 -6.048604868096931104e-03 9.974915849993847283e-01 7.051700250797549030e-02 6.703248703702100464e-01 -9.796719869132269887e-01 -2.004447400393973705e-02 1.996188178804475244e-01 7.651470618930185097e+00
1.888963529070258329e-01 -7.084894488688249503e-02 9.793454354954436170e-01 1.573870672092606782e+01 -6.770371200559194107e-03 9.972768120125297120e-01 7.346422376278589905e-02 7.135988692880373963e-01 -9.818804926074163886e-01 -2.053958653326297748e-02 1.879016815865632850e-01 7.801632910575614588e+00
1.729922749142626948e-01 -7.181717126232495252e-02 9.823187088899585362e-01 1.654719545918789336e+01 -7.744228513231782296e-03 9.972082733119540521e-01 7.426463047086451219e-02 7.532152644268139685e-01 -9.849098079078784096e-01 -2.045631608254518119e-02 1.719528966599910003e-01 7.972861884557795875e+00
1.606959293031198777e-01 -7.137533844474441835e-02 9.844236695293411277e-01 1.736775449763101165e+01 -9.297167801861390066e-03 9.972268630491001318e-01 7.382692265003060195e-02 7.996278378277703602e-01 -9.869659627557870740e-01 -2.098148308169428197e-02 1.595881701340472192e-01 8.091971438776116798e+00
1.439162068675311767e-01 -6.968835547910208483e-02 9.871940858230418003e-01 1.818829392081840979e+01 -1.031809838007436038e-02 9.973579339595156634e-01 7.189959026804450259e-02 8.383198602732263582e-01 -9.895962701330814903e-01 -2.053749586535844052e-02 1.428163036185632895e-01 8.214879063467778408e+00
1.213134077721946674e-01 -6.838358358806509441e-02 9.902176371382794828e-01 1.902260313988233520e+01 -1.299059986571048098e-02 9.974299247364766252e-01 7.044477536329162015e-02 8.800194176460106599e-01 -9.924899304097879460e-01 -2.141077635540903149e-02 1.201125360692859995e-01 8.310360413613135933e+00
9.856019407894797690e-02 -6.692448589191685171e-02 9.928586861881897319e-01 1.986001456203868543e+01 -1.732105446631077711e-02 9.974701165060899655e-01 6.894564905158619139e-02 9.240817192598285157e-01 -9.949600010434020980e-01 -2.400551357675611425e-02 9.715113709972700295e-02 8.391126191213039931e+00
6.773178019899388225e-02 -6.667669855546740076e-02 9.954919742916449321e-01 2.070648584414753657e+01 -2.198328595896437837e-02 9.974222864513574427e-01 6.831053197252898168e-02 9.682356715701281313e-01 -9.974807600208253078e-01 -2.650741593469854718e-02 6.609159115127684336e-02 8.449311717442352432e+00
3.503716385179872495e-02 -6.636342449600750315e-02 9.971865018470689179e-01 2.156073847151779432e+01 -2.478992143114696484e-02 9.974289338118470516e-01 6.722979294974693043e-02 1.011269818109608032e+00 -9.990829780592916931e-01 -2.709311512662872928e-02 3.330118309378152230e-02 8.479362212996926829e+00
-7.438008481832280531e-05 -6.634405142712801462e-02 9.977970344134213798e-01 2.240376496748543644e+01 -2.616203667644893122e-02 9.974554836351191556e-01 6.631645689351677031e-02 1.049587718539595427e+00 -9.996579941175017803e-01 -2.609736913869782973e-02 -1.809867831629476164e-03 8.468789564910522927e+00
-3.496046635503715500e-02 -6.494240237469552091e-02 9.972872612650457436e-01 2.327628541227728221e+01 -2.659434390156098157e-02 9.975939698982715376e-01 6.404723283052018989e-02 1.079686739198878254e+00 -9.990446934722787553e-01 -2.431936170946290277e-02 -3.660389216432610032e-02 8.435074804216952771e+00
-6.624176452548354022e-02 -6.349146336204201935e-02 9.957822802630140746e-01 2.412961709275931454e+01 -2.924008375042523936e-02 9.976685154872257932e-01 6.168080848322230608e-02 1.108854073355132641e+00 -9.973757778541239016e-01 -2.504892178918797369e-02 -6.794386589904753693e-02 8.373850914878898877e+00
-9.921039372430238978e-02 -6.026263992410882397e-02 9.932319455288635135e-01 2.498214805412722939e+01 -3.193462593095207358e-02 9.978436330329367721e-01 5.733487446106163427e-02 1.151925573265147218e+00 -9.945445592640057564e-01 -2.604218850137712121e-02 -1.009212708866983194e-01 8.289209892742789521e+00
-1.345648126472533956e-01 -5.534643749199917584e-02 9.893520957685311146e-01 2.584700322316047050e+01 -3.002960548862931497e-02 9.982074531466760270e-01 5.178809930657206351e-02 1.180987225399925622e+00 -9.904461220976250591e-01 -2.271884935465027025e-02 -1.359849945586419917e-01 8.165432739587203059e+00
-1.634607647608960213e-01 -4.974921685766237056e-02 9.853103300170440448e-01 2.669008003840509247e+01 -2.445648495808458445e-02 9.986256234817280086e-01 4.635609746586950852e-02 1.207949209865433637e+00 -9.862614148943960046e-01 -1.653704975061442289e-02 -1.644531029682683720e-01 8.008857094081381689e+00
-1.944602753074526069e-01 -4.357999144292089982e-02 9.799199817722589190e-01 2.754138289392967920e+01 -1.918972810711837979e-02 9.989901420025332213e-01 4.062868921483662327e-02 1.226829875918064916e+00 -9.807014309418208287e-01 -1.089481908303962035e-02 -1.950999410149200919e-01 7.828535361606363097e+00
-2.229522928908104495e-01 -3.864160503917064837e-02 9.740147096413546146e-01 2.837131029945665261e+01 -1.258721916189839418e-02 9.992445785825095905e-01 3.677560487994633448e-02 1.238885091171030739e+00 -9.747002248048216577e-01 -4.061169057559309639e-03 -2.232700202574339765e-01 7.619379095120422996e+00
-2.503671170964318349e-01 -3.203519297575939395e-02 9.676639582790216298e-01 2.920286203585539653e+01 -4.419609935534837657e-03 9.994801389628693578e-01 3.192968263755161656e-02 1.252586475250529574e+00 -9.681836835932505769e-01 3.715655453175434244e-03 -2.503788308063711332e-01 7.386982615968017640e+00
-2.797838906601544662e-01 -2.219025026434253561e-02 9.597873698259078434e-01 3.002794573637810771e+01 1.266693131289676989e-03 9.997231219158890791e-01 2.349392000742847250e-02 1.250481181100220329e+00 -9.600431646450211520e-01 7.796590650911215496e-03 -2.796780460865145312e-01 7.134319558015222995e+00
-3.021687889356327039e-01 -7.164815721258216072e-03 9.531664470590931471e-01 3.083456854088523613e+01 6.694993340607662512e-03 9.999311439615483632e-01 9.637184927799871681e-03 1.242182019325454245e+00 -9.531699112803284635e-01 9.297643750634443024e-03 -3.020999876820130714e-01 6.867702322565723883e+00
-3.262192431443913243e-01 1.032473560696039322e-02 9.452058356798416217e-01 3.163049968028610692e+01 7.411911432087812772e-03 9.999374947382468903e-01 -8.366966667939783331e-03 1.225280936996573589e+00 -9.452331361105376084e-01 4.279476362539295399e-03 -3.262753266175066891e-01 6.590560688192645067e+00
-3.513537627201532287e-01 2.546602322406193650e-02 9.359115586233680562e-01 3.242348595790110011e+01 6.753902065201995708e-03 9.996730095878288980e-01 -2.466265166565182951e-02 1.204662337333471944e+00 -9.362336357192393432e-01 -2.340087358252437508e-03 -3.514109278712461704e-01 6.295375450508445603e+00
-3.749699181643720847e-01 3.615622190014674414e-02 9.262837657204862074e-01 3.320740067275399099e+01 9.898759857731816159e-03 9.993382584079898434e-01 -3.500019643727787788e-02 1.169407650259956188e+00 -9.269363634435449084e-01 -3.957107795854995259e-03 -3.750796620743672150e-01 5.979806078263993463e+00
-4.013501969807019010e-01 4.025434739367615700e-02 9.149865039468255690e-01 3.398504447263352546e+01 1.374285586386198021e-02 9.991858469751444538e-01 -3.793880089482730422e-02 1.119641303101827523e+00 -9.157685670728953342e-01 -2.642682798783836749e-03 -4.015766878400540141e-01 5.637150516415009527e+00
-4.212978970823101355e-01 3.968286553441321279e-02 9.062308219024620692e-01 3.475792744403508294e+01 1.687055571539515866e-02 9.992124431510306382e-01 -3.592254796653471249e-02 1.075515539299499279e+00 -9.069424998103059465e-01 1.659323068300861152e-04 -4.216355484090372752e-01 5.273809900534256911e+00
-4.402947627084013438e-01 3.520763418494636532e-02 8.967200579085752299e-01 3.551699870435766826e+01 2.007575630959397908e-02 9.993667799146990216e-01 -2.937209766585199139e-02 1.034066406213134615e+00 -8.971866715026908246e-01 5.058981465552184198e-03 -4.407226140633687672e-01 4.900313696910569838e+00
-4.617187350432411796e-01 3.357057356279749549e-02 8.863823865567675986e-01 3.626501885850275642e+01 2.795503855980058239e-02 9.993379712113512614e-01 -2.326744174294353637e-02 9.895313539560096627e-01 -8.865766848573796155e-01 1.403592898874826689e-02 -4.623515636293528130e-01 4.504747910179549564e+00
-4.748130772133684618e-01 3.423296483848788790e-02 8.795941845770594014e-01 3.699521976649695176e+01 3.100052998664251311e-02 9.992736262470575115e-01 -2.217898811533381559e-02 9.482139037601035048e-01 -8.797146961954895872e-01 1.673484471818629735e-02 -4.755293378005500116e-01 4.092234850933907708e+00
-4.851705204817490791e-01 3.821162715535414423e-02 8.735209332933103754e-01 3.771558351897778039e+01 3.388227136102436865e-02 9.991159472937723995e-01 -2.487704475088951817e-02 9.115532972900043385e-01 -8.736997016180869657e-01 1.751988190195423109e-02 -4.860363565586511281e-01 3.682563811729640424e+00
-4.955717074054541427e-01 4.082149720417616034e-02 8.678191687202614357e-01 3.842098983025779546e+01 3.551812348893710475e-02 9.990119536774031417e-01 -2.671192528347282255e-02 8.660910859343370349e-01 -8.680520170086967191e-01 1.759876609642175432e-02 -4.965319189308693981e-01 3.280935190087675757e+00
-5.037497417258877119e-01 4.112114711647495841e-02 8.623824540403338679e-01 3.912715567552739770e+01 2.985092829012181426e-02 9.990985340692057903e-01 -3.015996725258819275e-02 8.301318024670372164e-01 -8.628457640734685796e-01 1.053398076254478608e-02 -5.045231392671463144e-01 2.870528019333626890e+00
-5.156338821125072691e-01 3.865113511355550840e-02 8.560324728475059430e-01 3.982963517776609308e+01 2.795708273250920722e-02 9.992090054399862531e-01 -2.829024024769618076e-02 7.981761124877422287e-01 -8.564488670188895592e-01 9.348660218230811850e-03 -5.163065371687266536e-01 2.461619197800564596e+00
-5.246618224187384882e-01 4.068211594546655707e-02 8.503967925312114762e-01 4.053442142991418251e+01 3.066137452932970672e-02 9.991126140804531541e-01 -2.887464088414241903e-02 7.598712257925691604e-01 -8.508166018578631196e-01 1.093844963910865081e-02 -5.254436977553119670e-01 2.020679685642829071e+00
-5.326475286166192369e-01 4.375613504460139358e-02 8.459082683836051109e-01 4.123524784536594012e+01 3.451694112422175331e-02 9.989549890056844683e-01 -2.997781619046886725e-02 7.174092756301319040e-01 -8.463353895202816446e-01 1.325282315674165302e-02 -5.336014023637052350e-01 1.578860189162234473e+00
-5.354768251965602577e-01 4.742708236226267360e-02 8.435821939200667252e-01 4.193672859051228130e+01 3.564822597738653148e-02 9.988014561766829225e-01 -3.355451795692196426e-02 6.864689172187798949e-01 -8.441623195998049223e-01 1.211427035311236564e-02 -5.365256912752277563e-01 1.133965323483435483e+00
-5.341195732937085161e-01 4.813270298746309683e-02 8.441007739370166574e-01 4.267642552810756484e+01 3.459970155513634321e-02 9.987860599993508837e-01 -3.506498122602452056e-02 6.500660562467528436e-01 -8.447635208853132571e-01 1.048794836322862987e-02 -5.351366409910732758e-01 6.703496994160438316e-01
-5.316034417024485537e-01 4.910762890224135147e-02 8.455875062436511991e-01 4.342728700124651908e+01 3.720606429902056922e-02 9.987078113206550034e-01 -3.464275823760526452e-02 6.083718752235378613e-01 -8.461958696887150744e-01 1.305827781522637954e-02 -5.327435078399471724e-01 2.078432081312910074e-01
-5.235794902668228223e-01 4.761111255984995516e-02 8.504791607170615331e-01 4.418008290675690830e+01 3.550785697968646820e-02 9.987889847581318259e-01 -3.406547319968050713e-02 5.665091687445115154e-01 -8.510715766505158042e-01 1.235008266239947909e-02 -5.246358713109195993e-01 -2.404377627166495446e-01
-5.169937116713467784e-01 4.609909747819305320e-02 8.544751001631956111e-01 4.495946746370590574e+01 3.296971550866708428e-02 9.988800504905859245e-01 -3.394631943112089850e-02 5.237061046746824822e-01 -8.550831078988631040e-01 1.062287392051718647e-02 -5.179343339097236543e-01 -7.146053198701315390e-01
-5.104182223828164222e-01 4.518267638583652046e-02 8.586760976315084282e-01 4.575285028562515777e+01 3.068705563687825627e-02 9.989394745578016321e-01 -3.433939969996649411e-02 4.817025680979970526e-01 -8.593170898540224423e-01 8.821164336874727160e-03 -5.112632851797459521e-01 -1.167638850211657919e+00
-5.038467030170372674e-01 4.408615384482834909e-02 8.622956668512220535e-01 4.655358766855716368e+01 2.843484254355398838e-02 9.990019758070871614e-01 -3.443409034724079221e-02 4.386490449553034909e-01 -8.629535578077226488e-01 7.157451322480280764e-03 -5.045973637782089627e-01 -1.622119391704102132e+00
-4.987213074899283227e-01 4.150543453788568815e-02 8.654332342421753310e-01 4.739034322124214782e+01 2.430240780094517286e-02 9.991293862678028992e-01 -3.390865512309377411e-02 3.975489159625789637e-01 -8.660874642631816167e-01 4.115998963774151684e-03 -4.992957368970764032e-01 -2.090869774792011526e+00
-4.974439480603237151e-01 3.855551491963130073e-02 8.662900014859052922e-01 4.822786828389553904e+01 1.936092903965651313e-02 9.992562380830045665e-01 -3.333352547946328431e-02 3.580745133568046246e-01 -8.669313973557363218e-01 1.730512571075955427e-04 -4.978203881481386150e-01 -2.548122254728200531e+00
-4.974973202917403747e-01 3.614588645610279649e-02 8.670401043390546514e-01 4.910769251817882974e+01 1.656106594599356802e-02 9.993452121571472224e-01 -3.217952538802958812e-02 3.065211181314697608e-01 -8.676351681015986861e-01 -1.631820075151579810e-03 -4.977703679186448182e-01 -3.028155694373771301e+00
-4.989080782649648049e-01 3.387539952785342812e-02 8.659559292877505587e-01 4.998258608897460675e+01 1.494606593212102937e-02 9.994233457077001948e-01 -3.049846540305212184e-02 2.624372079308943118e-01 -8.664895329703644622e-01 -2.259571389131217849e-03 -4.991266878357253911e-01 -3.516459167278835007e+00
-5.013319205609303442e-01 3.405597015382797604e-02 8.650933749920758364e-01 5.085807441150918606e+01 1.501115225755278101e-02 9.994175538286445004e-01 -3.065387609223174659e-02 2.157692175197842566e-01 -8.656329884748329428e-01 -2.357620703622986206e-03 -5.015513453381792441e-01 -4.002530586329660522e+00
-4.988995622157489374e-01 3.280829137746254370e-02 8.657381119616661680e-01 5.175920941689037136e+01 1.456339603662245956e-02 9.994592372200952202e-01 -2.948368664141250151e-02 1.725848001193251435e-01 -8.662373572840427194e-01 -2.096182945995686119e-03 -4.991074078343939457e-01 -4.516309572393188532e+00
-4.988737429372800958e-01 3.234695021180415686e-02 8.659473510040889277e-01 5.266462207881993152e+01 1.500279616583855696e-02 9.994755272020748871e-01 -2.869971472770258339e-02 1.284656504105351205e-01 -8.664218643734328262e-01 -1.332829396631777337e-03 -4.990972438213743256e-01 -5.024633973513794594e+00
-4.974730450651454472e-01 3.145277094384999611e-02 8.663437101301469934e-01 5.357366705388898254e+01 1.455259424980444825e-02 9.995041287222009574e-01 -2.791693641762984374e-02 7.814756859983960913e-02 -8.667925773787588106e-01 -1.299082435243039541e-03 -4.976838188903623950e-01 -5.522933816915468697e+00
-4.975474065227599718e-01 3.019398613377628077e-02 8.665543135853903678e-01 5.449980183332911565e+01 1.182320291612765084e-02 9.995369933874196366e-01 -2.803189623852346199e-02 3.353109957702536670e-02 -8.669997810895198054e-01 -3.719562101571632223e-03 -4.976737039434407373e-01 -6.047812329992212632e+00
-4.989358865172419666e-01 2.960101812861846288e-02 8.663049959141537748e-01 5.540062974414114905e+01 1.175789451663512841e-02 9.995556911612956119e-01 -2.739518425017188966e-02 -1.055797907879134356e-02 -8.667309838836143587e-01 -3.479087690172272696e-03 -4.990622458691054142e-01 -6.544928749055012318e+00
-4.989658186656223959e-01 2.906265557249785095e-02 8.661193347602501591e-01 5.632149140901129414e+01 1.064705965263379808e-02 9.995677422728739270e-01 -2.741172567543229827e-02 -6.173457810930102485e-02 -8.665415914288024934e-01 -4.441507631718631319e-03 -4.990595044120764712e-01 -7.062184734289301602e+00
-4.947542483014148451e-01 2.823360977676500627e-02 8.685830311837996476e-01 5.725448640957841207e+01 1.055341468470204214e-02 9.995939009951630982e-01 -2.646405213083429311e-02 -1.109449841870595588e-01 -8.689774584008342906e-01 -3.929691059051275068e-03 -4.948513149385450616e-01 -7.580960811295697432e+00
-4.946944539052778311e-01 2.521752316618479720e-02 8.687229940259518779e-01 5.816168786963110193e+01 1.062500721647117834e-02 9.996798070927341850e-01 -2.296749642255303467e-02 -1.611987617557695818e-01 -8.690240548209405835e-01 -2.133047865314008276e-03 -4.948038665808583980e-01 -8.078495792949178522e+00
-4.908279720589914796e-01 2.438209504607390804e-02 8.704998055442448868e-01 5.908216943373855656e+01 1.177096356341382488e-02 9.997025723233564642e-01 -2.135519814105546477e-02 -2.018515188628438040e-01 -8.707618463202704273e-01 -2.468301847196419465e-04 -4.909688881366793822e-01 -8.586518729145213413e+00
-4.894281997606681478e-01 2.452392298003829019e-02 8.721972259979045017e-01 6.001097549075403492e+01 1.188968785910698642e-02 9.996993300778930225e-01 -2.145353613402465470e-02 -2.484022013295117404e-01 -8.724609609229430074e-01 -1.141625685173123378e-04 -4.895726425585884556e-01 -9.113692643080842259e+00
-4.856213140690956998e-01 2.469981795246968190e-02 8.732510605720577024e-01 6.091144694676867744e+01 1.187450374305824320e-02 9.996946780624448303e-01 -2.166825147342907321e-02 -2.937839437241951956e-01 -8.735198876204010032e-01 -1.697331489522995872e-04 -4.857662539221668796e-01 -9.603372758141132337e+00
-4.842209598878617904e-01 2.344544845742348865e-02 8.746201418418009244e-01 6.181527390904194874e+01 1.136763069979916142e-02 9.997250700663384837e-01 -2.050212515138572292e-02 -3.456728125704328081e-01 -8.748605761077202780e-01 1.460279629945134023e-05 -4.843544247956337312e-01 -1.009643884120655954e+01
-4.856692298209100422e-01 2.534470213726236834e-02 8.735247928223187630e-01 6.271246823200181808e+01 1.072159996791679538e-02 9.996769643754994661e-01 -2.304456879236515057e-02 -3.882894005675880944e-01 -8.738268908884514463e-01 -1.832710040455858913e-03 -4.857838623698361724e-01 -1.058601793354107201e+01
-4.857627557923012152e-01 2.694843606879101031e-02 8.734894307072800235e-01 6.361266080232047671e+01 8.909064205173363934e-03 9.996252125305982172e-01 -2.588537383717468693e-02 -4.350390638829103596e-01 -8.738596772380935462e-01 -4.795505084107818186e-03 -4.858207661502995656e-01 -1.107865808494005222e+01
-4.910253792382979765e-01 2.744704038985930350e-02 8.709245450690848989e-01 6.451235870270768658e+01 7.784357463447216796e-03 9.996019083407013950e-01 -2.711945220744579887e-02 -4.897866216101041115e-01 -8.713222662768872473e-01 -6.536070191057548849e-03 -4.910435546208207769e-01 -1.159312489458980622e+01
-4.962106964895466876e-01 2.598854201842568101e-02 8.678995765945246577e-01 6.539551035653998667e+01 7.738366817987212681e-03 9.996447131719115031e-01 -2.550567305308987232e-02 -5.238465514168002546e-01 -8.682540615159204389e-01 -5.937384893574750196e-03 -4.962355339305184465e-01 -1.207959897053370391e+01
-5.012734158557713426e-01 2.255319284022846288e-02 8.650454975461495666e-01 6.628380744133755798e+01 1.049609190645058553e-02 9.997452479313848617e-01 -1.997376868327995630e-02 -5.798840416948416454e-01 -8.652759095494522157e-01 -9.362886452467911831e-04 -5.013825652985749448e-01 -1.259297699261271752e+01
-5.065549132419143730e-01 2.002862286344079049e-02 8.619551031233366745e-01 6.716179831154603619e+01 7.491720730579037694e-03 9.997946208874297636e-01 -1.881662631996112306e-02 -6.236361530922744922e-01 -8.621554224877060468e-01 -3.085389491991644920e-03 -5.066009828415909411e-01 -1.309157350018770671e+01
-5.107746650124048715e-01 2.346920072450730393e-02 8.595784982529327545e-01 6.804228990298918234e+01 8.740814501680715595e-03 9.997174359217575468e-01 -2.211214865751642139e-02 -6.734273490997272349e-01 -8.598544721651281142e-01 -3.763878783351528624e-03 -5.108355569353535408e-01 -1.360367995039838895e+01
-5.146682477368151876e-01 2.603251637946143657e-02 8.566646479775283929e-01 6.890039779353433858e+01 8.498859994473504514e-03 9.996445600376042684e-01 -2.525871303518481895e-02 -7.133639698550866548e-01 -8.570181911577354761e-01 -5.733305413859932607e-03 -5.147065130683061707e-01 -1.411414770246372008e+01
-5.213490876525299633e-01 2.559542349870088176e-02 8.533392964392730873e-01 6.975147754644295617e+01 7.254055237164293984e-03 9.996470690230255807e-01 -2.556753993272840864e-02 -7.573922148650623631e-01 -8.536923703517570461e-01 -7.115428370907152245e-03 -5.213508335242736935e-01 -1.461186916402286684e+01
-5.242054895325489738e-01 2.628943633832700813e-02 8.512578679028885986e-01 7.060674741311103730e+01 6.407813855308609578e-03 9.996168051656363351e-01 -2.694133448440065234e-02 -8.049697333803524923e-01 -8.516398874787121098e-01 -8.647212467660144591e-03 -5.241731006634522405e-01 -1.512873122336256948e+01
-5.280281807147912954e-01 2.542000378639832497e-02 8.487698623789865504e-01 7.144196378366299882e+01 6.459183603570399675e-03 9.996430447901708538e-01 -2.591223879127931354e-02 -8.532018321195005139e-01 -8.491261690058100609e-01 -8.217394936378932119e-03 -5.280038382651377482e-01 -1.563997074281633992e+01
-5.316827393801766277e-01 1.866038593331930881e-02 8.473649008846948494e-01 7.228277871584990066e+01 8.235905206334192749e-03 9.998240163178718776e-01 -1.685164135042972397e-02 -8.940832327000212132e-01 -8.475304063150067568e-01 -1.975809575200413587e-03 -5.317428303777892440e-01 -1.615926203249861004e+01
-5.315940977543160972e-01 9.604852275481811502e-03 8.467643823863100216e-01 7.311447230323302904e+01 8.162206027505678266e-03 9.999473083042544896e-01 -6.218420512327823939e-03 -9.329417041750989181e-01 -8.467796697341614109e-01 3.602663687701691906e-03 -5.316444622093317030e-01 -1.669173635173356729e+01
-5.344014736629725260e-01 6.505757726148391450e-03 8.448484312137113372e-01 7.395011838527435089e+01 7.580190827932316126e-03 9.999669987853895270e-01 -2.901793730286141189e-03 -9.614914071042537369e-01 -8.448395329593828551e-01 4.848188111829321648e-03 -5.344331489284169789e-01 -1.720305770453771288e+01
-5.344233981705138747e-01 1.200197419155735190e-02 8.445508941205316367e-01 7.478032330312429110e+01 7.937375370556666934e-03 9.999262623530740246e-01 -9.181367749911299031e-03 -9.871906147802405052e-01 -8.445990523234270242e-01 1.786469035584799595e-03 -5.344792068606301072e-01 -1.773573341631850298e+01
-5.358647373011377057e-01 1.732450305911428443e-02 8.435005881638562020e-01 7.558609264358103985e+01 8.665060967577466536e-03 9.998494268303894650e-01 -1.502628410000305358e-02 -1.023283794289655768e+00 -8.436341688363934166e-01 -7.501853983429542178e-04 -5.359341714933631984e-01 -1.825161652508860755e+01
-5.371432457516694958e-01 2.204117324142003051e-02 8.431877473505720033e-01 7.640163472565872382e+01 1.514234317947016871e-02 9.997493159878554358e-01 -1.649479517028439382e-02 -1.054236179061025069e+00 -8.433400997682908296e-01 3.911025415158545827e-03 -5.373421289481914442e-01 -1.877741583207412290e+01
-5.356635453552394122e-01 2.235210147280359411e-02 8.442115535781437030e-01 7.722615976406453342e+01 1.817727746239817394e-02 9.997231651448538203e-01 -1.494120050833204830e-02 -1.093265429523573973e+00 -8.443119187141451265e-01 7.346691047276955600e-03 -5.359215425305505764e-01 -1.930692548529924224e+01
-5.356538305790989885e-01 2.021377050008640874e-02 8.440910858671663020e-01 7.804842429718107155e+01 1.792935833668985596e-02 9.997602544046845230e-01 -1.256500760722880326e-02 -1.128516157848560963e+00 -8.441426548026466081e-01 8.407705747746681973e-03 -5.358878802960751475e-01 -1.983106592534855750e+01
-5.356782455192817816e-01 1.419659038697024776e-02 8.445492306218717049e-01 7.886903184448756576e+01 1.546419975661566387e-02 9.998558392344807366e-01 -7.010259174435600101e-03 -1.155268509001846855e+00 -8.445271042022524099e-01 9.308551903358028984e-03 -5.358204693865855628e-01 -2.033392344186854572e+01
-5.328979857742300874e-01 8.702694539329371495e-03 8.459140911875546731e-01 7.968808066859047301e+01 1.364214473105877790e-02 9.999055283746749456e-01 -1.688748888657298254e-03 -1.181588960695964197e+00 -8.458487627491209082e-01 1.064090572853444196e-02 -5.329663405321157787e-01 -2.085559911492033436e+01
-5.344513786389846199e-01 1.650418038715498322e-03 8.447088259172735869e-01 8.050376546342236850e+01 4.300758801155556837e-03 9.999904924028105713e-01 7.639902978127154423e-04 -1.206213845365631032e+00 -8.446995797719289989e-01 4.037732020022643739e-03 -5.344534080066849491e-01 -2.133899804352709140e+01
-5.317738026375479210e-01 -2.821818612794685897e-03 8.468721504177990633e-01 8.133089295497049420e+01 -3.297182966634010746e-03 9.999937752710142957e-01 1.258253758358502273e-03 -1.221854483620439025e+00 -8.468703361499078097e-01 -2.134713018939961467e-03 -5.317798028222173734e-01 -2.183226316108843434e+01
-5.292894100265507218e-01 -3.645210140317529587e-03 8.477726052057968920e-01 8.214894855193978174e+01 -1.245256034564071581e-03 9.999930155212095606e-01 3.521759666650923007e-03 -1.241078813237757705e+00 -8.477795008616662020e-01 8.098666990088264220e-04 -5.292903817512201181e-01 -2.234070615488624156e+01
-5.263967241102291972e-01 4.551933789370243410e-04 8.497785702744683478e-01 8.295765406905258033e+01 4.122755698460787988e-03 9.999894550897375778e-01 2.019422567173401878e-03 -1.266228099358096992e+00 -8.497687385952014116e-01 4.564068774318290160e-03 -5.263931479259194024e-01 -2.282972023708641274e+01
-5.211306726840053694e-01 3.604662368306391692e-03 8.534734982952981719e-01 8.377345448734217825e+01 5.583171391171356211e-03 9.999840882517604390e-01 -8.146218362858902206e-04 -1.281391077698518677e+00 -8.534628515232892676e-01 4.340875232229798875e-03 -5.211423745940918506e-01 -2.333769996047960404e+01
-5.130107638677169346e-01 5.464734862909235991e-03 8.582236143145720586e-01 8.458333575639991864e+01 1.058830972511617084e-02 9.999439431206088580e-01 -3.833778089620964329e-05 -1.302114481305396199e+00 -8.581756668386152365e-01 9.069044024692536274e-03 -5.130398348505786910e-01 -2.382647947972480296e+01
-5.063088403452805641e-01 6.469417055376341409e-03 8.628077144763205419e-01 8.539532335761613524e+01 1.628124019160149399e-02 9.998653570386388800e-01 2.050313849249194194e-03 -1.328419240639538756e+00 -8.626782908708006126e-01 1.508127980377473726e-02 -5.063461237413929839e-01 -2.429369603854242143e+01
-4.944823898555084085e-01 5.501393743398886975e-03 8.688777248478836146e-01 8.622496214737215325e+01 1.557464001479320730e-02 9.998754643256527741e-01 2.536191435755705530e-03 -1.348199682082135586e+00 -8.687558462453568442e-01 1.478918955435650981e-02 -4.945064351135312064e-01 -2.476275986018129771e+01
-4.855118338114226550e-01 3.991511232411279995e-03 8.740677640352053634e-01 8.705404352856311334e+01 1.162997594073510166e-02 9.999306177921044592e-01 1.893808849974963756e-03 -1.357333525911139205e+00 -8.739999296346270263e-01 1.108639615241633312e-02 -4.855243595422051861e-01 -2.520267912083993522e+01
-4.723497750297672160e-01 -4.303084803836560997e-04 8.814731381823819323e-01 8.789008033713413681e+01 1.255670673035303060e-02 9.998951884252740285e-01 7.214926668057695079e-03 -1.373145105001100763e+00 -8.813840250763946838e-01 1.447406957229831377e-02 -4.722947985139911986e-01 -2.564571910531979526e+01
-4.606069183413649126e-01 -1.711972100334051370e-03 8.874903098674954416e-01 8.873320672026912348e+01 1.157064674672977564e-02 9.999017198415611762e-01 7.927509260445188971e-03 -1.388049844876107164e+00 -8.874167342628312971e-01 1.391989075627173174e-02 -4.605417771605204158e-01 -2.608144868012035644e+01
-4.516588922670333739e-01 -2.334956995269863063e-03 8.926936255158106626e-01 8.956624240735746412e+01 1.162350286446522593e-02 9.998964800575320666e-01 8.494672846250762160e-03 -1.392362167770186732e+00 -8.926212165439818547e-01 1.420382497036044162e-02 -4.515850204038714399e-01 -2.648955307178221474e+01
-4.375516250904249449e-01 -1.940000559077299964e-03 8.988773844351874986e-01 9.042405923237861032e+01 1.447971539496616805e-02 9.998527507915148105e-01 9.206141148601526200e-03 -1.407102258322685762e+00 -8.987630934839287988e-01 1.704997787149723984e-02 -4.374589886027775432e-01 -2.690895404440153271e+01
-4.248546906951422009e-01 1.883569180598843040e-03 9.055497334153009836e-01 9.127651124513856473e+01 1.427587834509307096e-02 9.998875321855220655e-01 4.615053287148169862e-03 -1.420260126435642478e+00 -9.054393118479000524e-01 1.488390372918929616e-02 -4.248338156210103578e-01 -2.729466887147103904e+01
-4.145198930566237894e-01 1.130294502134809864e-02 9.102272503774647694e-01 9.211533178641818154e+01 1.646177290099791468e-02 9.998524386755095472e-01 -4.921758354000638734e-03 -1.440739297271751873e+00 -9.101487731847182072e-01 1.294162940156377839e-02 -4.146448105381668192e-01 -2.767415291764061536e+01
-3.995857158969840506e-01 1.527555351996225802e-02 9.162743833897344370e-01 9.296078833648503803e+01 1.620795950659216500e-02 9.998225698843996589e-01 -9.597946069021706314e-03 -1.461206449514613315e+00 -9.162586138801388502e-01 1.101847595066039916e-02 -3.997623831336101219e-01 -2.803937726202313030e+01
-3.894168721222420193e-01 1.234942642686307109e-02 9.210205042283640120e-01 9.382199290379516299e+01 1.425844830287012650e-02 9.998710413377132067e-01 -7.377438198868409638e-03 -1.476225447123949541e+00 -9.209929706267400151e-01 1.025901872031310773e-02 -3.895428451912708034e-01 -2.838501901468580257e+01
-3.769196300745454864e-01 8.083701797721533355e-03 9.263448091628384562e-01 9.468807668994443816e+01 1.399899593216087472e-02 9.998974196450984842e-01 -3.029388721814289809e-03 -1.504829179470625444e+00 -9.262743775997772655e-01 1.182365413469361852e-02 -3.769940995471308121e-01 -2.873272849307843657e+01
-3.672416743007220208e-01 8.805112394848896989e-03 9.300356259502704503e-01 9.554846780465200595e+01 1.072428728173731999e-02 9.999288238715497990e-01 -5.231384180079164635e-03 -1.530511795669029507e+00 -9.300155783949261012e-01 8.054635064468261552e-03 -3.673099260791591325e-01 -2.905551001183227910e+01
-3.599921816786357254e-01 1.213977611930959315e-02 9.326833846339774858e-01 9.641697105530603551e+01 4.692093942071566201e-03 9.999261326293296115e-01 -1.120652708806497456e-02 -1.557132772858894620e+00 -9.327507359376379092e-01 3.399298241572951888e-04 -3.600225520630594978e-01 -2.936641943414833023e+01
-3.544600765022398736e-01 1.797720153407498384e-02 9.351616251512394618e-01 9.728746753108231360e+01 -4.062775188650908937e-04 9.998122590312457092e-01 -1.937596468153832824e-02 -1.580913002463414374e+00 -9.353343919424772501e-01 -7.229913071366908181e-03 -3.543863572097156744e-01 -2.968589914605388103e+01
-3.516344217230527036e-01 1.928674481098224466e-02 9.360496416774118922e-01 9.816684488652971652e+01 -4.772954902523628140e-03 9.997379343616135117e-01 -2.238913113276534347e-02 -1.617616538069422960e+00 -9.362362836449361625e-01 -1.233689703515995946e-02 -3.514502717194476489e-01 -2.999896645841777598e+01
-3.486724515455393303e-01 1.949804328103829990e-02 9.370578112170124818e-01 9.904301753608942249e+01 -5.545404152352454742e-03 9.997232659044010816e-01 -2.286751623053748239e-02 -1.650548234018953453e+00 -9.372443117704971627e-01 -1.315748923939501908e-02 -3.484679245635583511e-01 -3.030375662463648823e+01
-3.421206281324015164e-01 1.916825919548562421e-02 9.393888842250752713e-01 9.992809065313554129e+01 -8.694560841918577004e-03 9.996844849822363877e-01 -2.357188711487303093e-02 -1.692519524516428842e+00 -9.395442882651383609e-01 -1.622447115791257610e-02 -3.418460106946683008e-01 -3.061193908714519551e+01
-3.384778168741942594e-01 1.526562064095073404e-02 9.407366675807907752e-01 1.008234689110888951e+02 -1.161321312217172483e-02 9.997244084931796726e-01 -2.039976721665832937e-02 -1.726710552633591300e+00 -9.407888034345839312e-01 -1.783016668246312220e-02 -3.382073281321232305e-01 -3.091703707041710558e+01
-3.310254494911443190e-01 1.130441844513646425e-02 9.434615655188826056e-01 1.016986062793639434e+02 -1.013043454280248765e-02 9.998278761069937515e-01 -1.553752402372291647e-02 -1.756813739039383870e+00 -9.434748816552236406e-01 -1.470710725516973134e-02 -3.308539553080948603e-01 -3.122594131572348175e+01
-3.253578360630445254e-01 8.135034245791782082e-03 9.456495587570178385e-01 1.025677882661559295e+02 -1.268512887321652204e-02 9.998354459376376235e-01 -1.295876164580675276e-02 -1.796036049326543482e+00 -9.455996502550201299e-01 -1.622258499103496759e-02 -3.252012460249530945e-01 -3.152409703962475263e+01
-3.202526063029521031e-01 5.826020505613730902e-03 9.473931105229865812e-01 1.034434405723014265e+02 -1.841647537200174004e-02 9.997540954700904203e-01 -1.236377719224546375e-02 -1.820973562739332863e+00 -9.472321804956824742e-01 -2.139709160655228412e-02 -3.200668249177180402e-01 -3.180488218772732623e+01
-3.133124665364568351e-01 7.154948340194824952e-03 9.495805940541092172e-01 1.043174110500461893e+02 -2.666526782327032982e-02 9.995108909282375276e-01 -1.633444492208158474e-02 -1.848024815820876521e+00 -9.492331811457026536e-01 -3.044226181751408938e-02 -3.129683247137411417e-01 -3.207090005842839986e+01
-3.074480192757000352e-01 9.242661997245967334e-03 9.515833655686681825e-01 1.051752933304173183e+02 -2.661224646968803412e-02 9.994783488009214567e-01 -1.829653097307137183e-02 -1.884962890666737279e+00 -9.512561936586233502e-01 -3.095190647911573792e-02 -3.070419321653733991e-01 -3.233678188250764407e+01
-3.000979173706698200e-01 1.321432722718724438e-02 9.536657320683491479e-01 1.060455382482800957e+02 -2.199274238393443895e-02 9.995416893953238402e-01 -2.078892314057633611e-02 -1.926592646756685845e+00 -9.535035852945502599e-01 -2.722444138172538247e-02 -2.996693994469866729e-01 -3.261286425834692437e+01
-2.929114119200925126e-01 1.118633235104718980e-02 9.562090764174150381e-01 1.069279961146778959e+02 -2.465051986550178056e-02 9.995112085919858336e-01 -1.923006348356092951e-02 -1.955212776949491138e+00 -9.559569641446828969e-01 -2.920174328952732795e-02 -2.924927123976012178e-01 -3.286406343905896676e+01
-2.862603154224475643e-01 6.067450553511444418e-03 9.580691174537614430e-01 1.077860265950545653e+02 -2.529055528047439647e-02 9.995835915932561599e-01 -1.388733789826574264e-02 -1.987854504820542267e+00 -9.577545565580851683e-01 -2.821646903201967954e-02 -2.859875072327440204e-01 -3.311497905910442796e+01
-2.781245422770837750e-01 3.142211194918985255e-03 9.604509460663087639e-01 1.086791865957693517e+02 -2.653277550849479291e-02 9.995881879205325005e-01 -1.095764446682037305e-02 -2.021002782590953561e+00 -9.600897583767926680e-01 -2.851789055603000389e-02 -2.779267084066629478e-01 -3.336186536005183001e+01
-2.717954380442515472e-01 5.871775729678506070e-03 9.623212023252643021e-01 1.095567314850446792e+02 -2.982413698103231897e-02 9.994497962738428942e-01 -1.452306018362752894e-02 -2.050099229658457034e+00 -9.618770225610946412e-01 -3.264319544465810879e-02 -2.714709246968763368e-01 -3.359234237031017045e+01
-2.669124177304467160e-01 8.948532167548471986e-03 9.638407462585684149e-01 1.104317351143492516e+02 -2.924309893477128677e-02 9.994215874675734801e-01 -1.736239989167472769e-02 -2.079267554556280651e+00 -9.634387944663547199e-01 -3.282208230969558410e-02 -2.664965428507590217e-01 -3.382388477946800975e+01
-2.582089166089975851e-01 9.843631943818480223e-03 9.660732954840792752e-01 1.113027034642837236e+02 -2.951087349320588235e-02 9.994013844425788662e-01 -1.807401655369692342e-02 -2.103596540331304166e+00 -9.656728540375397740e-01 -3.315944634290735049e-02 -2.577639895926143732e-01 -3.404623295736190869e+01
-2.524068244311152287e-01 8.814446578731151630e-03 9.676383139465257743e-01 1.121874874729462448e+02 -3.037605359848664574e-02 9.993936997093884056e-01 -1.702857775332665413e-02 -2.135830323513847162e+00 -9.672016365128217608e-01 -3.368173583290388212e-02 -2.519861850564866779e-01 -3.425813199418256261e+01
-2.435624172700486256e-01 9.155523976515457518e-03 9.697901577993240929e-01 1.130547893827754535e+02 -2.655996352237613434e-02 9.995176600713596704e-01 -1.611318410845053589e-02 -2.164748040072967505e+00 -9.694698603574883888e-01 -2.966899744532015479e-02 -2.432018455749773711e-01 -3.447029607980326915e+01
-2.356505650921976169e-01 9.150279558805266694e-03 9.719024188849644252e-01 1.139445861286457955e+02 -2.328870276737719097e-02 9.996155008911434825e-01 -1.505377132198510055e-02 -2.199890587563540834e+00 -9.716665117764907711e-01 -2.617641861616623600e-02 -2.353470024064210353e-01 -3.468537073196965537e+01
-2.283059687006607774e-01 1.069696708417699690e-02 9.735090865173668950e-01 1.148435331887620094e+02 -2.157737079633098923e-02 9.996385354908756682e-01 -1.604718551680698810e-02 -2.228027379780411099e+00 -9.733288261034317435e-01 -2.465983749906445685e-02 -2.279927629753268348e-01 -3.489543882930476570e+01
-2.199013828009094840e-01 9.342138151795248077e-03 9.753255627712883458e-01 1.157248244746221957e+02 -2.801521400169942541e-02 9.994807410945363291e-01 -1.591315574780981582e-02 -2.258409020386591859e+00 -9.749677835441281637e-01 -3.082339945415210267e-02 -2.195251305838565592e-01 -3.508316414515920911e+01
-2.136522213551018401e-01 6.292033341252896428e-03 9.769029165188111152e-01 1.166315837668518895e+02 -3.357623359967031040e-02 9.993415443084643357e-01 -1.376581346015118626e-02 -2.297118139715944363e+00 -9.763462328468686113e-01 -3.573994953570366895e-02 -2.133005249549339843e-01 -3.527009166021560560e+01
-2.084767117296010275e-01 7.032578782548684106e-03 9.779347355988112778e-01 1.175372763189970158e+02 -3.026658946709225376e-02 9.994485027671944355e-01 -1.365745641902771888e-02 -2.329929796023043398e+00 -9.774914529577123368e-01 -3.244159859847258603e-02 -2.081486784305910109e-01 -3.546271507999015427e+01
-2.033912895842124868e-01 6.166139648633313895e-03 9.790222166080498889e-01 1.184292818799866751e+02 -2.989361802630885467e-02 9.994749821221737829e-01 -1.251331004898090238e-02 -2.351096865321939955e+00 -9.785853139959069802e-01 -3.179395695434388686e-02 -2.031003870837070069e-01 -3.565222324098252216e+01
-1.991914151263100008e-01 8.434703124544255110e-03 9.800092279921460703e-01 1.193289571507225162e+02 -2.793191110675755442e-02 9.995079219140988736e-01 -1.427095557072171651e-02 -2.381432395275082214e+00 -9.796474766918346067e-01 -3.021666561698055711e-02 -1.988579721894383479e-01 -3.582805517091970415e+01
-1.925919535020318707e-01 7.119958202228182133e-03 9.812795112482355364e-01 1.202113817011274648e+02 -2.188483462452582226e-02 9.996936425469988841e-01 -1.154169097256084291e-02 -2.399605867182376784e+00 -9.810613425419485445e-01 -2.371016792106938817e-02 -1.923770678682472091e-01 -3.602105326160918963e+01
-1.873115415826551999e-01 5.090099035556626926e-03 9.823191154480909182e-01 1.211031885905895678e+02 -1.443490628151155447e-02 9.998643523867938310e-01 -7.938314521550778394e-03 -2.429385153971934219e+00 -9.822262217087804892e-01 -1.566091307548735101e-02 -1.872127216022112794e-01 -3.619783421847064631e+01
-1.828755724428606788e-01 3.848548856975883732e-03 9.831051508627609570e-01 1.219946268946514323e+02 -1.175651830665887763e-02 9.999123248088007676e-01 -6.103264713655295187e-03 -2.452922038726206289e+00 -9.830425116239961403e-01 -1.266452531977629511e-02 -1.828144237030677188e-01 -3.636042540383974142e+01
-1.772997251067606750e-01 6.589496994971766677e-03 9.840973763756689641e-01 1.228810721890258009e+02 -1.373295318799003413e-02 9.998636713232613715e-01 -9.171439414819427052e-03 -2.473653367169490469e+00 -9.840234820222439893e-01 -1.513833030043846770e-02 -1.771850287608274233e-01 -3.650956049330103781e+01
-1.738807016329191879e-01 7.729472471720629824e-03 9.846727042628113935e-01 1.237706042061357437e+02 -1.539690439121074728e-02 9.998255687112069801e-01 -1.057130955372112373e-02 -2.501550670156095446e+00 -9.845827120810694000e-01 -1.699866962027468675e-02 -1.737312787213160514e-01 -3.665819832291236224e+01
-1.732822134885428911e-01 7.571714610321426432e-03 9.848460409549516514e-01 1.246562776786594782e+02 -1.738706322683251232e-02 9.997908247496867240e-01 -1.074889691401626803e-02 -2.522087155813627302e+00 -9.847215909826994018e-01 -1.900086598819712702e-02 -1.731140611760760284e-01 -3.680262651762135562e+01
-1.717509209531753178e-01 5.349625976094282871e-03 9.851245623874841373e-01 1.255383470648344257e+02 -1.768967231874201546e-02 9.998072374600347478e-01 -8.516665390538703459e-03 -2.551411384857300568e+00 -9.849802437328905036e-01 -1.888895377677643483e-02 -1.716231365323034053e-01 -3.694838611205785384e+01
-1.716637128964246806e-01 1.964717937319767314e-03 9.850736025605035806e-01 1.264272388408790988e+02 -1.604159499113399362e-02 9.998598162662367672e-01 -4.793814232077455752e-03 -2.572455466427001625e+00 -9.849449296102855689e-01 -1.662787866074864895e-02 -1.716081301327742892e-01 -3.709661346011229455e+01
-1.688167004233886159e-01 -4.059754017166382518e-03 9.855410148199365006e-01 1.273064551330439684e+02 -1.709076819065028299e-02 9.998531057000357158e-01 1.185787024603261698e-03 -2.595263778550358502e+00 -9.854011319574653704e-01 -1.664659033705182672e-02 -1.688611671441702933e-01 -3.724181275383607925e+01
-1.681475185426222207e-01 -6.220872517262799987e-03 9.858230419152534951e-01 1.281837628910761282e+02 -1.716828491091878725e-02 9.998469606306731317e-01 3.396209644219566875e-03 -2.608597844932200704e+00 -9.856935155617521094e-01 -1.635320102352905147e-02 -1.682285926932526043e-01 -3.738286811229941264e+01
-1.675070899360320831e-01 -1.537062573739440352e-03 9.858934003480116504e-01 1.290417430537055168e+02 -1.633736794220854230e-02 9.998657463367653930e-01 -1.215076885185083482e-03 -2.623159633300287563e+00 -9.857591666626807081e-01 -1.632227615009226515e-02 -1.675097029152442796e-01 -3.752870360341145073e+01
-1.667120639377867308e-01 1.753001138972557112e-03 9.859630471331338741e-01 1.299112943566282183e+02 -1.719339761622003943e-02 9.998413177319874778e-01 -4.688469360565558977e-03 -2.643181592425596360e+00 -9.858148178224397373e-01 -1.772108800252228042e-02 -1.666555223956182885e-01 -3.767498108072011576e+01
-1.676126089171520450e-01 1.101185463156119110e-03 9.858787955120070778e-01 1.307790359375320577e+02 -1.932347754876209342e-02 9.998035052182973059e-01 -4.399750333437734036e-03 -2.658369791872637666e+00 -9.856900962739295613e-01 -1.979792443090191978e-02 -1.675583523796746466e-01 -3.780807950327643852e+01
-1.667894561965304057e-01 -2.403985332241369212e-04 9.859287729493383390e-01 1.316468898320066216e+02 -2.082442902380695834e-02 9.997777380801319280e-01 -3.283619998250045333e-03 -2.675812793383197441e+00 -9.857088789044062827e-01 -2.107763948859196421e-02 -1.667574841159623344e-01 -3.794508402591291940e+01
-1.660566810579101882e-01 -1.521622001881496513e-04 9.861597399164534483e-01 1.324960613553007533e+02 -1.794842802041781912e-02 9.998347316617386404e-01 -2.872579667597830854e-03 -2.702738156652080281e+00 -9.859964674797238038e-01 -1.817777839883210830e-02 -1.660319686555480068e-01 -3.809667429665891802e+01
-1.654191526049444971e-01 1.722127873781540341e-03 9.862992534962854441e-01 1.333609066136382069e+02 -1.786893618756473304e-02 9.998291655408764189e-01 -4.736187659527222975e-03 -2.732167875371930954e+00 -9.861389709331661590e-01 -1.840000046395718139e-02 -1.653602730982853819e-01 -3.822749661683177891e+01
-1.648777713790542943e-01 3.556059182494954781e-03 9.863021803877827232e-01 1.342075275177901972e+02 -2.699049357852453812e-02 9.996031657337629550e-01 -8.114223152503414679e-03 -2.745411534252436336e+00 -9.859397063290094021e-01 -2.793243484326340259e-02 -1.647167498930768026e-01 -3.835954539251427775e+01
-1.644802069597638416e-01 5.605570880631781730e-03 9.863253408936768496e-01 1.350725414944757290e+02 -3.291292901212531513e-02 9.993960193491759902e-01 -1.116692061303332408e-02 -2.763280069498938118e+00 -9.857923642169462708e-01 -3.429039571780063272e-02 -1.641965613527682222e-01 -3.847821545075849770e+01
-1.651278620381243512e-01 7.569996437029390818e-03 9.861935294442591982e-01 1.359193555927319039e+02 -3.155099454834085770e-02 9.994179292799969527e-01 -1.296307180629922319e-02 -2.792525126965657911e+00 -9.857177466164365187e-01 -3.325617584824955286e-02 -1.647928306324136505e-01 -3.861086524740793635e+01
-1.650627621435647452e-01 8.835614965758735451e-03 9.861821481725010496e-01 1.368002832223979226e+02 -2.913526255725958775e-02 9.994796010758956184e-01 -1.385240999697667091e-02 -2.831307186436497592e+00 -9.857912101923200776e-01 -3.100114643116376814e-02 -1.647193307164265264e-01 -3.875406742106073210e+01
-1.631844765306362799e-01 1.121835013984361779e-02 9.865626058097115569e-01 1.376089166502435432e+02 -2.994157663440066494e-02 9.994179451388697233e-01 -1.631320715224286733e-02 -2.851149466089218709e+00 -9.861716439361002395e-01 -3.222676210877339215e-02 -1.627533304255933677e-01 -3.887566204349295163e+01
-1.613667983970160924e-01 8.976106576298804873e-03 9.867763861251515056e-01 1.384656169763711091e+02 -2.280943285835814599e-02 9.996575857030856049e-01 -1.282652788749866213e-02 -2.874904696044939367e+00 -9.865535910529490415e-01 -2.457969001929028244e-02 -1.611067121889581955e-01 -3.902254040892384523e+01
-1.582719599962519597e-01 5.564009033931474786e-03 9.873331593558588581e-01 1.393081780679028725e+02 -1.535082510560990127e-02 9.998492392069761037e-01 -8.097630537669939579e-03 -2.911541764567394885e+00 -9.872293261066460435e-01 -1.644598893575799012e-02 -1.581626113659517774e-01 -3.915319412066200755e+01
-1.559892901393331310e-01 9.239140609341111275e-04 9.877428530043628196e-01 1.401434667031040249e+02 -1.200480828794937664e-02 9.999240467125813936e-01 -2.825562495849501862e-03 -2.939765663273515628e+00 -9.876702958327981952e-01 -1.228886218784235040e-02 -1.559664130769255475e-01 -3.928801018406608137e+01
-1.524274702904657441e-01 9.483262914906241594e-04 9.883320919090823331e-01 1.409782636029495677e+02 -7.122824485612030444e-03 9.999724498780986348e-01 -2.052511981056899266e-03 -2.957585527631334088e+00 -9.883069158295044732e-01 -7.355474316880602353e-03 -1.524165387306992137e-01 -3.941162227599840406e+01
-1.475316880024673538e-01 5.902996164374838158e-03 9.890949020789849833e-01 1.417957475225875328e+02 -7.948279525449698443e-03 9.999427609013235019e-01 -7.156564732600659631e-03 -2.981074466152679570e+00 -9.890805703313633179e-01 -8.910349746810391006e-03 -1.474764013776692639e-01 -3.953042059114930140e+01
-1.404366983121763668e-01 8.915555843655763660e-03 9.900026501058277750e-01 1.426199185633134334e+02 -6.022190193464921348e-03 9.999332142641760290e-01 -9.863842979358130453e-03 -2.994705279945235166e+00 -9.900245610432457655e-01 -7.347050335030774759e-03 -1.403736292942847352e-01 -3.963928608700422274e+01
-1.320470199966204128e-01 1.165359177944016306e-02 9.912101514024048710e-01 1.434741805069599820e+02 -3.508993709596470740e-03 9.999191801051755535e-01 -1.221656080508606509e-02 -2.996722844014731102e+00 -9.912724991093594396e-01 -5.093967263482718742e-03 -1.319955402927287802e-01 -3.974986563035741227e+01
-1.221783765122994719e-01 7.359290967565132284e-03 9.924859363955069735e-01 1.442787675240076624e+02 -1.618528895586292780e-03 9.999697371740315921e-01 -7.610460290830006226e-03 -3.036317923968828936e+00 -9.925120084872567361e-01 -2.529918182333595628e-03 -1.221627822968829463e-01 -3.983904576471744718e+01
-1.101879967192812559e-01 4.184644889847700250e-03 9.938779467903984255e-01 1.450569220585090875e+02 4.770963657371693999e-03 9.999818548272071395e-01 -3.681336625179807559e-03 -3.054791283678234048e+00 -9.938753291556639002e-01 4.337241205447124083e-03 -1.102059410780680954e-01 -3.992662412655108994e+01
-9.638823157301847078e-02 4.340468456886899945e-03 9.953762066614200155e-01 1.459370069417696243e+02 8.984643207855949956e-03 9.999535252461673185e-01 -3.489197640077692977e-03 -3.094891133998459054e+00 -9.953451751040846007e-01 8.605708622664506868e-03 -9.642265600310867546e-02 -4.001140742963988828e+01
-8.251682349453530463e-02 7.300853760700759705e-03 9.966139162255235329e-01 1.466786819338892371e+02 1.091629120062168230e-02 9.999198157150473998e-01 -6.419912253071139406e-03 -3.110837438795036380e+00 -9.965809151649667186e-01 1.035099684660651005e-02 -8.258987423955492513e-02 -4.006568976707008289e+01
-6.728644092372118579e-02 6.144473404947590339e-03 9.976987560665175891e-01 1.475395092238184134e+02 1.443654541822196775e-02 9.998823492335321417e-01 -5.184270720603117479e-03 -3.127072384017357543e+00 -9.976133066963901452e-01 1.405498695559754749e-02 -6.736712869583917629e-02 -4.012025076267439516e+01
-5.355514231183906154e-02 9.003697612525075542e-03 9.985186394614203875e-01 1.482898133664659497e+02 1.910839456762566252e-02 9.997854774223223773e-01 -7.993908828470539657e-03 -3.140828142395379441e+00 -9.983765797649365448e-01 1.865077661804256243e-02 -5.371575611239436110e-02 -4.015787222231554665e+01
-3.933310571342730350e-02 1.500141756972686764e-02 9.991216493623210626e-01 1.491184021200807024e+02 1.719133809603999238e-02 9.997494482202499144e-01 -1.433138462828661280e-02 -3.168464606333749600e+00 -9.990862010798031712e-01 1.661683151469096550e-02 -3.958114926021946006e-02 -4.018293782275771520e+01
-2.596521831741278527e-02 2.410835210519829408e-02 9.993645811263416334e-01 1.498928269372410682e+02 1.031131802547463269e-02 9.996623586979184184e-01 -2.384867140160144144e-02 -3.199609712252134752e+00 -9.996023287014783598e-01 9.680690526136024113e-03 -2.620494694984343981e-02 -4.018248627979937027e+01
-1.346932369188967409e-02 3.267635906476281521e-02 9.993750536865019241e-01 1.506463819846754575e+02 1.802557792793137333e-03 9.994647675366400419e-01 -3.265696478844506978e-02 -3.226560473816666441e+00 -9.999078625271011767e-01 1.352365110045271194e-03 -1.352080919738098130e-02 -4.016699860932634891e+01
