0.0000 -0.0000 0.0000 0.0000 0.0000 -0.0000 -0.0000 1.0000
0.1039 -0.0851 -0.0099 0.0180 0.0002 0.0072 -0.0002 1.0000
0.2077 -0.0873 -0.0151 0.0419 0.0002 0.0152 -0.0009 0.9999
0.3119 0.0076 0.0065 0.4132 -0.0006 0.0318 -0.0026 0.9995
0.4159 0.0291 0.0132 0.5505 -0.0015 0.0478 -0.0021 0.9989
0.5200 0.1601 0.0130 0.7971 -0.0024 0.0674 -0.0010 0.9977
0.6241 0.1535 -0.0183 0.8947 -0.0028 0.0862 0.0010 0.9963
0.7282 0.2719 -0.0063 1.1564 -0.0032 0.1086 0.0010 0.9941
0.8325 0.3517 0.0038 1.3243 -0.0050 0.1326 0.0007 0.9912
0.9366 0.5230 0.0239 1.6190 -0.0082 0.1575 0.0018 0.9875
1.0408 0.6395 0.0005 1.8056 -0.0115 0.1823 0.0059 0.9832
1.1449 0.8106 -0.0090 2.0393 -0.0136 0.2091 0.0081 0.9778
1.2490 1.0033 -0.0051 2.2818 -0.0154 0.2370 0.0084 0.9714
1.3531 1.1596 0.0271 2.5052 -0.0175 0.2652 0.0084 0.9640
1.4571 1.4072 0.0248 2.7438 -0.0194 0.2938 0.0102 0.9556
1.5611 1.6092 0.0237 2.9321 -0.0204 0.3226 0.0124 0.9462
1.6651 1.8843 0.0339 3.1380 -0.0212 0.3506 0.0140 0.9362
1.7690 2.2014 0.0416 3.3930 -0.0211 0.3781 0.0153 0.9254
1.8729 2.4891 0.0526 3.5670 -0.0214 0.4044 0.0158 0.9142
1.9768 2.8345 0.0833 3.8083 -0.0229 0.4300 0.0149 0.9024
2.0805 3.1583 0.1020 4.0089 -0.0237 0.4537 0.0145 0.8907
2.1841 3.5479 0.1232 4.2105 -0.0244 0.4753 0.0144 0.8794
2.2879 3.9823 0.1331 4.4334 -0.0251 0.4953 0.0151 0.8683
2.3915 4.3657 0.1592 4.6273 -0.0256 0.5137 0.0144 0.8575
2.4951 4.8348 0.1840 4.7937 -0.0251 0.5310 0.0140 0.8469
2.5988 5.3507 0.2010 4.9862 -0.0232 0.5464 0.0141 0.8371
2.7023 5.8492 0.2239 5.1645 -0.0210 0.5601 0.0143 0.8280
2.8059 6.3886 0.2500 5.3431 -0.0194 0.5715 0.0142 0.8203
2.9094 6.9697 0.2718 5.5336 -0.0183 0.5803 0.0145 0.8141
3.0129 7.5410 0.3012 5.6984 -0.0179 0.5865 0.0151 0.8096
3.1165 8.1622 0.3206 5.9045 -0.0180 0.5917 0.0160 0.8058
3.2201 8.7834 0.3512 6.0783 -0.0192 0.5961 0.0162 0.8025
3.3237 9.4731 0.3829 6.2755 -0.0204 0.6005 0.0163 0.7992
3.4274 10.1612 0.4129 6.4597 -0.0212 0.6049 0.0167 0.7959
3.5310 10.8675 0.4407 6.6591 -0.0223 0.6089 0.0172 0.7927
3.6348 11.5884 0.4675 6.8412 -0.0229 0.6131 0.0176 0.7895
3.7384 12.3794 0.5009 7.0368 -0.0235 0.6176 0.0178 0.7859
3.8421 13.1291 0.5342 7.2150 -0.0251 0.6214 0.0185 0.7829
3.9458 13.8994 0.5820 7.3802 -0.0270 0.6259 0.0191 0.7792
4.0495 14.6967 0.6169 7.5405 -0.0284 0.6311 0.0204 0.7749
4.1532 15.4748 0.6622 7.6939 -0.0296 0.6359 0.0209 0.7709
4.2570 16.2940 0.7007 7.8273 -0.0298 0.6414 0.0211 0.7663
4.3608 17.0832 0.7350 7.9700 -0.0298 0.6469 0.0205 0.7617
4.4645 17.8726 0.7722 8.0759 -0.0296 0.6534 0.0198 0.7562
4.5684 18.6757 0.8124 8.1628 -0.0297 0.6610 0.0188 0.7495
4.6723 19.5212 0.8562 8.2642 -0.0304 0.6705 0.0170 0.7411
4.7761 20.3485 0.8960 8.3313 -0.0312 0.6819 0.0157 0.7306
4.8801 21.1983 0.9373 8.3317 -0.0316 0.6940 0.0149 0.7191
4.9841 22.0358 0.9727 8.3345 -0.0315 0.7064 0.0141 0.7070
5.0881 22.8847 1.0018 8.2910 -0.0310 0.7183 0.0137 0.6949
5.1920 23.7247 1.0359 8.2356 -0.0307 0.7296 0.0123 0.6830
5.2959 24.5456 1.0731 8.1583 -0.0298 0.7407 0.0107 0.6711
5.3998 25.3666 1.1007 8.0260 -0.0270 0.7514 0.0104 0.6592
5.5036 26.2118 1.1161 7.8882 -0.0235 0.7618 0.0100 0.6473
5.6074 27.0779 1.1354 7.6931 -0.0191 0.7719 0.0103 0.6354
5.7113 27.9033 1.1462 7.4994 -0.0152 0.7813 0.0105 0.6239
5.8150 28.6855 1.1726 7.2744 -0.0102 0.7899 0.0116 0.6130
5.9188 29.5227 1.1681 7.0368 -0.0049 0.7985 0.0100 0.6019
6.0224 30.3026 1.1610 6.7598 0.0011 0.8063 0.0058 0.5915
6.1261 31.0719 1.1273 6.4717 0.0064 0.8139 -0.0012 0.5809
6.2298 31.8632 1.0983 6.1952 0.0104 0.8215 -0.0082 0.5701
6.3335 32.6151 1.0626 5.8803 0.0147 0.8289 -0.0114 0.5591
6.4371 33.4054 1.0123 5.5290 0.0172 0.8360 -0.0119 0.5484
6.5409 34.1217 0.9661 5.1748 0.0175 0.8428 -0.0109 0.5379
6.6445 34.8828 0.9388 4.8114 0.0177 0.8488 -0.0075 0.5284
6.7483 35.6042 0.9068 4.3974 0.0194 0.8542 -0.0035 0.5196
6.8519 36.3028 0.8563 4.0231 0.0205 0.8583 -0.0022 0.5128
6.9555 37.0008 0.7993 3.6241 0.0221 0.8615 -0.0025 0.5073
7.0590 37.7033 0.7581 3.2257 0.0232 0.8643 -0.0032 0.5024
7.1628 38.4029 0.7001 2.8364 0.0212 0.8673 -0.0058 0.4973
7.2664 39.0876 0.6931 2.4102 0.0203 0.8706 -0.0062 0.4915
7.3701 39.7780 0.6505 1.9844 0.0213 0.8731 -0.0057 0.4871
7.4738 40.4495 0.5981 1.5366 0.0231 0.8751 -0.0053 0.4834
7.5774 41.1357 0.5648 1.1011 0.0243 0.8763 -0.0067 0.4812
7.6810 41.8476 0.5116 0.6700 0.0244 0.8761 -0.0079 0.4814
7.7847 42.5853 0.4777 0.1974 0.0254 0.8752 -0.0069 0.4831
7.8883 43.3368 0.4330 -0.2310 0.0248 0.8736 -0.0072 0.4860
7.9919 44.0857 0.3874 -0.6900 0.0238 0.8715 -0.0076 0.4897
8.0956 44.8669 0.3407 -1.1666 0.0231 0.8695 -0.0081 0.4934
8.1994 45.6819 0.2898 -1.6158 0.0218 0.8676 -0.0088 0.4967
8.3031 46.4819 0.2474 -2.0898 0.0201 0.8663 -0.0097 0.4991
8.4070 47.3311 0.2090 -2.5391 0.0179 0.8659 -0.0107 0.4998
8.5108 48.1602 0.1579 -3.0350 0.0163 0.8661 -0.0107 0.4996
8.6146 49.0182 0.1120 -3.5174 0.0155 0.8662 -0.0109 0.4993
8.7184 49.9078 0.0627 -4.0284 0.0154 0.8664 -0.0106 0.4990
8.8221 50.7702 0.0184 -4.5178 0.0151 0.8664 -0.0103 0.4991
8.9259 51.6463 -0.0300 -5.0308 0.0150 0.8664 -0.0098 0.4990
9.0296 52.5288 -0.0837 -5.5396 0.0147 0.8666 -0.0098 0.4987
9.1335 53.4400 -0.1337 -6.0461 0.0138 0.8666 -0.0099 0.4987
9.2373 54.3402 -0.1858 -6.5520 0.0136 0.8667 -0.0098 0.4985
9.3410 55.2238 -0.2328 -7.0727 0.0129 0.8666 -0.0100 0.4988
9.4448 56.1236 -0.2892 -7.5777 0.0124 0.8661 -0.0096 0.4996
9.5485 57.0196 -0.3425 -8.0882 0.0118 0.8656 -0.0081 0.5006
9.6522 57.9173 -0.3867 -8.5874 0.0118 0.8649 -0.0071 0.5018
9.7559 58.8114 -0.4463 -9.1178 0.0114 0.8640 -0.0071 0.5033
9.8596 59.6990 -0.4914 -9.6057 0.0118 0.8635 -0.0069 0.5041
9.9635 60.5749 -0.5371 -10.0919 0.0119 0.8632 -0.0071 0.5047
10.0673 61.4894 -0.5826 -10.6165 0.0119 0.8633 -0.0081 0.5045
10.1711 62.3607 -0.6311 -11.0953 0.0122 0.8641 -0.0095 0.5031
10.2750 63.2536 -0.6815 -11.5682 0.0121 0.8655 -0.0105 0.5007
10.3789 64.1388 -0.7275 -12.0690 0.0116 0.8670 -0.0098 0.4981
10.4828 64.9948 -0.7860 -12.5967 0.0119 0.8686 -0.0073 0.4953
10.5865 65.8628 -0.8336 -13.0964 0.0104 0.8702 -0.0077 0.4926
10.6904 66.6786 -0.8817 -13.5945 0.0113 0.8715 -0.0083 0.4901
10.7941 67.5070 -0.9250 -14.1389 0.0120 0.8729 -0.0093 0.4877
10.8980 68.3633 -0.9764 -14.6394 0.0117 0.8744 -0.0101 0.4850
11.0017 69.1850 -1.0202 -15.1468 0.0116 0.8755 -0.0109 0.4829
11.1054 69.9910 -1.0900 -15.6731 0.0110 0.8764 -0.0107 0.4814
11.2091 70.8265 -1.1297 -16.2135 0.0099 0.8771 -0.0064 0.4801
11.3129 71.6466 -1.1512 -16.7319 0.0081 0.8778 -0.0017 0.4790
11.4166 72.4640 -1.1740 -17.2488 0.0078 0.8784 -0.0001 0.4779
11.5204 73.2611 -1.2252 -17.7592 0.0085 0.8786 -0.0028 0.4775
11.6240 74.0554 -1.2751 -18.2807 0.0098 0.8790 -0.0053 0.4766
11.7278 74.8756 -1.3021 -18.8131 0.0134 0.8791 -0.0048 0.4764
11.8315 75.6687 -1.3380 -19.3275 0.0148 0.8790 -0.0034 0.4766
11.9353 76.4435 -1.3729 -19.8548 0.0137 0.8790 -0.0020 0.4767
12.0389 77.2639 -1.4065 -20.3655 0.0117 0.8787 -0.0005 0.4772
12.1426 78.0640 -1.4277 -20.8734 0.0098 0.8785 0.0018 0.4776
12.2464 78.8875 -1.4594 -21.4018 0.0053 0.8784 0.0007 0.4779
12.3501 79.6768 -1.4952 -21.8683 0.0013 0.8779 -0.0012 0.4788
12.4539 80.4795 -1.5105 -22.3715 0.0026 0.8773 0.0003 0.4799
12.5576 81.2822 -1.5289 -22.8953 0.0050 0.8765 0.0015 0.4813
12.6614 82.0686 -1.5669 -23.3707 0.0059 0.8751 0.0001 0.4840
12.7651 82.8539 -1.5841 -23.8523 0.0081 0.8729 0.0018 0.4879
12.8688 83.6493 -1.6154 -24.3525 0.0107 0.8704 0.0042 0.4922
12.9724 84.4311 -1.6259 -24.7990 0.0108 0.8676 0.0039 0.4971
13.0762 85.2650 -1.6597 -25.2648 0.0084 0.8644 0.0030 0.5027
13.1799 86.0749 -1.6867 -25.7348 0.0081 0.8611 0.0052 0.5083
13.2837 86.8921 -1.7027 -26.1456 0.0078 0.8579 0.0057 0.5138
13.3874 87.7421 -1.7196 -26.5581 0.0075 0.8543 0.0058 0.5197
13.4911 88.5652 -1.7307 -26.9639 0.0093 0.8507 0.0067 0.5256
13.5949 89.4011 -1.7578 -27.3608 0.0095 0.8472 0.0050 0.5312
13.6988 90.2158 -1.7814 -27.7453 0.0132 0.8439 0.0014 0.5364
13.8025 91.0518 -1.8088 -28.1008 0.0150 0.8401 -0.0005 0.5422
13.9063 91.8822 -1.8277 -28.4829 0.0134 0.8365 -0.0003 0.5478
14.0100 92.7435 -1.8826 -28.8134 0.0119 0.8330 0.0017 0.5532
14.1138 93.5975 -1.9114 -29.1590 0.0112 0.8299 0.0002 0.5578
14.2176 94.4430 -1.9365 -29.4956 0.0116 0.8278 -0.0036 0.5609
14.3215 95.2617 -1.9653 -29.8003 0.0114 0.8262 -0.0088 0.5632
14.4254 96.1012 -2.0084 -30.1141 0.0116 0.8251 -0.0109 0.5647
14.5293 96.9703 -2.0559 -30.4463 0.0111 0.8241 -0.0113 0.5662
14.6331 97.8313 -2.1073 -30.7417 0.0107 0.8227 -0.0115 0.5683
14.7369 98.6621 -2.1466 -31.0446 0.0094 0.8209 -0.0106 0.5709
14.8408 99.5220 -2.1984 -31.3743 0.0074 0.8193 -0.0091 0.5732
14.9445 100.3744 -2.2421 -31.6494 0.0064 0.8176 -0.0084 0.5757
15.0483 101.2177 -2.2810 -31.9324 0.0043 0.8159 -0.0101 0.5780
15.1520 102.0645 -2.3098 -32.1909 0.0008 0.8140 -0.0145 0.5807
15.2558 102.9277 -2.3473 -32.4792 0.0029 0.8119 -0.0147 0.5837
15.3595 103.8164 -2.4026 -32.7631 0.0044 0.8096 -0.0156 0.5868
15.4633 104.6128 -2.4390 -33.0234 0.0029 0.8076 -0.0157 0.5895
15.5671 105.4794 -2.4623 -33.2753 0.0027 0.8055 -0.0131 0.5924
15.6709 106.3223 -2.5102 -33.5062 0.0020 0.8034 -0.0118 0.5953
15.7746 107.2192 -2.5476 -33.7678 0.0022 0.8012 -0.0138 0.5982
15.8784 108.0811 -2.5964 -34.0136 0.0022 0.7993 -0.0156 0.6008
15.9822 108.9254 -2.6078 -34.2385 0.0031 0.7971 -0.0158 0.6036
16.0861 109.8257 -2.6582 -34.4864 0.0028 0.7949 -0.0151 0.6066
16.1898 110.6665 -2.6918 -34.6875 0.0036 0.7925 -0.0140 0.6097
16.2935 111.5073 -2.7480 -34.9030 0.0050 0.7900 -0.0129 0.6130
16.3973 112.3479 -2.7893 -35.1161 0.0055 0.7881 -0.0125 0.6155
16.5010 113.2228 -2.8112 -35.3160 0.0038 0.7858 -0.0142 0.6183
16.6048 114.1116 -2.8641 -35.5103 0.0017 0.7839 -0.0155 0.6206
16.7086 115.0016 -2.8995 -35.7044 0.0019 0.7824 -0.0149 0.6225
16.8124 115.8565 -2.9404 -35.8920 0.0027 0.7810 -0.0140 0.6243
16.9162 116.7279 -2.9831 -36.0890 0.0032 0.7795 -0.0147 0.6262
17.0200 117.5472 -3.0128 -36.2674 0.0046 0.7778 -0.0121 0.6283
17.1238 118.4754 -3.0644 -36.4548 0.0065 0.7761 -0.0085 0.6305
17.2275 119.3321 -3.1060 -36.6356 0.0070 0.7744 -0.0071 0.6326
17.3314 120.1890 -3.1424 -36.7961 0.0079 0.7731 -0.0077 0.6341
17.4351 121.0484 -3.1731 -36.9504 0.0071 0.7720 -0.0093 0.6356
17.5390 121.9301 -3.2092 -37.1223 0.0066 0.7714 -0.0097 0.6363
17.6429 122.7704 -3.2459 -37.2615 0.0061 0.7709 -0.0096 0.6368
17.7466 123.6781 -3.2679 -37.4361 0.0056 0.7706 -0.0073 0.6372
17.8505 124.5683 -3.3131 -37.6026 0.0034 0.7703 -0.0056 0.6377
17.9543 125.4341 -3.3533 -37.7478 0.0040 0.7699 -0.0034 0.6381
18.0581 126.3023 -3.3729 -37.9029 0.0049 0.7695 -0.0057 0.6385
18.1619 127.1418 -3.4258 -38.0616 0.0052 0.7696 -0.0083 0.6384
18.2658 127.9552 -3.4471 -38.2107 0.0061 0.7697 -0.0073 0.6384
18.3696 128.8245 -3.4824 -38.3632 0.0051 0.7694 -0.0082 0.6387
18.4734 129.6968 -3.5038 -38.5391 0.0067 0.7691 -0.0057 0.6390
18.5772 130.5650 -3.5517 -38.6980 0.0060 0.7689 -0.0082 0.6393
18.6810 131.3924 -3.5734 -38.8284 0.0042 0.7688 -0.0120 0.6393
18.7849 132.2368 -3.6218 -38.9349 0.0030 0.7687 -0.0145 0.6395
18.8885 133.0834 -3.6529 -39.0981 0.0052 0.7685 -0.0148 0.6396
18.9924 133.9102 -3.6999 -39.2504 0.0059 0.7684 -0.0144 0.6398
19.0960 134.7293 -3.7491 -39.3898 0.0069 0.7678 -0.0147 0.6405
19.1999 135.5619 -3.7751 -39.5467 0.0081 0.7671 -0.0121 0.6413
19.3035 136.3771 -3.8229 -39.6845 0.0089 0.7663 -0.0091 0.6424
19.4074 137.2011 -3.8657 -39.8573 0.0079 0.7657 -0.0060 0.6432
19.5112 137.9838 -3.9045 -39.9907 0.0084 0.7644 -0.0047 0.6447
19.6148 138.7429 -3.9375 -40.1217 0.0104 0.7628 -0.0066 0.6465
19.7184 139.5134 -3.9882 -40.2412 0.0103 0.7609 -0.0086 0.6487
19.8221 140.3212 -4.0180 -40.3537 0.0100 0.7581 -0.0095 0.6519
19.9257 141.1447 -4.0346 -40.4779 0.0118 0.7549 -0.0050 0.6557
20.0294 141.9425 -4.0655 -40.5738 0.0151 0.7509 -0.0002 0.6602
20.1329 142.7035 -4.1252 -40.6694 0.0129 0.7465 -0.0037 0.6652
20.2366 143.5508 -4.1644 -40.7285 0.0132 0.7416 -0.0043 0.6707
20.3404 144.3348 -4.1809 -40.8102 0.0149 0.7370 -0.0027 0.6757
20.4440 145.0731 -4.2179 -40.8370 0.0168 0.7324 -0.0020 0.6807
20.5478 145.8466 -4.2601 -40.8684 0.0181 0.7274 -0.0047 0.6859
20.6515 146.6487 -4.3011 -40.9147 0.0185 0.7232 -0.0108 0.6903
20.7553 147.3993 -4.3491 -40.8932 0.0190 0.7183 -0.0165 0.6953
20.8591 148.1568 -4.3974 -40.8965 0.0196 0.7134 -0.0169 0.7002
20.9629 148.9143 -4.4416 -40.8989 0.0178 0.7096 -0.0155 0.7042
21.0668 149.6938 -4.5073 -40.8682 0.0164 0.7058 -0.0152 0.7081
21.1706 150.4418 -4.5477 -40.8388 0.0189 0.7023 -0.0171 0.7114
21.2745 151.1777 -4.6088 -40.8235 0.0181 0.6997 -0.0239 0.7138
21.3785 151.8981 -4.6563 -40.7839 0.0181 0.6987 -0.0265 0.7147
21.4825 152.6905 -4.7097 -40.7814 0.0167 0.6986 -0.0245 0.7149
21.5864 153.4802 -4.8013 -40.7479 0.0141 0.6993 -0.0234 0.7144
21.6904 154.1803 -4.8302 -40.7401 0.0136 0.7004 -0.0221 0.7133
21.7943 154.9224 -4.8815 -40.7099 0.0145 0.7015 -0.0215 0.7122
21.8983 155.7012 -4.9471 -40.7098 0.0148 0.7028 -0.0212 0.7109
22.0022 156.4399 -5.0096 -40.7161 0.0140 0.7045 -0.0208 0.7093
22.1061 157.1869 -5.0417 -40.7065 0.0134 0.7063 -0.0219 0.7075
22.2101 157.9374 -5.0793 -40.7029 0.0123 0.7083 -0.0221 0.7054
22.3139 158.6509 -5.1577 -40.7131 0.0112 0.7105 -0.0208 0.7033
22.4178 159.3807 -5.2044 -40.7011 0.0115 0.7125 -0.0201 0.7013
22.5215 160.1482 -5.2369 -40.7292 0.0122 0.7145 -0.0207 0.6992
22.6254 160.8606 -5.2984 -40.7312 0.0121 0.7159 -0.0223 0.6978
22.7292 161.5837 -5.3479 -40.7619 0.0117 0.7166 -0.0247 0.6970
22.8329 162.2857 -5.3743 -40.7866 0.0156 0.7172 -0.0216 0.6964
22.9365 162.9859 -5.4274 -40.7976 0.0158 0.7171 -0.0201 0.6965
23.0401 163.6834 -5.4580 -40.8127 0.0161 0.7158 -0.0176 0.6979
23.1438 164.4097 -5.5377 -40.8342 0.0149 0.7132 -0.0185 0.7006
23.2474 165.1140 -5.5817 -40.8160 0.0158 0.7094 -0.0180 0.7044
23.3510 165.7928 -5.6439 -40.8091 0.0157 0.7044 -0.0180 0.7094
23.4547 166.4818 -5.6674 -40.7880 0.0163 0.6991 -0.0159 0.7147
23.5583 167.1800 -5.7283 -40.7303 0.0121 0.6931 -0.0170 0.7206
23.6620 167.8768 -5.7468 -40.6757 0.0104 0.6871 -0.0143 0.7263
23.7657 168.5635 -5.7861 -40.6249 0.0072 0.6811 -0.0122 0.7321
23.8694 169.2267 -5.8199 -40.5581 0.0044 0.6744 -0.0097 0.7383
23.9730 169.9058 -5.8557 -40.4533 0.0018 0.6682 -0.0078 0.7439
24.0768 170.5443 -5.8805 -40.3717 0.0020 0.6613 -0.0055 0.7501
24.1805 171.1948 -5.8947 -40.2536 0.0017 0.6548 -0.0056 0.7558
24.2842 171.8473 -5.9151 -40.1402 0.0005 0.6481 -0.0065 0.7615
24.3879 172.4835 -5.9240 -40.0232 -0.0013 0.6417 -0.0075 0.7669
24.4916 173.1190 -5.9559 -39.8754 -0.0046 0.6361 -0.0076 0.7716
24.5954 173.7384 -5.9678 -39.7370 -0.0040 0.6313 -0.0044 0.7755
24.6993 174.3683 -5.9856 -39.5904 -0.0034 0.6270 -0.0028 0.7790
24.8031 174.9654 -5.9921 -39.4267 -0.0035 0.6229 -0.0045 0.7823
24.9068 175.5578 -6.0254 -39.2908 -0.0027 0.6193 -0.0086 0.7851
25.0105 176.1392 -6.0406 -39.1202 0.0012 0.6155 -0.0121 0.7880
25.1143 176.7341 -6.0372 -38.9774 0.0061 0.6121 -0.0122 0.7907
25.2180 177.3200 -6.0771 -38.8120 0.0053 0.6093 -0.0121 0.7928
25.3218 177.9217 -6.0807 -38.6092 0.0015 0.6071 -0.0102 0.7946
25.4255 178.5493 -6.1189 -38.4404 -0.0046 0.6053 -0.0083 0.7959
25.5294 179.1575 -6.1346 -38.2573 -0.0082 0.6045 -0.0056 0.7966
25.6332 179.7518 -6.1617 -38.0835 -0.0076 0.6042 -0.0045 0.7968
25.7370 180.3519 -6.1495 -37.9297 -0.0055 0.6035 -0.0043 0.7973
25.8408 180.9637 -6.1546 -37.7519 -0.0044 0.6029 -0.0034 0.7978
25.9445 181.5898 -6.1518 -37.5723 -0.0053 0.6022 -0.0031 0.7983
26.0481 182.2019 -6.1741 -37.3782 -0.0077 0.6012 -0.0020 0.7991
26.1519 182.8176 -6.1834 -37.2016 -0.0094 0.5998 -0.0002 0.8001
26.2555 183.4566 -6.1922 -36.9976 -0.0102 0.5980 0.0011 0.8014
26.3591 184.0561 -6.1857 -36.8220 -0.0101 0.5955 0.0021 0.8033
26.4628 184.6654 -6.1830 -36.6097 -0.0112 0.5920 0.0033 0.8059
26.5666 185.3136 -6.1825 -36.4069 -0.0114 0.5880 0.0044 0.8088
26.6703 185.9043 -6.1921 -36.1876 -0.0110 0.5833 0.0039 0.8122
26.7739 186.5191 -6.1837 -35.9756 -0.0102 0.5783 0.0021 0.8157
26.8777 187.1356 -6.1846 -35.7397 -0.0092 0.5733 0.0007 0.8193
26.9813 187.7492 -6.1746 -35.4827 -0.0086 0.5682 0.0011 0.8228
27.0850 188.3666 -6.1835 -35.2342 -0.0096 0.5631 0.0020 0.8263
27.1888 188.9887 -6.1850 -34.9616 -0.0104 0.5584 0.0026 0.8295
27.2925 189.6158 -6.1857 -34.6863 -0.0118 0.5531 0.0020 0.8330
27.3963 190.2274 -6.1576 -34.3913 -0.0136 0.5490 0.0013 0.8357
27.5000 190.8905 -6.1659 -34.1006 -0.0153 0.5455 -0.0004 0.8379
27.6039 191.5249 -6.1499 -33.8045 -0.0163 0.5436 0.0004 0.8392
27.7078 192.1699 -6.1580 -33.5083 -0.0167 0.5427 0.0028 0.8398
27.8117 192.8155 -6.1427 -33.2309 -0.0148 0.5424 0.0034 0.8400
27.9155 193.4851 -6.1371 -32.9235 -0.0141 0.5429 0.0039 0.8397
28.0194 194.1468 -6.1253 -32.6217 -0.0119 0.5433 0.0045 0.8394
28.1233 194.8177 -6.1076 -32.3249 -0.0116 0.5433 0.0055 0.8394
28.2272 195.5004 -6.0985 -32.0052 -0.0123 0.5435 0.0084 0.8392
28.3309 196.1757 -6.0985 -31.7084 -0.0134 0.5440 0.0097 0.8389
28.4348 196.8781 -6.0805 -31.3938 -0.0141 0.5448 0.0105 0.8384
28.5387 197.5648 -6.0732 -31.0864 -0.0145 0.5455 0.0107 0.8379
28.6424 198.2476 -6.0590 -30.7807 -0.0152 0.5463 0.0105 0.8374
28.7462 198.9423 -6.0537 -30.4751 -0.0151 0.5472 0.0098 0.8368
28.8499 199.6386 -6.0441 -30.1698 -0.0134 0.5476 0.0093 0.8366
28.9538 200.3156 -6.0431 -29.8759 -0.0111 0.5479 0.0068 0.8364
29.0575 200.9647 -6.0282 -29.5861 -0.0105 0.5485 0.0055 0.8361
29.1613 201.6568 -6.0241 -29.2671 -0.0119 0.5491 0.0061 0.8357
29.2649 202.3520 -6.0221 -28.9725 -0.0143 0.5496 0.0067 0.8353
29.3686 203.0443 -6.0173 -28.6703 -0.0156 0.5509 0.0054 0.8344
29.4725 203.7287 -6.0088 -28.3765 -0.0167 0.5530 0.0043 0.8330
29.5763 204.4057 -6.0040 -28.0847 -0.0174 0.5561 0.0043 0.8309
29.6802 205.1050 -5.9818 -27.8158 -0.0171 0.5599 0.0048 0.8284
29.7839 205.7878 -5.9840 -27.5539 -0.0154 0.5641 0.0056 0.8255
29.8878 206.4510 -5.9826 -27.2886 -0.0146 0.5690 0.0039 0.8222
29.9917 207.1659 -5.9608 -27.0254 -0.0151 0.5740 0.0037 0.8187
30.0955 207.8743 -5.9414 -26.8131 -0.0164 0.5787 0.0073 0.8153
30.1993 208.5946 -5.9401 -26.5795 -0.0185 0.5823 0.0104 0.8127
30.3030 209.2907 -5.9278 -26.3464 -0.0206 0.5852 0.0126 0.8105
30.4068 210.0224 -5.8966 -26.1009 -0.0231 0.5872 0.0113 0.8091
30.5104 210.7255 -5.8787 -25.8537 -0.0235 0.5883 0.0120 0.8082
30.6140 211.4310 -5.8524 -25.6521 -0.0235 0.5890 0.0125 0.8077
30.7178 212.1327 -5.8468 -25.4124 -0.0235 0.5895 0.0119 0.8074
30.8214 212.8262 -5.8093 -25.1762 -0.0236 0.5895 0.0110 0.8073
30.9252 213.5688 -5.7889 -24.9449 -0.0240 0.5893 0.0107 0.8075
31.0288 214.2854 -5.7738 -24.7011 -0.0245 0.5889 0.0112 0.8078
31.1325 215.0186 -5.7290 -24.4507 -0.0249 0.5881 0.0115 0.8083
31.2363 215.7394 -5.7126 -24.2198 -0.0239 0.5873 0.0136 0.8089
31.3401 216.4993 -5.6895 -23.9754 -0.0239 0.5861 0.0142 0.8097
31.4437 217.2161 -5.6684 -23.7281 -0.0258 0.5842 0.0136 0.8111
31.5474 217.9416 -5.6170 -23.4783 -0.0278 0.5822 0.0149 0.8124
31.6510 218.6823 -5.5921 -23.2136 -0.0297 0.5800 0.0157 0.8139
31.7548 219.4008 -5.5701 -22.9467 -0.0311 0.5779 0.0149 0.8154
31.8585 220.1381 -5.5387 -22.6711 -0.0308 0.5762 0.0134 0.8166
31.9623 220.8821 -5.5029 -22.3770 -0.0311 0.5743 0.0091 0.8180
32.0660 221.6093 -5.4659 -22.1017 -0.0308 0.5724 0.0072 0.8193
32.1696 222.3654 -5.4254 -21.8228 -0.0314 0.5705 0.0072 0.8207
32.2734 223.0785 -5.3998 -21.5374 -0.0313 0.5688 0.0060 0.8218
32.3772 223.8322 -5.3717 -21.2349 -0.0307 0.5671 0.0045 0.8231
32.4809 224.5543 -5.3611 -20.9236 -0.0311 0.5650 0.0040 0.8245
32.5845 225.2863 -5.3161 -20.6370 -0.0310 0.5630 0.0055 0.8258
32.6883 226.0525 -5.2888 -20.3454 -0.0297 0.5611 0.0068 0.8272
32.7919 226.7896 -5.2603 -20.0447 -0.0287 0.5591 0.0075 0.8286
32.8957 227.5020 -5.2404 -19.7489 -0.0285 0.5572 0.0061 0.8299
32.9994 228.2473 -5.2017 -19.4260 -0.0299 0.5552 0.0056 0.8311
33.1032 228.9651 -5.1577 -19.1162 -0.0310 0.5533 0.0049 0.8324
33.2068 229.6807 -5.1474 -18.7934 -0.0294 0.5513 0.0050 0.8338
33.3105 230.4207 -5.1415 -18.4796 -0.0267 0.5496 0.0028 0.8350
33.4143 231.1650 -5.1247 -18.1308 -0.0259 0.5482 -0.0005 0.8360
33.5182 231.8677 -5.0817 -17.8082 -0.0294 0.5466 -0.0026 0.8369
33.6218 232.5914 -5.0552 -17.4724 -0.0333 0.5457 0.0006 0.8373
33.7255 233.3154 -5.0338 -17.1497 -0.0373 0.5448 0.0058 0.8377
33.8293 234.0671 -4.9932 -16.8121 -0.0412 0.5441 0.0087 0.8380
33.9331 234.7781 -4.9491 -16.5071 -0.0424 0.5432 0.0099 0.8385
34.0367 235.4796 -4.9167 -16.1820 -0.0415 0.5419 0.0067 0.8394
34.1404 236.1861 -4.8765 -15.8544 -0.0384 0.5401 0.0051 0.8407
34.2440 236.9224 -4.8442 -15.4961 -0.0371 0.5379 0.0026 0.8422
34.3478 237.6400 -4.8035 -15.1483 -0.0355 0.5360 0.0028 0.8434
34.4515 238.3884 -4.7642 -14.7946 -0.0346 0.5343 0.0018 0.8446
34.5552 239.0739 -4.7429 -14.4634 -0.0344 0.5326 0.0031 0.8457
34.6589 239.8081 -4.6979 -14.1049 -0.0358 0.5309 0.0056 0.8467
34.7625 240.5014 -4.6717 -13.7648 -0.0375 0.5295 0.0083 0.8474
34.8663 241.2463 -4.6107 -13.4020 -0.0386 0.5284 0.0121 0.8480
34.9700 241.9772 -4.5667 -13.0213 -0.0408 0.5274 0.0130 0.8486
35.0739 242.7115 -4.5008 -12.6599 -0.0423 0.5266 0.0170 0.8489
35.1776 243.4441 -4.4533 -12.3015 -0.0430 0.5259 0.0168 0.8493
35.2813 244.1631 -4.4136 -11.9220 -0.0419 0.5249 0.0114 0.8500
35.3850 244.8742 -4.3858 -11.5602 -0.0372 0.5246 0.0062 0.8505
35.4887 245.5914 -4.3242 -11.1739 -0.0334 0.5245 0.0028 0.8507
35.5924 246.3154 -4.3023 -10.8061 -0.0345 0.5244 0.0036 0.8507
35.6962 247.0371 -4.2422 -10.4468 -0.0369 0.5244 0.0058 0.8507
35.7998 247.7852 -4.2192 -10.0752 -0.0372 0.5236 0.0068 0.8511
35.9035 248.4853 -4.1742 -9.7038 -0.0361 0.5232 0.0073 0.8514
36.0072 249.2046 -4.1419 -9.3479 -0.0354 0.5224 0.0085 0.8519
36.1109 249.9649 -4.0865 -8.9483 -0.0368 0.5216 0.0104 0.8523
36.2145 250.6675 -4.0483 -8.5859 -0.0386 0.5215 0.0107 0.8523
36.3183 251.3707 -3.9972 -8.2185 -0.0388 0.5209 0.0103 0.8527
36.4220 252.1090 -3.9846 -7.8346 -0.0375 0.5202 0.0087 0.8532
36.5258 252.8350 -3.9309 -7.4651 -0.0363 0.5197 0.0088 0.8535
36.6295 253.5564 -3.8900 -7.0786 -0.0360 0.5189 0.0106 0.8540
36.7333 254.3094 -3.8407 -6.6813 -0.0374 0.5174 0.0110 0.8549
36.8370 255.0013 -3.7947 -6.3020 -0.0384 0.5155 0.0115 0.8559
36.9408 255.7272 -3.7471 -5.9006 -0.0374 0.5138 0.0129 0.8570
37.0445 256.4783 -3.7117 -5.4895 -0.0373 0.5115 0.0118 0.8584
37.1483 257.1590 -3.6652 -5.1109 -0.0371 0.5091 0.0090 0.8598
37.2520 257.8909 -3.6334 -4.6707 -0.0354 0.5065 0.0081 0.8615
37.3557 258.5814 -3.5936 -4.2549 -0.0332 0.5034 0.0093 0.8633
37.4594 259.2885 -3.5478 -3.8619 -0.0318 0.4992 0.0104 0.8659
37.5630 259.9752 -3.5138 -3.4403 -0.0303 0.4943 0.0132 0.8687
37.6667 260.7056 -3.4806 -3.0008 -0.0298 0.4876 0.0140 0.8724
37.7703 261.3774 -3.4359 -2.5623 -0.0306 0.4809 0.0141 0.8761
37.8740 262.0621 -3.3955 -2.0962 -0.0322 0.4740 0.0162 0.8798
37.9778 262.7657 -3.3553 -1.5929 -0.0339 0.4674 0.0173 0.8832
38.0815 263.4250 -3.3156 -1.1122 -0.0350 0.4615 0.0162 0.8863
38.1853 264.0747 -3.2715 -0.6092 -0.0355 0.4567 0.0129 0.8888
38.2892 264.7292 -3.2110 -0.1325 -0.0352 0.4534 0.0103 0.8905
38.3932 265.3775 -3.1776 0.3627 -0.0369 0.4524 0.0070 0.8910
38.4972 266.0253 -3.1401 0.8368 -0.0376 0.4540 0.0033 0.8902
38.6012 266.6963 -3.1143 1.3364 -0.0377 0.4578 -0.0012 0.8883
38.7052 267.3607 -3.0682 1.7976 -0.0363 0.4628 -0.0039 0.8857
38.8093 268.0390 -3.0363 2.2496 -0.0344 0.4687 -0.0025 0.8827
38.9133 268.7297 -3.0173 2.6960 -0.0348 0.4739 -0.0009 0.8799
39.0172 269.4397 -2.9731 3.1717 -0.0357 0.4791 -0.0018 0.8770
39.1212 270.1247 -2.9508 3.5871 -0.0359 0.4839 -0.0009 0.8744
39.2250 270.8318 -2.9209 4.0189 -0.0343 0.4883 -0.0000 0.8720
39.3289 271.5421 -2.8865 4.4347 -0.0328 0.4926 0.0008 0.8697
39.4327 272.2215 -2.8591 4.8610 -0.0328 0.4967 -0.0008 0.8673
39.5364 272.9293 -2.8339 5.2555 -0.0339 0.4998 -0.0010 0.8655
39.6402 273.6590 -2.7928 5.7046 -0.0363 0.5023 -0.0010 0.8639
39.7438 274.3890 -2.7463 6.1012 -0.0398 0.5046 -0.0004 0.8624
39.8476 275.1243 -2.7109 6.5187 -0.0415 0.5067 0.0002 0.8611
39.9513 275.8472 -2.6731 6.9398 -0.0415 0.5085 -0.0013 0.8601
40.0550 276.5560 -2.6258 7.3248 -0.0391 0.5094 -0.0043 0.8596
40.1587 277.2518 -2.6226 7.7380 -0.0349 0.5106 -0.0089 0.8591
40.2624 278.0192 -2.6072 8.1545 -0.0320 0.5108 -0.0110 0.8590
40.3662 278.7501 -2.5665 8.5497 -0.0324 0.5117 -0.0122 0.8585
40.4699 279.4935 -2.5301 8.9709 -0.0342 0.5120 -0.0118 0.8582
40.5735 280.2255 -2.5083 9.3661 -0.0345 0.5123 -0.0100 0.8581
40.6773 280.9729 -2.4879 9.7752 -0.0348 0.5119 -0.0082 0.8583
40.7810 281.7322 -2.4551 10.1876 -0.0355 0.5111 -0.0070 0.8587
40.8848 282.4696 -2.4295 10.5912 -0.0358 0.5094 -0.0067 0.8597
40.9884 283.2273 -2.3941 11.0173 -0.0356 0.5076 -0.0065 0.8608
41.0922 283.9535 -2.3810 11.4408 -0.0365 0.5059 -0.0075 0.8618
41.1958 284.7195 -2.3334 11.8857 -0.0367 0.5040 -0.0078 0.8629
41.2994 285.4732 -2.3008 12.3234 -0.0361 0.5019 -0.0087 0.8641
41.4032 286.2096 -2.2807 12.7661 -0.0338 0.4999 -0.0082 0.8654
41.5068 286.9717 -2.2660 13.2117 -0.0318 0.4972 -0.0086 0.8670
41.6105 287.7203 -2.2348 13.6585 -0.0306 0.4941 -0.0083 0.8689
41.7142 288.4675 -2.2131 14.1349 -0.0311 0.4900 -0.0081 0.8711
41.8179 289.2193 -2.1741 14.6060 -0.0340 0.4865 -0.0072 0.8730
41.9215 289.9706 -2.1351 15.0876 -0.0371 0.4831 -0.0062 0.8747
42.0253 290.7065 -2.0995 15.5662 -0.0414 0.4798 -0.0070 0.8764
42.1289 291.4672 -2.0584 16.0584 -0.0433 0.4758 -0.0065 0.8784
42.2327 292.2147 -2.0238 16.5847 -0.0423 0.4719 -0.0074 0.8806
42.3363 292.9472 -1.9725 17.0897 -0.0381 0.4680 -0.0079 0.8829
42.4400 293.6961 -1.9376 17.6262 -0.0347 0.4638 -0.0100 0.8852
42.5438 294.4447 -1.9079 18.1534 -0.0307 0.4602 -0.0095 0.8872
42.6474 295.1871 -1.8942 18.6803 -0.0273 0.4564 -0.0081 0.8893
42.7512 295.9294 -1.8791 19.2106 -0.0263 0.4527 -0.0050 0.8913
42.8548 296.6641 -1.8592 19.7691 -0.0279 0.4487 -0.0017 0.8932
42.9585 297.3863 -1.8247 20.3112 -0.0299 0.4447 0.0022 0.8952
43.0623 298.1363 -1.7875 20.8870 -0.0317 0.4405 0.0040 0.8972
43.1661 298.8270 -1.7479 21.4878 -0.0324 0.4371 0.0048 0.8988
43.2698 299.5678 -1.7171 22.0908 -0.0336 0.4334 0.0029 0.9006
43.3736 300.2880 -1.6662 22.6685 -0.0352 0.4297 0.0015 0.9023
43.4773 301.0051 -1.6075 23.2921 -0.0360 0.4273 0.0035 0.9034
43.5810 301.7139 -1.5667 23.9151 -0.0355 0.4247 0.0035 0.9046
43.6849 302.4402 -1.5444 24.5125 -0.0336 0.4223 0.0033 0.9058
43.7887 303.1562 -1.4879 25.1207 -0.0312 0.4194 0.0022 0.9073
43.8924 303.8848 -1.4627 25.7462 -0.0314 0.4167 0.0026 0.9085
43.9961 304.5741 -1.4034 26.3928 -0.0339 0.4143 0.0021 0.9095
44.1000 305.2871 -1.3553 27.0146 -0.0365 0.4120 0.0033 0.9104
44.2036 305.9952 -1.3252 27.6654 -0.0364 0.4093 0.0024 0.9117
44.3073 306.6921 -1.2696 28.2940 -0.0348 0.4069 0.0004 0.9128
44.4110 307.3738 -1.2453 28.9420 -0.0327 0.4042 -0.0013 0.9141
44.5148 308.0924 -1.1953 29.5873 -0.0311 0.4017 0.0010 0.9153
44.6185 308.8072 -1.1803 30.2314 -0.0307 0.3992 0.0033 0.9164
44.7223 309.4797 -1.1387 30.8917 -0.0299 0.3965 0.0058 0.9175
44.8262 310.1653 -1.1113 31.5751 -0.0288 0.3934 0.0079 0.9189
44.9298 310.8405 -1.0660 32.2102 -0.0280 0.3906 0.0102 0.9201
45.0335 311.5487 -1.0294 32.8688 -0.0289 0.3880 0.0101 0.9212
45.1373 312.2203 -0.9858 33.5481 -0.0294 0.3860 0.0101 0.9220
45.2410 312.8763 -0.9712 34.2161 -0.0288 0.3835 0.0099 0.9230
45.3448 313.5237 -0.8920 34.8942 -0.0288 0.3811 0.0093 0.9241
45.4485 314.2003 -0.8904 35.5909 -0.0284 0.3787 0.0109 0.9250
45.5523 314.8697 -0.8317 36.2656 -0.0293 0.3753 0.0110 0.9264
45.6562 315.5242 -0.8033 36.9653 -0.0280 0.3731 0.0112 0.9273
45.7599 316.1549 -0.7532 37.6323 -0.0275 0.3705 0.0129 0.9284
45.8637 316.7963 -0.7289 38.3341 -0.0290 0.3682 0.0127 0.9292
45.9674 317.4315 -0.6673 39.0274 -0.0309 0.3665 0.0109 0.9298
46.0713 318.0485 -0.6337 39.7271 -0.0328 0.3647 0.0088 0.9305
46.1750 318.6621 -0.5795 40.4048 -0.0348 0.3636 0.0116 0.9308
46.2788 319.3124 -0.5426 41.1211 -0.0349 0.3623 0.0112 0.9313
46.3827 319.9197 -0.4990 41.8058 -0.0321 0.3613 0.0117 0.9318
46.4865 320.5509 -0.4680 42.4893 -0.0294 0.3608 0.0084 0.9321
46.5904 321.1734 -0.4202 43.2072 -0.0290 0.3611 0.0091 0.9320
46.6942 321.8219 -0.3858 43.9144 -0.0306 0.3616 0.0086 0.9318
46.7981 322.4312 -0.3518 44.6099 -0.0318 0.3625 0.0114 0.9314
46.9019 323.0938 -0.3021 45.3097 -0.0331 0.3639 0.0109 0.9308
47.0058 323.7288 -0.2569 46.0124 -0.0327 0.3665 0.0108 0.9298
47.1097 324.3967 -0.2239 46.7107 -0.0321 0.3692 0.0074 0.9288
47.2136 325.0491 -0.1643 47.4158 -0.0302 0.3726 0.0065 0.9275
47.3174 325.6941 -0.1362 48.1077 -0.0294 0.3762 0.0057 0.9260
47.4212 326.3918 -0.0727 48.7943 -0.0296 0.3800 0.0055 0.9245
47.5251 327.0704 -0.0565 49.4741 -0.0298 0.3837 0.0059 0.9230
47.6288 327.7632 0.0006 50.1489 -0.0319 0.3875 0.0047 0.9213
47.7327 328.4521 0.0478 50.8380 -0.0351 0.3918 0.0053 0.9193
47.8364 329.1553 0.1075 51.5053 -0.0378 0.3959 0.0057 0.9175
47.9402 329.8562 0.1375 52.1903 -0.0377 0.4000 0.0038 0.9158
48.0439 330.5417 0.1734 52.8490 -0.0352 0.4035 0.0019 0.9143
48.1477 331.2709 0.2120 53.4752 -0.0324 0.4071 0.0012 0.9128
48.2514 332.0168 0.2592 54.1411 -0.0321 0.4103 0.0022 0.9114
48.3550 332.7600 0.3016 54.7852 -0.0329 0.4134 0.0024 0.9100
48.4588 333.4935 0.3572 55.4161 -0.0334 0.4163 0.0026 0.9086
48.5626 334.2388 0.3952 56.0607 -0.0341 0.4189 0.0030 0.9074
48.6662 334.9860 0.4474 56.7263 -0.0352 0.4213 0.0027 0.9062
48.7699 335.7483 0.4951 57.3661 -0.0361 0.4236 0.0017 0.9051
48.8736 336.5093 0.5380 58.0271 -0.0369 0.4260 0.0006 0.9040
48.9773 337.2559 0.5772 58.6388 -0.0373 0.4282 -0.0002 0.9029
49.0809 338.0517 0.6289 59.2912 -0.0375 0.4304 -0.0011 0.9019
49.1847 338.8427 0.6724 59.9299 -0.0376 0.4323 -0.0015 0.9010
49.2883 339.6321 0.7155 60.5359 -0.0377 0.4341 -0.0017 0.9001
49.3920 340.4059 0.7603 61.1796 -0.0379 0.4357 -0.0018 0.8993
49.4958 341.1890 0.8071 61.8069 -0.0383 0.4377 -0.0019 0.8983
49.5994 341.9988 0.8556 62.4324 -0.0394 0.4390 -0.0031 0.8976
49.7032 342.8207 0.9123 63.0765 -0.0400 0.4410 -0.0027 0.8966
49.8068 343.5984 0.9505 63.6561 -0.0399 0.4425 -0.0029 0.8959
49.9106 344.3927 0.9899 64.2783 -0.0394 0.4441 -0.0036 0.8951
50.0142 345.2051 1.0411 64.8982 -0.0389 0.4453 -0.0034 0.8945
50.1180 346.0040 1.0956 65.5075 -0.0400 0.4460 -0.0010 0.8942
50.2216 346.8255 1.1546 66.1254 -0.0423 0.4463 0.0032 0.8939
50.3253 347.6316 1.2212 66.7388 -0.0442 0.4468 0.0047 0.8935
50.4290 348.4339 1.2744 67.3440 -0.0435 0.4470 0.0054 0.8935
50.5327 349.2445 1.3200 67.9462 -0.0405 0.4474 0.0044 0.8934
50.6365 350.0310 1.3662 68.5382 -0.0375 0.4479 0.0029 0.8933
50.7402 350.8374 1.4145 69.1479 -0.0356 0.4483 0.0032 0.8932
50.8440 351.6562 1.4676 69.7691 -0.0357 0.4490 0.0048 0.8928
50.9476 352.4541 1.5146 70.3725 -0.0365 0.4497 0.0073 0.8924
51.0512 353.2839 1.5715 70.9636 -0.0378 0.4500 0.0094 0.8922
51.1549 354.1067 1.6277 71.5804 -0.0391 0.4502 0.0105 0.8920
51.2586 354.9160 1.6834 72.1746 -0.0389 0.4502 0.0112 0.8920
51.3623 355.7302 1.7432 72.7835 -0.0379 0.4504 0.0108 0.8920
51.4659 356.5430 1.7806 73.3815 -0.0365 0.4503 0.0110 0.8921
51.5697 357.3485 1.8325 73.9854 -0.0363 0.4503 0.0117 0.8921
51.6733 358.1618 1.9119 74.5917 -0.0370 0.4503 0.0132 0.8920
51.7769 358.9629 1.9537 75.1643 -0.0361 0.4505 0.0163 0.8919
51.8807 359.7754 2.0159 75.8025 -0.0360 0.4508 0.0153 0.8918
51.9843 360.5972 2.0684 76.3923 -0.0358 0.4510 0.0139 0.8917
52.0881 361.3870 2.1314 76.9819 -0.0356 0.4511 0.0147 0.8917
52.1917 362.2329 2.1940 77.5960 -0.0358 0.4510 0.0160 0.8916
52.2954 363.0090 2.2437 78.1915 -0.0362 0.4512 0.0170 0.8915
52.3992 363.8365 2.2859 78.7942 -0.0359 0.4509 0.0196 0.8916
52.5029 364.6446 2.3505 79.3810 -0.0352 0.4506 0.0222 0.8918
52.6067 365.4467 2.4175 79.9647 -0.0345 0.4501 0.0252 0.8919
52.7104 366.2648 2.4585 80.5474 -0.0339 0.4497 0.0279 0.8921
52.8142 367.0996 2.5404 81.1595 -0.0340 0.4493 0.0296 0.8922
52.9179 367.8647 2.6026 81.7353 -0.0346 0.4488 0.0304 0.8925
53.0217 368.6690 2.6680 82.3384 -0.0341 0.4481 0.0331 0.8927
53.1254 369.4083 2.7251 82.9026 -0.0344 0.4473 0.0332 0.8931
53.2292 370.1904 2.8021 83.4941 -0.0348 0.4466 0.0331 0.8935
53.3329 370.9261 2.8550 84.0687 -0.0347 0.4458 0.0338 0.8938
53.4365 371.6898 2.9214 84.6309 -0.0354 0.4453 0.0348 0.8940
53.5403 372.4193 2.9779 85.2224 -0.0377 0.4448 0.0357 0.8941
53.6441 373.1183 3.0571 85.7357 -0.0415 0.4444 0.0356 0.8942
53.7478 373.8265 3.1303 86.2802 -0.0448 0.4444 0.0354 0.8940
53.8516 374.5314 3.1948 86.8388 -0.0481 0.4443 0.0325 0.8940
53.9553 375.1954 3.2747 87.3637 -0.0494 0.4448 0.0309 0.8937
54.0590 375.8538 3.3323 87.8860 -0.0503 0.4452 0.0297 0.8936
54.1628 376.5209 3.4185 88.3959 -0.0514 0.4455 0.0268 0.8934
54.2666 377.1255 3.4816 88.8667 -0.0524 0.4457 0.0233 0.8933
54.3702 377.7746 3.5403 89.3735 -0.0519 0.4463 0.0226 0.8931
54.4739 378.3749 3.6085 89.8380 -0.0506 0.4465 0.0246 0.8930
54.5776 378.9888 3.6605 90.2721 -0.0507 0.4466 0.0243 0.8930
54.6813 379.6064 3.7420 90.7482 -0.0504 0.4479 0.0244 0.8923
54.7851 380.1720 3.8048 91.1999 -0.0510 0.4495 0.0241 0.8915
54.8888 380.7699 3.8806 91.6465 -0.0528 0.4523 0.0219 0.8900
54.9927 381.3509 3.9304 92.0523 -0.0535 0.4550 0.0219 0.8886
55.0964 381.9393 4.0009 92.4726 -0.0532 0.4583 0.0210 0.8869
55.2002 382.5190 4.0422 92.8857 -0.0513 0.4618 0.0199 0.8853
55.3040 383.0967 4.1031 93.3057 -0.0508 0.4651 0.0155 0.8837
55.4078 383.6692 4.1656 93.7096 -0.0508 0.4696 0.0121 0.8813
55.5117 384.2927 4.2311 94.1026 -0.0524 0.4752 0.0116 0.8782
55.6154 384.8960 4.3055 94.4471 -0.0544 0.4796 0.0129 0.8757
55.7192 385.4968 4.3677 94.8476 -0.0571 0.4851 0.0144 0.8725
55.8229 386.1174 4.4289 95.2210 -0.0589 0.4898 0.0151 0.8697
55.9267 386.7536 4.4962 95.5690 -0.0594 0.4947 0.0158 0.8669
56.0304 387.3810 4.5582 95.9288 -0.0588 0.4992 0.0161 0.8643
56.1341 388.0333 4.6255 96.3002 -0.0562 0.5032 0.0169 0.8622
56.2378 388.6689 4.6704 96.6560 -0.0529 0.5064 0.0178 0.8605
56.3416 389.2983 4.7410 97.0116 -0.0508 0.5092 0.0199 0.8589
56.4453 389.9832 4.7978 97.3544 -0.0523 0.5117 0.0229 0.8572
56.5491 390.7132 4.9006 97.7219 -0.0566 0.5139 0.0282 0.8555
56.6529 391.4027 4.9972 98.0917 -0.0641 0.5160 0.0315 0.8536
56.7567 392.1201 5.1405 98.4381 -0.0690 0.5178 0.0348 0.8520
56.8604 392.7885 5.2046 98.8290 -0.0708 0.5201 0.0366 0.8504
56.9643 393.4847 5.2895 99.1579 -0.0724 0.5228 0.0347 0.8487
57.0681 394.1584 5.3881 99.5153 -0.0722 0.5253 0.0341 0.8472
57.1719 394.8903 5.5115 99.8352 -0.0720 0.5277 0.0373 0.8455
57.2756 395.6407 5.6349 100.2232 -0.0723 0.5305 0.0410 0.8436
57.3793 396.3462 5.7432 100.5452 -0.0725 0.5334 0.0449 0.8415
57.4831 397.0811 5.8554 100.8625 -0.0729 0.5359 0.0458 0.8399
57.5868 397.8031 5.9851 101.1936 -0.0740 0.5381 0.0438 0.8385
57.6906 398.5157 6.0863 101.5158 -0.0733 0.5410 0.0445 0.8366
57.7943 399.1930 6.1895 101.8295 -0.0722 0.5438 0.0457 0.8348
57.8982 399.8780 6.3048 102.1019 -0.0722 0.5475 0.0457 0.8324
58.0019 400.5694 6.3936 102.3998 -0.0715 0.5513 0.0469 0.8299
58.1058 401.2275 6.5120 102.6747 -0.0717 0.5557 0.0466 0.8270
58.2097 401.9868 6.6324 102.9581 -0.0726 0.5605 0.0460 0.8237
58.3134 402.6457 6.7349 103.2189 -0.0715 0.5647 0.0482 0.8208
58.4173 403.2980 6.8269 103.4497 -0.0707 0.5689 0.0483 0.8180
58.5211 404.0031 6.9249 103.6989 -0.0678 0.5736 0.0477 0.8149
58.6249 404.7348 7.0208 103.9576 -0.0676 0.5796 0.0412 0.8111
58.7287 405.4093 7.1152 104.1493 -0.0666 0.5857 0.0363 0.8070
58.8327 406.0646 7.2123 104.3596 -0.0646 0.5919 0.0336 0.8027
58.9366 406.7056 7.2903 104.5687 -0.0626 0.5997 0.0329 0.7971
59.0404 407.3830 7.3811 104.7374 -0.0597 0.6081 0.0328 0.7909
59.1443 408.0981 7.4576 104.8986 -0.0554 0.6169 0.0323 0.7844
59.2482 408.8218 7.5230 105.0126 -0.0518 0.6252 0.0315 0.7781
59.3521 409.5102 7.5928 105.1291 -0.0484 0.6332 0.0319 0.7718
59.4558 410.2283 7.6482 105.2376 -0.0472 0.6407 0.0327 0.7656
59.5596 410.9562 7.7301 105.3388 -0.0479 0.6476 0.0347 0.7597
59.6633 411.7023 7.8210 105.4478 -0.0512 0.6533 0.0367 0.7545
59.7669 412.4657 7.9090 105.5412 -0.0523 0.6582 0.0415 0.7499
59.8707 413.2167 7.9815 105.6239 -0.0549 0.6622 0.0432 0.7461
59.9743 414.0005 8.0677 105.7061 -0.0563 0.6656 0.0439 0.7429
60.0781 414.7335 8.1565 105.7959 -0.0585 0.6676 0.0433 0.7409
60.1818 415.4959 8.2606 105.8667 -0.0612 0.6709 0.0435 0.7378
60.2856 416.2742 8.3751 105.9630 -0.0629 0.6735 0.0420 0.7353
60.3893 417.0219 8.4562 106.0494 -0.0620 0.6760 0.0356 0.7335
60.4931 417.7754 8.4985 106.1087 -0.0574 0.6779 0.0282 0.7323
60.5968 418.5072 8.5384 106.1470 -0.0542 0.6801 0.0220 0.7308
60.7006 419.2552 8.6209 106.2239 -0.0555 0.6811 0.0200 0.7298
60.8042 420.0894 8.7388 106.2909 -0.0606 0.6811 0.0207 0.7294
60.9080 420.8542 8.8571 106.3515 -0.0614 0.6809 0.0206 0.7295
61.0116 421.6424 8.8948 106.4121 -0.0589 0.6801 0.0146 0.7306
61.1153 422.3422 8.9099 106.4720 -0.0512 0.6791 0.0061 0.7322
61.2189 423.0805 8.9260 106.5541 -0.0463 0.6769 -0.0013 0.7346
61.3227 423.8409 8.9795 106.6104 -0.0465 0.6751 -0.0016 0.7362
61.4264 424.6129 9.0677 106.6812 -0.0520 0.6746 0.0003 0.7364
61.5302 425.3625 9.1242 106.7514 -0.0540 0.6737 0.0025 0.7371
61.6338 426.0924 9.1483 106.8384 -0.0524 0.6714 0.0030 0.7392
61.7376 426.8272 9.1524 106.9195 -0.0483 0.6709 0.0004 0.7399
61.8413 427.4954 9.1772 106.9731 -0.0456 0.6704 -0.0010 0.7406
61.9451 428.1641 9.2243 107.0518 -0.0430 0.6697 -0.0002 0.7414
62.0488 428.8254 9.2585 107.1274 -0.0400 0.6698 0.0002 0.7415
62.1526 429.5147 9.2758 107.2074 -0.0380 0.6698 -0.0018 0.7416
62.2564 430.2329 9.2840 107.3052 -0.0373 0.6706 -0.0038 0.7409
62.3601 430.8663 9.3109 107.3755 -0.0377 0.6710 -0.0071 0.7405
62.4640 431.5027 9.3236 107.4294 -0.0382 0.6737 -0.0093 0.7380
62.5679 432.1370 9.3399 107.4653 -0.0386 0.6781 -0.0112 0.7339
62.6718 432.7572 9.3456 107.4955 -0.0387 0.6838 -0.0125 0.7285
62.7758 433.4315 9.3446 107.5148 -0.0378 0.6908 -0.0126 0.7220
62.8798 434.0500 9.3568 107.5391 -0.0364 0.6975 -0.0112 0.7156
62.9837 434.6633 9.3720 107.5433 -0.0350 0.7038 -0.0109 0.7095
63.0876 435.2729 9.3669 107.5305 -0.0341 0.7100 -0.0108 0.7033
63.1914 435.8285 9.3643 107.5184 -0.0335 0.7163 -0.0106 0.6969
63.2954 436.3766 9.3695 107.4751 -0.0341 0.7227 -0.0108 0.6902
63.3993 436.8965 9.3918 107.4237 -0.0349 0.7291 -0.0111 0.6834
63.5032 437.4009 9.3894 107.3778 -0.0347 0.7356 -0.0116 0.6764
63.6071 437.8566 9.3867 107.3162 -0.0316 0.7413 -0.0122 0.6703
63.7108 438.2878 9.3627 107.2500 -0.0266 0.7468 -0.0134 0.6644
63.8147 438.6985 9.3436 107.1733 -0.0209 0.7519 -0.0153 0.6588
63.9184 439.0693 9.3313 107.1123 -0.0181 0.7558 -0.0184 0.6543
64.0222 439.4225 9.3356 107.0731 -0.0162 0.7594 -0.0211 0.6501
64.1260 439.7746 9.3247 106.9986 -0.0147 0.7625 -0.0228 0.6464
64.2297 440.1109 9.3162 106.9407 -0.0125 0.7653 -0.0220 0.6432
64.3333 440.4251 9.3020 106.8797 -0.0091 0.7676 -0.0186 0.6406
64.4371 440.6982 9.2628 106.7924 -0.0073 0.7693 -0.0165 0.6386
64.5407 440.9664 9.2693 106.7245 -0.0084 0.7710 -0.0159 0.6366
64.6444 441.2481 9.2570 106.6810 -0.0111 0.7725 -0.0171 0.6347
64.7481 441.4688 9.2704 106.6521 -0.0139 0.7737 -0.0182 0.6331
64.8517 441.7135 9.2609 106.6165 -0.0153 0.7746 -0.0189 0.6319
64.9553 441.9049 9.2449 106.5636 -0.0143 0.7754 -0.0185 0.6310
65.0591 442.0780 9.2258 106.5160 -0.0122 0.7760 -0.0177 0.6304
65.1627 442.2487 9.2159 106.4799 -0.0100 0.7765 -0.0166 0.6299
65.2663 442.3757 9.2069 106.4553 -0.0086 0.7761 -0.0172 0.6303
65.3701 442.5271 9.2047 106.4289 -0.0085 0.7756 -0.0184 0.6309
65.4737 442.6793 9.2102 106.3870 -0.0076 0.7748 -0.0170 0.6320
65.5774 442.8338 9.1900 106.3642 -0.0061 0.7735 -0.0140 0.6336
65.6811 442.9761 9.2022 106.3119 -0.0047 0.7718 -0.0110 0.6357
65.7848 443.1285 9.1852 106.2902 -0.0034 0.7705 -0.0107 0.6373
65.8886 443.2693 9.1839 106.2848 -0.0038 0.7692 -0.0118 0.6388
65.9922 443.4201 9.1787 106.2667 -0.0045 0.7677 -0.0136 0.6406
66.0959 443.5615 9.1738 106.2480 -0.0048 0.7660 -0.0151 0.6427
66.1997 443.7176 9.1680 106.2289 -0.0048 0.7640 -0.0153 0.6450
66.3033 443.8966 9.1567 106.2078 -0.0050 0.7620 -0.0154 0.6473
66.4071 444.0875 9.1494 106.1936 -0.0078 0.7597 -0.0166 0.6500
66.5107 444.3168 9.1594 106.1871 -0.0116 0.7568 -0.0182 0.6533
66.6143 444.5280 9.1775 106.1711 -0.0141 0.7538 -0.0191 0.6566
66.7181 444.7696 9.1520 106.1456 -0.0138 0.7507 -0.0177 0.6602
66.8217 445.0102 9.1457 106.1199 -0.0120 0.7471 -0.0147 0.6645
66.9254 445.2572 9.1159 106.0857 -0.0112 0.7432 -0.0131 0.6688
67.0291 445.5145 9.1467 106.0921 -0.0097 0.7380 -0.0113 0.6746
67.1328 445.7976 9.1064 106.0728 -0.0088 0.7326 -0.0106 0.6805
67.2364 446.0616 9.1250 106.0757 -0.0087 0.7266 -0.0092 0.6870
67.3401 446.3657 9.1109 106.0729 -0.0089 0.7194 -0.0092 0.6945
67.4437 446.6320 9.1110 106.0994 -0.0088 0.7118 -0.0092 0.7023
67.5473 446.9352 9.0837 106.1320 -0.0088 0.7042 -0.0103 0.7099
67.6511 447.2605 9.1060 106.1655 -0.0098 0.6959 -0.0134 0.7180
67.7547 447.6000 9.0873 106.2014 -0.0105 0.6873 -0.0162 0.7261
67.8583 447.9142 9.1091 106.2619 -0.0110 0.6781 -0.0163 0.7347
67.9621 448.2735 9.0757 106.3153 -0.0107 0.6685 -0.0148 0.7435
68.0657 448.6261 9.0704 106.3954 -0.0104 0.6591 -0.0133 0.7519
68.1693 448.9973 9.0693 106.4647 -0.0107 0.6491 -0.0134 0.7605
68.2731 449.4030 9.0575 106.5604 -0.0112 0.6392 -0.0135 0.7689
68.3767 449.7940 9.0663 106.6888 -0.0113 0.6293 -0.0134 0.7770
68.4803 450.2005 9.0556 106.7854 -0.0113 0.6189 -0.0136 0.7853
68.5841 450.6281 9.0570 106.9245 -0.0110 0.6093 -0.0128 0.7927
68.6878 451.0562 9.0543 107.0753 -0.0109 0.6004 -0.0124 0.7995
68.7916 451.5426 9.0434 107.2239 -0.0111 0.5920 -0.0123 0.8058
68.8953 451.9962 9.0396 107.4092 -0.0109 0.5842 -0.0116 0.8114
68.9991 452.4868 9.0428 107.5927 -0.0108 0.5764 -0.0116 0.8170
69.1028 452.9926 9.0311 107.7956 -0.0103 0.5690 -0.0111 0.8222
69.2066 453.5222 9.0376 108.0215 -0.0094 0.5614 -0.0095 0.8275
69.3103 454.0505 9.0331 108.2545 -0.0079 0.5534 -0.0074 0.8329
69.4139 454.5703 9.0158 108.4925 -0.0070 0.5454 -0.0061 0.8381
69.5177 455.1045 9.0192 108.7600 -0.0066 0.5382 -0.0056 0.8428
69.6214 455.6603 9.0137 109.0346 -0.0064 0.5313 -0.0062 0.8472
69.7253 456.2313 9.0047 109.3473 -0.0068 0.5251 -0.0070 0.8510
69.8291 456.8325 9.0062 109.6846 -0.0072 0.5194 -0.0065 0.8545
69.9328 457.4034 9.0007 110.0054 -0.0082 0.5146 -0.0062 0.8574
70.0367 458.0006 9.0094 110.3421 -0.0096 0.5109 -0.0058 0.8596
70.1406 458.6152 9.0102 110.6904 -0.0103 0.5077 -0.0052 0.8615
70.2443 459.2400 9.0050 111.0512 -0.0107 0.5052 -0.0055 0.8629
70.3482 459.8773 9.0051 111.4222 -0.0113 0.5035 -0.0059 0.8639
70.4519 460.5152 9.0056 111.8035 -0.0117 0.5019 -0.0062 0.8648
70.5558 461.1842 9.0092 112.1886 -0.0117 0.5006 -0.0068 0.8656
70.6596 461.8648 9.0088 112.5825 -0.0113 0.4992 -0.0063 0.8664
70.7633 462.5447 9.0042 112.9859 -0.0106 0.4979 -0.0063 0.8671
70.8672 463.2473 9.0027 113.4132 -0.0099 0.4966 -0.0066 0.8679
70.9708 463.9506 9.0024 113.8186 -0.0091 0.4954 -0.0066 0.8686
71.0747 464.6678 8.9945 114.2580 -0.0083 0.4942 -0.0068 0.8693
71.1784 465.3953 8.9932 114.7043 -0.0074 0.4933 -0.0060 0.8698
71.2822 466.1317 8.9828 115.1446 -0.0063 0.4923 -0.0047 0.8704
71.3859 466.8599 8.9828 115.5822 -0.0058 0.4915 -0.0044 0.8709
71.4896 467.6214 8.9750 116.0503 -0.0049 0.4904 -0.0051 0.8715
71.5933 468.3718 8.9581 116.5058 -0.0032 0.4901 -0.0055 0.8716
71.6972 469.1390 8.9404 116.9990 -0.0023 0.4901 -0.0064 0.8717
71.8010 469.9164 8.9364 117.4813 -0.0031 0.4899 -0.0070 0.8718
71.9047 470.7219 8.9261 117.9776 -0.0043 0.4896 -0.0061 0.8719
72.0085 471.5114 8.9272 118.4735 -0.0050 0.4896 -0.0051 0.8719
72.1122 472.3255 8.9041 118.9532 -0.0046 0.4893 -0.0047 0.8721
72.2160 473.1293 8.8976 119.4688 -0.0036 0.4890 -0.0040 0.8722
72.3197 473.9792 8.8772 119.9715 -0.0028 0.4885 -0.0031 0.8726
72.4235 474.8223 8.8710 120.4953 -0.0027 0.4882 -0.0027 0.8727
72.5272 475.6690 8.8532 121.0335 -0.0024 0.4878 -0.0023 0.8729
72.6309 476.5143 8.8431 121.5636 -0.0023 0.4874 -0.0017 0.8732
72.7347 477.3920 8.8340 122.0951 -0.0021 0.4872 -0.0020 0.8733
72.8385 478.2703 8.8181 122.6462 -0.0019 0.4868 -0.0028 0.8735
72.9422 479.1268 8.8146 123.1998 -0.0021 0.4866 -0.0030 0.8736
73.0460 480.0516 8.7807 123.7756 -0.0026 0.4868 -0.0026 0.8735
73.1497 480.9126 8.7864 124.3319 -0.0039 0.4872 -0.0042 0.8732
73.2535 481.8178 8.7768 124.8989 -0.0040 0.4882 -0.0059 0.8727
73.3572 482.7339 8.7529 125.4823 -0.0035 0.4901 -0.0076 0.8716
73.4611 483.6403 8.7307 126.0381 -0.0038 0.4933 -0.0098 0.8698
73.5649 484.6008 8.7100 126.6011 -0.0046 0.4978 -0.0132 0.8672
73.6688 485.5207 8.6912 127.1500 -0.0048 0.5034 -0.0154 0.8639
73.7727 486.4784 8.6653 127.6838 -0.0057 0.5101 -0.0171 0.8599
73.8767 487.4586 8.6327 128.2132 -0.0069 0.5174 -0.0176 0.8556
73.9806 488.4201 8.6093 128.6913 -0.0093 0.5247 -0.0176 0.8510
74.0845 489.4069 8.5944 129.1969 -0.0099 0.5323 -0.0184 0.8463
74.1885 490.4375 8.5500 129.6767 -0.0090 0.5404 -0.0194 0.8412
74.2923 491.4128 8.5270 130.1068 -0.0081 0.5484 -0.0211 0.8359
74.3962 492.4278 8.4935 130.5580 -0.0078 0.5570 -0.0217 0.8302
74.5001 493.4614 8.4751 130.9591 -0.0086 0.5661 -0.0219 0.8240
74.6038 494.5158 8.4502 131.3352 -0.0086 0.5759 -0.0213 0.8172
74.7078 495.5662 8.3963 131.7003 -0.0075 0.5862 -0.0223 0.8098
74.8117 496.5912 8.3784 132.0218 -0.0066 0.5966 -0.0259 0.8021
74.9155 497.6822 8.2997 132.3367 -0.0044 0.6077 -0.0270 0.7937
75.0193 498.7369 8.2933 132.6075 -0.0049 0.6190 -0.0319 0.7847
75.1233 499.8013 8.1980 132.8501 -0.0026 0.6311 -0.0316 0.7750
75.2271 500.9381 8.1648 133.0584 -0.0030 0.6429 -0.0346 0.7652
75.3310 502.0205 8.0916 133.2392 -0.0005 0.6539 -0.0349 0.7557
75.4348 503.1430 8.0073 133.3595 0.0021 0.6647 -0.0360 0.7463
75.5386 504.2217 7.9322 133.4662 0.0046 0.6742 -0.0362 0.7377
75.6422 505.3381 7.8407 133.5411 0.0061 0.6831 -0.0356 0.7294
75.7459 506.4846 7.7559 133.6190 0.0070 0.6916 -0.0355 0.7214
75.8496 507.5802 7.6816 133.6493 0.0074 0.6994 -0.0367 0.7137
75.9533 508.6884 7.5956 133.6430 0.0083 0.7073 -0.0381 0.7059
76.0570 509.8268 7.4901 133.6353 0.0089 0.7147 -0.0379 0.6983
76.1606 510.9650 7.4061 133.5790 0.0096 0.7210 -0.0357 0.6919
76.2642 512.0926 7.3105 133.5118 0.0113 0.7257 -0.0332 0.6871
76.3677 513.2308 7.2099 133.4624 0.0144 0.7290 -0.0318 0.6837
76.4713 514.3557 7.1123 133.3645 0.0160 0.7307 -0.0323 0.6818
76.5750 515.4902 7.0195 133.2940 0.0160 0.7325 -0.0327 0.6798
76.6786 516.5943 6.9356 133.2201 0.0160 0.7335 -0.0329 0.6787
76.7822 517.7440 6.8402 133.1349 0.0163 0.7347 -0.0338 0.6774
76.8859 518.8980 6.7278 133.0637 0.0181 0.7359 -0.0345 0.6759
76.9896 520.0665 6.6259 132.9310 0.0188 0.7368 -0.0352 0.6750
77.0932 521.2325 6.5068 132.8475 0.0190 0.7381 -0.0346 0.6735
77.1970 522.4118 6.4087 132.7341 0.0186 0.7392 -0.0331 0.6724
77.3006 523.5959 6.3241 132.6487 0.0176 0.7400 -0.0318 0.6717
77.4042 524.7877 6.2239 132.5325 0.0169 0.7405 -0.0332 0.6711
77.5078 526.0098 6.1167 132.4372 0.0179 0.7406 -0.0351 0.6708
77.6116 527.1980 5.9938 132.3281 0.0188 0.7403 -0.0363 0.6711
77.7152 528.4287 5.8843 132.2108 0.0197 0.7405 -0.0355 0.6709
77.8190 529.6425 5.7755 132.0964 0.0192 0.7402 -0.0358 0.6712
77.9227 530.8999 5.6664 131.9864 0.0188 0.7403 -0.0366 0.6710
78.0263 532.1442 5.5547 131.8746 0.0179 0.7406 -0.0380 0.6707
78.1301 533.4057 5.4364 131.7535 0.0178 0.7414 -0.0373 0.6698
78.2338 534.6653 5.3122 131.6460 0.0176 0.7421 -0.0371 0.6690
78.3375 535.9277 5.1978 131.5219 0.0178 0.7430 -0.0371 0.6681
78.4412 537.2153 5.0733 131.3827 0.0181 0.7436 -0.0374 0.6674
78.5448 538.4918 4.9698 131.2543 0.0179 0.7449 -0.0373 0.6659
78.6486 539.7713 4.8355 131.1099 0.0177 0.7459 -0.0373 0.6647
78.7523 541.0735 4.7232 130.9741 0.0167 0.7470 -0.0376 0.6635
78.8560 542.3670 4.6009 130.8323 0.0165 0.7484 -0.0372 0.6620
78.9597 543.6847 4.4855 130.6835 0.0159 0.7495 -0.0373 0.6607
79.0633 544.9990 4.3702 130.5152 0.0156 0.7505 -0.0381 0.6596
79.1671 546.3252 4.2495 130.3491 0.0156 0.7514 -0.0383 0.6585
79.2708 547.6472 4.1261 130.1715 0.0160 0.7521 -0.0380 0.6577
79.3745 549.0013 3.9927 130.0054 0.0162 0.7530 -0.0386 0.6567
79.4782 550.3409 3.8710 129.8217 0.0163 0.7541 -0.0389 0.6554
79.5820 551.6887 3.7471 129.6404 0.0162 0.7552 -0.0389 0.6541
79.6857 553.0528 3.6236 129.4710 0.0161 0.7564 -0.0389 0.6527
79.7895 554.4317 3.4811 129.2655 0.0162 0.7577 -0.0387 0.6512
79.8932 555.8431 3.3552 129.0465 0.0159 0.7589 -0.0388 0.6498
79.9970 557.2227 3.2247 128.8575 0.0162 0.7602 -0.0388 0.6484
80.1006 558.6052 3.0987 128.6289 0.0165 0.7609 -0.0389 0.6475
80.2043 559.9994 2.9623 128.4053 0.0169 0.7617 -0.0389 0.6465
80.3080 561.4421 2.8263 128.1663 0.0173 0.7623 -0.0389 0.6458
80.4117 562.8460 2.6915 127.9503 0.0172 0.7628 -0.0389 0.6452
80.5153 564.2645 2.5525 127.7237 0.0178 0.7632 -0.0384 0.6448
80.6191 565.7114 2.4135 127.4816 0.0184 0.7636 -0.0384 0.6442
80.7227 567.1241 2.2708 127.2532 0.0183 0.7641 -0.0385 0.6437
80.8264 568.5788 2.1414 127.0060 0.0189 0.7643 -0.0372 0.6435
80.9301 570.0009 1.9985 126.7676 0.0184 0.7646 -0.0378 0.6431
81.0338 571.4568 1.8593 126.5268 0.0186 0.7650 -0.0376 0.6426
81.1375 572.9573 1.7191 126.2642 0.0180 0.7655 -0.0373 0.6422
81.2412 574.4209 1.5868 126.0371 0.0180 0.7659 -0.0360 0.6417
81.3449 575.8916 1.4488 125.7729 0.0178 0.7661 -0.0362 0.6414
81.4486 577.3611 1.3092 125.5093 0.0179 0.7661 -0.0369 0.6414
81.5523 578.8124 1.1661 125.2696 0.0189 0.7662 -0.0363 0.6413
81.6561 580.3357 1.0231 125.0065 0.0182 0.7663 -0.0371 0.6412
81.7597 581.7888 0.8854 124.7536 0.0191 0.7662 -0.0362 0.6413
81.8635 583.2810 0.7409 124.4985 0.0187 0.7662 -0.0369 0.6413
81.9671 584.7578 0.5986 124.2540 0.0199 0.7661 -0.0369 0.6414
82.0708 586.2431 0.4432 123.9988 0.0205 0.7658 -0.0370 0.6417
82.1745 587.7216 0.2882 123.7360 0.0209 0.7653 -0.0365 0.6423
82.2782 589.2491 0.1344 123.4740 0.0219 0.7646 -0.0346 0.6432
82.3820 590.7110 -0.0078 123.2263 0.0218 0.7640 -0.0343 0.6439
82.4857 592.1855 -0.1557 122.9824 0.0208 0.7637 -0.0348 0.6442
82.5894 593.6811 -0.3002 122.7479 0.0221 0.7635 -0.0333 0.6446
82.6931 595.1555 -0.4464 122.5118 0.0214 0.7632 -0.0340 0.6449
82.7969 596.6281 -0.5921 122.2586 0.0210 0.7631 -0.0345 0.6451
82.9006 598.0824 -0.7337 122.0262 0.0215 0.7628 -0.0337 0.6454
83.0042 599.5933 -0.8885 121.7899 0.0209 0.7626 -0.0343 0.6456
83.1078 601.0632 -1.0214 121.5493 0.0204 0.7624 -0.0344 0.6458
83.2116 602.5641 -1.1700 121.3092 0.0202 0.7625 -0.0340 0.6458
83.3152 604.0354 -1.3208 121.0759 0.0193 0.7624 -0.0335 0.6460
83.4190 605.5350 -1.4527 120.8234 0.0230 0.7621 -0.0300 0.6464
83.5226 607.0179 -1.5936 120.5792 0.0243 0.7615 -0.0300 0.6470
83.6262 608.4728 -1.7431 120.3487 0.0248 0.7615 -0.0317 0.6470
83.7300 609.9378 -1.8913 120.1323 0.0241 0.7613 -0.0324 0.6471
83.8336 611.4345 -2.0344 119.8913 0.0230 0.7610 -0.0324 0.6476
83.9373 612.9247 -2.1771 119.6625 0.0224 0.7607 -0.0326 0.6479
84.0410 614.3965 -2.3135 119.4541 0.0222 0.7604 -0.0331 0.6482
84.1447 615.8648 -2.4569 119.2183 0.0212 0.7602 -0.0340 0.6485
84.2484 617.3486 -2.6054 118.9855 0.0202 0.7601 -0.0346 0.6486
84.3521 618.8292 -2.7404 118.7733 0.0197 0.7600 -0.0344 0.6487
84.4557 620.3061 -2.8915 118.5424 0.0204 0.7600 -0.0339 0.6487
84.5594 621.7718 -3.0236 118.3242 0.0209 0.7601 -0.0339 0.6485
84.6630 623.2380 -3.1738 118.0766 0.0213 0.7600 -0.0332 0.6488
84.7667 624.7126 -3.3128 117.8677 0.0217 0.7597 -0.0318 0.6491
84.8703 626.1760 -3.4530 117.6421 0.0222 0.7592 -0.0323 0.6497
84.9740 627.6170 -3.6017 117.4229 0.0224 0.7586 -0.0347 0.6502
85.0777 629.0745 -3.7525 117.2025 0.0209 0.7584 -0.0354 0.6505
85.1813 630.5310 -3.9063 117.0073 0.0195 0.7579 -0.0357 0.6511
85.2851 631.9698 -4.0432 116.8029 0.0184 0.7577 -0.0352 0.6513
85.3887 633.3834 -4.1819 116.5950 0.0187 0.7577 -0.0331 0.6515
85.4925 634.7967 -4.3207 116.3694 0.0188 0.7576 -0.0324 0.6516
85.5961 636.2156 -4.4555 116.1896 0.0192 0.7577 -0.0322 0.6515
85.6997 637.6125 -4.5951 115.9911 0.0190 0.7579 -0.0326 0.6513
85.8034 638.9894 -4.7252 115.7824 0.0188 0.7582 -0.0325 0.6509
85.9071 640.3745 -4.8575 115.5838 0.0183 0.7584 -0.0327 0.6507
86.0108 641.7466 -4.9932 115.3979 0.0179 0.7586 -0.0330 0.6505
86.1145 643.1031 -5.1277 115.2003 0.0176 0.7589 -0.0328 0.6502
86.2182 644.3999 -5.2503 114.9996 0.0164 0.7593 -0.0319 0.6498
86.3218 645.7061 -5.3729 114.7954 0.0151 0.7595 -0.0307 0.6496
86.4256 646.9638 -5.4825 114.6228 0.0155 0.7598 -0.0311 0.6493
86.5292 648.2102 -5.6198 114.4385 0.0173 0.7599 -0.0326 0.6490
86.6330 649.4202 -5.7385 114.2645 0.0171 0.7599 -0.0331 0.6490
86.7367 650.6007 -5.8547 114.0841 0.0173 0.7598 -0.0319 0.6491
86.8403 651.7529 -5.9604 113.9138 0.0169 0.7594 -0.0305 0.6497
86.9441 652.8443 -6.0784 113.7390 0.0164 0.7589 -0.0306 0.6502
87.0477 653.9306 -6.1833 113.5671 0.0152 0.7584 -0.0310 0.6509
87.1514 654.9859 -6.2854 113.4122 0.0146 0.7576 -0.0296 0.6519
87.2550 655.9797 -6.3727 113.2706 0.0138 0.7570 -0.0277 0.6527
87.3587 656.9469 -6.4503 113.1474 0.0127 0.7566 -0.0278 0.6532
87.4625 657.8982 -6.5569 113.0079 0.0133 0.7564 -0.0277 0.6534
87.5662 658.7900 -6.6351 112.8983 0.0139 0.7562 -0.0286 0.6536
87.6699 659.6367 -6.7167 112.7827 0.0143 0.7561 -0.0286 0.6537
87.7736 660.4392 -6.7981 112.6716 0.0135 0.7561 -0.0292 0.6537
87.8773 661.1913 -6.8587 112.5663 0.0121 0.7570 -0.0305 0.6526
87.9812 661.9024 -6.9252 112.4691 0.0108 0.7598 -0.0320 0.6493
88.0852 662.6131 -6.9910 112.3566 0.0096 0.7652 -0.0334 0.6429
88.1892 663.2524 -7.0483 112.2248 0.0084 0.7726 -0.0352 0.6339
88.2933 663.8685 -7.1068 112.0850 0.0086 0.7816 -0.0364 0.6227
88.3975 664.4758 -7.1690 111.9255 0.0100 0.7919 -0.0372 0.6094
88.5016 665.0517 -7.2501 111.7453 0.0119 0.8037 -0.0370 0.5938
88.6058 665.6059 -7.2997 111.5126 0.0126 0.8166 -0.0369 0.5758
88.7101 666.1378 -7.3535 111.2749 0.0129 0.8309 -0.0366 0.5550
88.8143 666.6709 -7.4171 110.9965 0.0125 0.8452 -0.0360 0.5331
88.9186 667.1331 -7.4477 110.6965 0.0125 0.8595 -0.0357 0.5097
89.0228 667.5870 -7.5100 110.4008 0.0130 0.8746 -0.0358 0.4833
89.1271 668.0184 -7.5883 110.0157 0.0142 0.8891 -0.0365 0.4561
89.2313 668.4152 -7.6285 109.6696 0.0149 0.9036 -0.0382 0.4264
89.3356 668.7714 -7.6870 109.2514 0.0161 0.9168 -0.0402 0.3969
89.4396 669.0912 -7.7271 108.8868 0.0199 0.9293 -0.0412 0.3665
89.5437 669.3861 -7.8262 108.4573 0.0240 0.9406 -0.0397 0.3362
89.6478 669.6613 -7.8672 107.9773 0.0249 0.9509 -0.0394 0.3059
89.7518 669.9018 -7.8982 107.5661 0.0245 0.9605 -0.0398 0.2745
89.8558 670.1019 -7.9414 107.0603 0.0253 0.9687 -0.0393 0.2438
89.9597 670.2586 -8.0101 106.5982 0.0283 0.9762 -0.0386 0.2116
90.0637 670.4104 -8.0663 106.1176 0.0318 0.9823 -0.0394 0.1805
90.1676 670.5156 -8.1204 105.5696 0.0330 0.9875 -0.0424 0.1479
90.2715 670.6239 -8.1691 105.0887 0.0334 0.9917 -0.0459 0.1154
90.3755 670.6747 -8.2121 104.5210 0.0341 0.9949 -0.0474 0.0823
90.4793 670.6899 -8.2617 104.0257 0.0341 0.9971 -0.0467 0.0497
90.5831 670.6692 -8.3120 103.4655 0.0350 0.9982 -0.0463 0.0165
90.6870 670.6069 -8.3821 102.8684 0.0354 0.9981 -0.0472 -0.0167
90.7908 670.5160 -8.4302 102.3510 0.0360 0.9968 -0.0494 -0.0507
90.8946 670.4019 -8.4836 101.7417 0.0360 0.9945 -0.0515 -0.0842
90.9985 670.2258 -8.5362 101.1943 0.0362 0.9909 -0.0535 -0.1183
91.1021 670.0056 -8.5858 100.6282 0.0367 0.9864 -0.0553 -0.1504
91.2058 669.7376 -8.6607 100.0556 0.0384 0.9812 -0.0552 -0.1809
91.3095 669.4656 -8.7274 99.4929 0.0390 0.9753 -0.0561 -0.2102
91.4130 669.1520 -8.7841 98.9277 0.0401 0.9691 -0.0567 -0.2366
91.5166 668.7984 -8.8509 98.3565 0.0409 0.9629 -0.0576 -0.2604
91.6202 668.3846 -8.9109 97.8199 0.0414 0.9568 -0.0595 -0.2817
91.7237 668.0078 -8.9631 97.2620 0.0419 0.9513 -0.0604 -0.2995
91.8272 667.5583 -9.0464 96.7072 0.0430 0.9465 -0.0595 -0.3143
91.9306 667.0903 -9.1005 96.1436 0.0428 0.9424 -0.0568 -0.3268
92.0341 666.6459 -9.1725 95.5716 0.0416 0.9388 -0.0542 -0.3377
92.1377 666.1542 -9.2260 95.0044 0.0399 0.9355 -0.0520 -0.3473
92.2412 665.6370 -9.2954 94.4437 0.0389 0.9321 -0.0501 -0.3567
92.3449 665.1049 -9.3622 93.8752 0.0374 0.9286 -0.0474 -0.3661
92.4486 664.5560 -9.4118 93.3246 0.0340 0.9251 -0.0442 -0.3756
92.5522 664.0126 -9.4684 92.7488 0.0306 0.9212 -0.0406 -0.3858
92.6560 663.4354 -9.5151 92.2193 0.0295 0.9170 -0.0366 -0.3962
92.7597 662.8226 -9.5606 91.6502 0.0270 0.9123 -0.0319 -0.4074
92.8635 662.2386 -9.6032 91.1282 0.0242 0.9074 -0.0270 -0.4187
92.9672 661.6062 -9.6297 90.6027 0.0218 0.9020 -0.0242 -0.4305
93.0710 660.9472 -9.6750 90.1099 0.0204 0.8962 -0.0222 -0.4425
93.1747 660.2863 -9.7035 89.6489 0.0212 0.8902 -0.0208 -0.4545
93.2785 659.5804 -9.7201 89.1660 0.0229 0.8840 -0.0183 -0.4666
93.3821 658.8888 -9.7257 88.7214 0.0251 0.8780 -0.0168 -0.4777
93.4858 658.1782 -9.7625 88.2969 0.0268 0.8728 -0.0150 -0.4871
93.5895 657.4301 -9.7700 87.8814 0.0287 0.8686 -0.0137 -0.4946
93.6931 656.6924 -9.7795 87.4173 0.0285 0.8656 -0.0113 -0.4998
93.7967 655.9455 -9.7825 87.0214 0.0293 0.8637 -0.0089 -0.5030
93.9004 655.2234 -9.7927 86.5688 0.0290 0.8628 -0.0058 -0.5046
94.0040 654.4443 -9.7595 86.1268 0.0271 0.8626 -0.0027 -0.5051
94.1076 653.6658 -9.7505 85.6837 0.0250 0.8628 -0.0019 -0.5048
94.2113 652.8833 -9.7720 85.1981 0.0218 0.8634 -0.0033 -0.5040
94.3150 652.1067 -9.8039 84.7422 0.0181 0.8646 -0.0056 -0.5021
94.4186 651.3336 -9.8032 84.2759 0.0160 0.8662 -0.0077 -0.4994
94.5222 650.5060 -9.8141 83.7860 0.0166 0.8675 -0.0090 -0.4971
94.6260 649.7219 -9.7931 83.2810 0.0178 0.8689 -0.0091 -0.4946
94.7297 648.9133 -9.8047 82.7543 0.0174 0.8699 -0.0095 -0.4929
94.8335 648.1073 -9.8406 82.3036 0.0128 0.8705 -0.0096 -0.4919
94.9372 647.2605 -9.8889 81.7894 0.0093 0.8705 -0.0107 -0.4919
95.0410 646.4125 -9.8867 81.2272 0.0091 0.8706 -0.0108 -0.4917
95.1447 645.5663 -9.9145 80.7360 0.0092 0.8710 -0.0108 -0.4911
95.2484 644.7141 -9.9263 80.1921 0.0106 0.8713 -0.0104 -0.4905
95.3521 643.8679 -9.9619 79.7067 0.0123 0.8717 -0.0092 -0.4897
95.4559 642.9931 -9.9532 79.1484 0.0155 0.8723 -0.0094 -0.4886
95.5595 642.1067 -10.0005 78.5934 0.0140 0.8733 -0.0081 -0.4869
95.6631 641.2770 -10.0126 78.0695 0.0148 0.8741 -0.0086 -0.4854
95.7669 640.4139 -10.0363 77.5178 0.0134 0.8751 -0.0073 -0.4837
95.8705 639.5596 -10.0474 76.9624 0.0168 0.8760 -0.0087 -0.4820
95.9742 638.7304 -10.0751 76.4387 0.0155 0.8773 -0.0081 -0.4797
96.0779 637.8958 -10.0969 75.8686 0.0164 0.8782 -0.0098 -0.4780
96.1816 637.0595 -10.1270 75.3327 0.0151 0.8792 -0.0096 -0.4762
96.2853 636.1946 -10.1325 74.7489 0.0180 0.8797 -0.0099 -0.4751
96.3891 635.3773 -10.1420 74.1905 0.0186 0.8799 -0.0096 -0.4748
96.4929 634.5635 -10.1768 73.6238 0.0171 0.8803 -0.0093 -0.4741
96.5966 633.7378 -10.2280 73.0969 0.0156 0.8806 -0.0096 -0.4734
96.7004 632.9493 -10.2226 72.5680 0.0159 0.8807 -0.0093 -0.4734
96.8040 632.1297 -10.2375 72.0252 0.0169 0.8805 -0.0079 -0.4736
96.9077 631.3324 -10.2713 71.4696 0.0165 0.8807 -0.0069 -0.4734
97.0115 630.5477 -10.2943 70.9739 0.0148 0.8808 -0.0074 -0.4732
97.1151 629.7929 -10.3116 70.4579 0.0158 0.8810 -0.0085 -0.4727
97.2189 629.0146 -10.3353 69.9402 0.0164 0.8814 -0.0085 -0.4720
97.3225 628.2482 -10.3447 69.4088 0.0166 0.8818 -0.0086 -0.4712
97.4262 627.4703 -10.3822 68.8795 0.0157 0.8825 -0.0092 -0.4700
97.5300 626.7416 -10.3920 68.3709 0.0155 0.8831 -0.0085 -0.4688
97.6337 626.0236 -10.4193 67.8692 0.0162 0.8838 -0.0070 -0.4675
97.7375 625.3185 -10.4394 67.3773 0.0175 0.8847 -0.0072 -0.4659
97.8412 624.6171 -10.4605 66.8957 0.0144 0.8851 -0.0075 -0.4652
97.9451 623.9289 -10.4767 66.4012 0.0140 0.8857 -0.0079 -0.4640
98.0487 623.2692 -10.5012 65.9252 0.0135 0.8862 -0.0076 -0.4631
98.1525 622.6159 -10.5312 65.4616 0.0143 0.8864 -0.0074 -0.4626
98.2562 621.9641 -10.5325 65.0047 0.0129 0.8866 -0.0071 -0.4622
98.3600 621.3559 -10.5520 64.5568 0.0120 0.8869 -0.0071 -0.4618
98.4637 620.7660 -10.5794 64.1266 0.0134 0.8872 -0.0063 -0.4612
98.5675 620.1879 -10.5950 63.7347 0.0146 0.8877 -0.0052 -0.4602
98.6712 619.6133 -10.6202 63.3245 0.0153 0.8881 -0.0037 -0.4593
98.7749 619.1077 -10.6325 62.9313 0.0154 0.8885 -0.0033 -0.4586
98.8786 618.6246 -10.6507 62.5763 0.0153 0.8892 -0.0030 -0.4572
98.9823 618.1440 -10.6472 62.2306 0.0152 0.8896 -0.0030 -0.4566
99.0861 617.6819 -10.6675 61.8896 0.0147 0.8899 -0.0040 -0.4559
99.1897 617.2512 -10.6861 61.5877 0.0147 0.8902 -0.0044 -0.4554
99.2935 616.8526 -10.6877 61.3039 0.0154 0.8904 -0.0048 -0.4548
99.3972 616.4963 -10.6936 61.0244 0.0152 0.8907 -0.0055 -0.4543
99.5008 616.1497 -10.7021 60.7553 0.0142 0.8906 -0.0059 -0.4545
99.6046 615.8336 -10.7092 60.4953 0.0142 0.8907 -0.0055 -0.4544
99.7083 615.5274 -10.7200 60.2940 0.0147 0.8909 -0.0050 -0.4539
99.8120 615.2525 -10.7362 60.1038 0.0163 0.8911 -0.0059 -0.4534
99.9157 615.0009 -10.7514 59.9179 0.0171 0.8911 -0.0070 -0.4533
100.0193 614.7343 -10.7536 59.7271 0.0160 0.8912 -0.0070 -0.4533
100.1231 614.5457 -10.7655 59.5697 0.0157 0.8917 -0.0068 -0.4523
100.2267 614.3477 -10.7695 59.4210 0.0161 0.8917 -0.0064 -0.4524
100.3305 614.1402 -10.7702 59.2759 0.0161 0.8916 -0.0067 -0.4526
100.4341 613.9915 -10.7780 59.1501 0.0154 0.8917 -0.0078 -0.4523
100.5379 613.8147 -10.7804 59.0268 0.0159 0.8919 -0.0098 -0.4519
100.6415 613.6470 -10.7939 58.9031 0.0164 0.8916 -0.0105 -0.4523
100.7452 613.4741 -10.8051 58.7794 0.0166 0.8916 -0.0110 -0.4523
100.8489 613.3187 -10.7995 58.6557 0.0167 0.8918 -0.0103 -0.4519
100.9526 613.1667 -10.8056 58.5535 0.0171 0.8918 -0.0106 -0.4519
101.0562 612.9903 -10.8144 58.4126 0.0164 0.8917 -0.0105 -0.4521
101.1600 612.8198 -10.8194 58.2855 0.0153 0.8917 -0.0110 -0.4522
101.2636 612.6438 -10.8244 58.1623 0.0153 0.8918 -0.0113 -0.4520
101.3674 612.4864 -10.8282 58.0516 0.0155 0.8918 -0.0107 -0.4520
101.4710 612.3307 -10.8377 57.9148 0.0163 0.8919 -0.0105 -0.4518
101.5747 612.1623 -10.8416 57.8035 0.0163 0.8919 -0.0103 -0.4519
101.6784 612.0122 -10.8498 57.7071 0.0169 0.8918 -0.0104 -0.4519
101.7821 611.8639 -10.8498 57.5867 0.0168 0.8919 -0.0105 -0.4519
101.8859 611.6960 -10.8440 57.4674 0.0162 0.8919 -0.0105 -0.4518
101.9896 611.5688 -10.8531 57.3740 0.0168 0.8919 -0.0106 -0.4517
102.0932 611.4184 -10.8677 57.2703 0.0177 0.8918 -0.0105 -0.4519
102.1970 611.2960 -10.8730 57.1750 0.0180 0.8918 -0.0107 -0.4520
102.3007 611.1761 -10.8735 57.0740 0.0178 0.8918 -0.0107 -0.4520
102.4045 611.0550 -10.8755 56.9781 0.0170 0.8918 -0.0108 -0.4519
102.5083 610.9134 -10.8726 56.8960 0.0156 0.8919 -0.0104 -0.4519
102.6119 610.7983 -10.8739 56.8064 0.0167 0.8919 -0.0110 -0.4519
102.7156 610.6681 -10.8839 56.7216 0.0175 0.8917 -0.0116 -0.4521
102.8194 610.5752 -10.8854 56.6338 0.0180 0.8917 -0.0117 -0.4521
102.9230 610.4611 -10.8852 56.5396 0.0178 0.8917 -0.0108 -0.4521
103.0267 610.3614 -10.8864 56.4708 0.0161 0.8919 -0.0082 -0.4519
103.1305 610.2609 -10.8942 56.3921 0.0153 0.8918 -0.0080 -0.4521
103.2341 610.1376 -10.9086 56.2984 0.0155 0.8917 -0.0098 -0.4522
103.3379 610.0338 -10.9098 56.2309 0.0155 0.8918 -0.0104 -0.4520
103.4415 609.9440 -10.9097 56.1510 0.0157 0.8918 -0.0104 -0.4521
103.5452 609.8501 -10.9131 56.0779 0.0158 0.8918 -0.0106 -0.4520
103.6490 609.7284 -10.9116 55.9851 0.0153 0.8919 -0.0106 -0.4519
103.7526 609.6168 -10.9194 55.9074 0.0146 0.8921 -0.0111 -0.4515
103.8564 609.4813 -10.9236 55.8194 0.0138 0.8923 -0.0128 -0.4511
103.9601 609.3280 -10.9366 55.6845 0.0137 0.8925 -0.0147 -0.4507
104.0637 609.1714 -10.9316 55.5811 0.0135 0.8928 -0.0161 -0.4499
104.1674 608.9796 -10.9443 55.4195 0.0127 0.8934 -0.0167 -0.4488
104.2710 608.7891 -10.9557 55.2656 0.0120 0.8944 -0.0174 -0.4467
104.3746 608.5528 -10.9556 55.0931 0.0118 0.8956 -0.0182 -0.4444
104.4782 608.2898 -10.9662 54.8966 0.0133 0.8969 -0.0194 -0.4415
104.5820 608.0377 -10.9694 54.6765 0.0131 0.8984 -0.0212 -0.4385
104.6857 607.7549 -10.9798 54.4292 0.0124 0.9003 -0.0210 -0.4346
104.7894 607.4513 -10.9993 54.1883 0.0130 0.9024 -0.0217 -0.4301
104.8930 607.1423 -11.0212 53.9275 0.0143 0.9045 -0.0222 -0.4257
104.9967 606.8122 -11.0330 53.6381 0.0155 0.9066 -0.0218 -0.4211
105.1005 606.4804 -11.0507 53.3369 0.0168 0.9087 -0.0210 -0.4165
105.2041 606.1343 -11.0624 53.0019 0.0154 0.9110 -0.0216 -0.4115
105.3077 605.7634 -11.0800 52.6481 0.0145 0.9131 -0.0219 -0.4069
105.4115 605.3661 -11.0970 52.3050 0.0172 0.9151 -0.0204 -0.4024
105.5153 604.9669 -11.1295 51.9382 0.0191 0.9169 -0.0193 -0.3981
105.6189 604.5722 -11.1415 51.5425 0.0191 0.9188 -0.0180 -0.3939
105.7226 604.1497 -11.1461 51.0939 0.0181 0.9202 -0.0157 -0.3907
105.8265 603.7309 -11.1766 50.6589 0.0187 0.9213 -0.0139 -0.3880
105.9302 603.2904 -11.1867 50.2174 0.0152 0.9223 -0.0125 -0.3859
106.0341 602.8341 -11.1933 49.7489 0.0152 0.9228 -0.0118 -0.3849
106.1379 602.3879 -11.2013 49.2748 0.0132 0.9231 -0.0098 -0.3843
106.2417 601.9225 -11.2223 48.8136 0.0138 0.9236 -0.0098 -0.3830
106.3455 601.4115 -11.2252 48.3028 0.0137 0.9239 -0.0098 -0.3822
106.4492 600.9050 -11.2615 47.7706 0.0139 0.9241 -0.0100 -0.3817
106.5530 600.3905 -11.2818 47.2313 0.0102 0.9247 -0.0118 -0.3803
106.6568 599.8782 -11.2780 46.6911 0.0068 0.9250 -0.0142 -0.3797
106.7605 599.3325 -11.3062 46.1179 0.0055 0.9252 -0.0165 -0.3790
106.8642 598.7775 -11.3395 45.5704 0.0074 0.9256 -0.0169 -0.3780
106.9680 598.2251 -11.3765 44.9852 0.0088 0.9257 -0.0156 -0.3778
107.0718 597.6657 -11.3988 44.3757 0.0075 0.9259 -0.0142 -0.3774
107.1755 597.0728 -11.4173 43.7905 0.0080 0.9264 -0.0134 -0.3762
107.2791 596.5015 -11.4383 43.1718 0.0075 0.9268 -0.0131 -0.3752
107.3829 595.8686 -11.4749 42.5079 0.0100 0.9274 -0.0130 -0.3737
107.4865 595.2726 -11.4950 41.8648 0.0106 0.9281 -0.0124 -0.3719
107.5902 594.6421 -11.5229 41.1960 0.0110 0.9291 -0.0126 -0.3695
107.6939 594.0145 -11.5547 40.5198 0.0115 0.9301 -0.0119 -0.3669
107.7976 593.3901 -11.5706 39.8498 0.0126 0.9311 -0.0108 -0.3643
107.9012 592.7721 -11.6129 39.1521 0.0133 0.9320 -0.0112 -0.3619
108.0050 592.1751 -11.6303 38.4765 0.0130 0.9327 -0.0121 -0.3601
108.1087 591.5683 -11.6768 37.7895 0.0132 0.9333 -0.0137 -0.3587
108.2125 590.9626 -11.7018 37.1047 0.0102 0.9335 -0.0143 -0.3582
108.3162 590.3652 -11.7356 36.4188 0.0101 0.9332 -0.0153 -0.3588
108.4200 589.7349 -11.7829 35.7171 0.0091 0.9331 -0.0151 -0.3592
108.5237 589.1238 -11.8145 35.0213 0.0078 0.9328 -0.0149 -0.3601
108.6275 588.5094 -11.8502 34.3449 0.0078 0.9325 -0.0142 -0.3607
108.7312 587.8768 -11.8777 33.6690 0.0082 0.9322 -0.0142 -0.3616
108.8351 587.2571 -11.9252 32.9691 0.0091 0.9315 -0.0143 -0.3633
108.9389 586.6512 -11.9527 32.3120 0.0086 0.9313 -0.0150 -0.3639
109.0426 586.0175 -11.9960 31.6138 0.0084 0.9308 -0.0159 -0.3651
109.1464 585.3847 -12.0297 30.9274 0.0086 0.9303 -0.0158 -0.3663
109.2501 584.7530 -12.0647 30.2507 0.0085 0.9298 -0.0159 -0.3677
109.3539 584.1264 -12.0968 29.5688 0.0084 0.9293 -0.0160 -0.3690
109.4576 583.4849 -12.1491 28.8544 0.0089 0.9287 -0.0164 -0.3703
109.5612 582.8239 -12.1914 28.1892 0.0089 0.9282 -0.0172 -0.3715
109.6650 582.1881 -12.2244 27.5270 0.0086 0.9279 -0.0183 -0.3724
109.7687 581.5136 -12.2734 26.8190 0.0086 0.9276 -0.0181 -0.3730
109.8724 580.8594 -12.3160 26.1254 0.0086 0.9275 -0.0180 -0.3733
109.9761 580.2101 -12.3494 25.4150 0.0089 0.9275 -0.0175 -0.3734
110.0797 579.5202 -12.3971 24.7253 0.0086 0.9274 -0.0176 -0.3734
110.1835 578.8484 -12.4427 24.0090 0.0083 0.9276 -0.0180 -0.3731
110.2872 578.2012 -12.4951 23.3171 0.0079 0.9277 -0.0182 -0.3728
110.3909 577.5366 -12.5304 22.6043 0.0078 0.9280 -0.0182 -0.3721
110.4946 576.8725 -12.5775 21.9043 0.0079 0.9282 -0.0182 -0.3715
110.5982 576.2104 -12.6003 21.1999 0.0070 0.9285 -0.0190 -0.3707
110.7020 575.5351 -12.6755 20.4683 0.0061 0.9288 -0.0203 -0.3699
110.8056 574.8761 -12.7188 19.7789 0.0053 0.9292 -0.0205 -0.3690
110.9092 574.2253 -12.7705 19.0440 0.0066 0.9296 -0.0200 -0.3680
111.0129 573.5569 -12.8202 18.3148 0.0071 0.9302 -0.0178 -0.3665
111.1166 572.9056 -12.8469 17.6201 0.0065 0.9306 -0.0168 -0.3657
111.2202 572.2487 -12.9112 16.9113 0.0078 0.9309 -0.0173 -0.3648
111.3240 571.6053 -12.9498 16.1820 0.0068 0.9313 -0.0176 -0.3637
111.4276 570.9821 -13.0008 15.5024 0.0076 0.9317 -0.0180 -0.3627
111.5314 570.3344 -13.0442 14.7895 0.0086 0.9321 -0.0191 -0.3615
111.6350 569.7060 -13.0943 14.0938 0.0065 0.9324 -0.0192 -0.3608
111.7387 569.0684 -13.1515 13.3891 0.0066 0.9328 -0.0206 -0.3599
111.8424 568.4432 -13.2046 12.6583 0.0059 0.9332 -0.0201 -0.3589
111.9461 567.8307 -13.2458 11.9704 0.0066 0.9335 -0.0180 -0.3581
112.0497 567.1925 -13.2759 11.2761 0.0059 0.9337 -0.0158 -0.3576
112.1535 566.6181 -13.3298 10.5772 0.0054 0.9337 -0.0156 -0.3576
112.2571 566.0093 -13.3824 9.8899 0.0035 0.9335 -0.0166 -0.3580
112.3609 565.3983 -13.4174 9.2113 0.0028 0.9331 -0.0178 -0.3591
112.4646 564.7990 -13.4675 8.5557 0.0043 0.9328 -0.0191 -0.3600
112.5682 564.1722 -13.5139 7.8707 0.0067 0.9323 -0.0196 -0.3611
112.6720 563.5652 -13.5631 7.2056 0.0074 0.9318 -0.0205 -0.3623
112.7756 562.9698 -13.6089 6.5490 0.0090 0.9315 -0.0212 -0.3631
112.8794 562.3788 -13.6528 5.9113 0.0095 0.9311 -0.0215 -0.3639
112.9830 561.7880 -13.7048 5.2667 0.0089 0.9307 -0.0220 -0.3651
113.0867 561.2167 -13.7548 4.6528 0.0081 0.9301 -0.0237 -0.3665
113.1905 560.6743 -13.8315 4.0218 0.0052 0.9297 -0.0266 -0.3672
113.2941 560.1386 -13.9017 3.4332 0.0026 0.9292 -0.0291 -0.3684
113.3978 559.5975 -13.9406 2.8361 0.0013 0.9289 -0.0297 -0.3690
113.5015 559.0295 -14.0073 2.2436 0.0019 0.9287 -0.0287 -0.3697
113.6052 558.5491 -14.0445 1.7490 0.0053 0.9286 -0.0283 -0.3700
113.7090 558.0703 -14.1115 1.2172 0.0052 0.9284 -0.0281 -0.3706
113.8126 557.5695 -14.1389 0.6924 0.0078 0.9282 -0.0303 -0.3707
113.9164 557.1388 -14.2319 0.2547 0.0069 0.9281 -0.0321 -0.3708
114.0201 556.7169 -14.2762 -0.2218 0.0064 0.9282 -0.0337 -0.3706
114.1239 556.2878 -14.3073 -0.6589 0.0067 0.9283 -0.0339 -0.3703
114.2276 555.8647 -14.3624 -1.0977 0.0068 0.9282 -0.0333 -0.3704
114.3314 555.4816 -14.4136 -1.5236 0.0065 0.9283 -0.0326 -0.3703
114.4350 555.1413 -14.4513 -1.8737 0.0072 0.9284 -0.0339 -0.3700
114.5387 554.7711 -14.5135 -2.2725 0.0039 0.9282 -0.0345 -0.3704
114.6425 554.4377 -14.5529 -2.6657 0.0011 0.9282 -0.0345 -0.3705
114.7463 554.1052 -14.5781 -3.0304 0.0014 0.9281 -0.0348 -0.3706
114.8500 553.7489 -14.6214 -3.3997 0.0024 0.9282 -0.0342 -0.3705
114.9538 553.4289 -14.6631 -3.7240 0.0031 0.9281 -0.0333 -0.3707
115.0574 553.1239 -14.7112 -4.0731 0.0020 0.9281 -0.0324 -0.3710
115.1611 552.7998 -14.7442 -4.4161 0.0004 0.9278 -0.0316 -0.3716
115.2649 552.5083 -14.7865 -4.7272 0.0003 0.9278 -0.0318 -0.3716
115.3686 552.1972 -14.8261 -5.0420 0.0024 0.9277 -0.0326 -0.3720
115.4724 551.8911 -14.8430 -5.3602 0.0026 0.9276 -0.0330 -0.3721
115.5761 551.5969 -14.8798 -5.6562 0.0029 0.9276 -0.0333 -0.3722
115.6797 551.3303 -14.9134 -5.9343 0.0032 0.9275 -0.0332 -0.3722
115.7835 551.0662 -14.9478 -6.2159 0.0033 0.9276 -0.0336 -0.3720
115.8871 550.7984 -14.9678 -6.4835 0.0035 0.9277 -0.0342 -0.3718
115.9909 550.5494 -15.0060 -6.7436 0.0034 0.9278 -0.0345 -0.3715
116.0946 550.3166 -15.0372 -7.0037 0.0032 0.9278 -0.0356 -0.3713
116.1983 550.0862 -15.0650 -7.2537 0.0026 0.9279 -0.0369 -0.3710
116.3020 549.8667 -15.1067 -7.4754 0.0042 0.9281 -0.0394 -0.3702
116.4056 549.6498 -15.1366 -7.6932 0.0062 0.9284 -0.0408 -0.3693
116.5094 549.4120 -15.1641 -7.9433 0.0065 0.9288 -0.0414 -0.3681
116.6133 549.2313 -15.1841 -8.1587 0.0064 0.9295 -0.0419 -0.3665
116.7167 549.0253 -15.2128 -8.3843 0.0058 0.9299 -0.0424 -0.3653
116.8205 548.8743 -15.2295 -8.5557 0.0034 0.9305 -0.0419 -0.3638
116.9242 548.7089 -15.2428 -8.7516 0.0013 0.9310 -0.0414 -0.3628
117.0280 548.5566 -15.2724 -8.9057 0.0012 0.9315 -0.0411 -0.3614
117.1316 548.3962 -15.3101 -9.0948 0.0028 0.9318 -0.0418 -0.3604
117.2354 548.2682 -15.3303 -9.2392 0.0030 0.9322 -0.0418 -0.3596
117.3391 548.1341 -15.3555 -9.3914 0.0031 0.9324 -0.0423 -0.3589
117.4429 548.0132 -15.3749 -9.5215 0.0025 0.9325 -0.0432 -0.3586
117.5467 547.9044 -15.3853 -9.6509 0.0021 0.9324 -0.0440 -0.3587
117.6504 547.7965 -15.4004 -9.7658 0.0014 0.9323 -0.0447 -0.3590
117.7540 547.7009 -15.4170 -9.8710 0.0014 0.9321 -0.0451 -0.3593
117.8577 547.6005 -15.4330 -9.9771 0.0014 0.9321 -0.0455 -0.3594
117.9615 547.5118 -15.4464 -10.0835 0.0010 0.9321 -0.0463 -0.3593
118.0651 547.4478 -15.4527 -10.1532 0.0008 0.9323 -0.0465 -0.3588
118.1689 547.3462 -15.4701 -10.2601 0.0008 0.9322 -0.0465 -0.3588
118.2725 547.2811 -15.4763 -10.3291 0.0007 0.9324 -0.0467 -0.3584
118.3763 547.2115 -15.4959 -10.4340 0.0004 0.9324 -0.0469 -0.3585
118.4799 547.1718 -15.5022 -10.4809 -0.0000 0.9325 -0.0472 -0.3580
118.5836 547.1097 -15.5109 -10.5425 -0.0005 0.9327 -0.0473 -0.3575
118.6872 547.0461 -15.5287 -10.6217 -0.0003 0.9327 -0.0473 -0.3576
118.7910 546.9880 -15.5343 -10.6625 -0.0003 0.9328 -0.0476 -0.3573
118.8948 546.9437 -15.5445 -10.7384 -0.0002 0.9328 -0.0477 -0.3573
118.9985 546.8986 -15.5516 -10.7859 -0.0007 0.9329 -0.0481 -0.3570
119.1021 546.8597 -15.5579 -10.8319 -0.0008 0.9329 -0.0484 -0.3569
119.2059 546.8183 -15.5634 -10.8726 -0.0009 0.9330 -0.0484 -0.3566
119.3096 546.7800 -15.5652 -10.9149 -0.0008 0.9330 -0.0485 -0.3566
119.4132 546.7395 -15.5700 -10.9589 -0.0009 0.9330 -0.0486 -0.3565
119.5170 546.7240 -15.5716 -10.9761 -0.0010 0.9331 -0.0487 -0.3562
119.6207 546.6701 -15.5792 -11.0292 -0.0012 0.9331 -0.0490 -0.3562
119.7244 546.6389 -15.5799 -11.0669 -0.0014 0.9331 -0.0493 -0.3562
119.8281 546.6171 -15.5825 -11.0977 -0.0014 0.9332 -0.0493 -0.3560
119.9319 546.6020 -15.5884 -11.1205 -0.0013 0.9332 -0.0493 -0.3559
120.0355 546.5945 -15.5949 -11.1395 -0.0012 0.9332 -0.0492 -0.3559
120.1392 546.5700 -15.5955 -11.1592 -0.0013 0.9332 -0.0493 -0.3559
120.2429 546.5613 -15.5979 -11.1736 -0.0014 0.9333 -0.0494 -0.3558
120.3466 546.5480 -15.5964 -11.1675 -0.0015 0.9333 -0.0495 -0.3556
120.4502 546.5376 -15.5959 -11.1665 -0.0016 0.9334 -0.0495 -0.3555
120.5540 546.5245 -15.6067 -11.1910 -0.0018 0.9333 -0.0499 -0.3557
120.6576 546.5219 -15.6060 -11.2109 -0.0020 0.9333 -0.0502 -0.3556
120.7614 546.5098 -15.6058 -11.2112 -0.0022 0.9333 -0.0504 -0.3556
120.8650 546.5108 -15.6089 -11.2264 -0.0023 0.9333 -0.0505 -0.3556
120.9686 546.4988 -15.6136 -11.2507 -0.0023 0.9333 -0.0507 -0.3555
121.0724 546.4714 -15.6182 -11.2712 -0.0023 0.9332 -0.0507 -0.3557
121.1760 546.4441 -15.6203 -11.3067 -0.0022 0.9332 -0.0506 -0.3557
121.2797 546.4210 -15.6301 -11.3318 -0.0022 0.9332 -0.0506 -0.3558
121.3834 546.3980 -15.6338 -11.3643 -0.0022 0.9332 -0.0506 -0.3557
121.4871 546.3898 -15.6327 -11.3788 -0.0022 0.9333 -0.0505 -0.3555
121.5909 546.3763 -15.6304 -11.4031 -0.0023 0.9333 -0.0505 -0.3555
121.6945 546.3200 -15.6383 -11.4320 -0.0021 0.9333 -0.0503 -0.3556
121.7982 546.2991 -15.6453 -11.4754 -0.0020 0.9333 -0.0502 -0.3555
121.9020 546.2786 -15.6499 -11.5154 -0.0021 0.9334 -0.0502 -0.3553
122.0056 546.2252 -15.6590 -11.5537 -0.0021 0.9334 -0.0502 -0.3553
122.1094 546.1883 -15.6653 -11.5879 -0.0023 0.9335 -0.0503 -0.3552
122.2131 546.1472 -15.6771 -11.6401 -0.0022 0.9335 -0.0503 -0.3550
122.3168 546.0988 -15.6856 -11.6881 -0.0022 0.9335 -0.0503 -0.3550
122.4205 546.0330 -15.6921 -11.7757 -0.0023 0.9334 -0.0504 -0.3553
122.5243 545.9522 -15.7073 -11.8436 -0.0024 0.9334 -0.0506 -0.3552
122.6280 545.8845 -15.7184 -11.9258 -0.0024 0.9334 -0.0507 -0.3553
122.7316 545.8309 -15.7271 -12.0066 -0.0023 0.9333 -0.0505 -0.3555
122.8352 545.7747 -15.7371 -12.0619 -0.0022 0.9334 -0.0505 -0.3553
122.9390 545.7260 -15.7464 -12.1399 -0.0021 0.9335 -0.0502 -0.3551
123.0426 545.6463 -15.7602 -12.2159 -0.0021 0.9335 -0.0500 -0.3550
123.1462 545.5717 -15.7655 -12.2821 -0.0023 0.9336 -0.0500 -0.3549
123.2500 545.5119 -15.7703 -12.3581 -0.0023 0.9335 -0.0502 -0.3551
123.3536 545.4200 -15.7861 -12.4527 -0.0024 0.9334 -0.0505 -0.3552
123.4574 545.3408 -15.8088 -12.5578 -0.0018 0.9333 -0.0508 -0.3554
123.5610 545.2704 -15.8174 -12.6332 0.0000 0.9335 -0.0513 -0.3550
123.6648 545.2011 -15.8314 -12.6954 0.0011 0.9334 -0.0509 -0.3552
123.7685 545.1180 -15.8458 -12.7931 0.0016 0.9334 -0.0507 -0.3551
123.8721 545.0506 -15.8593 -12.8792 0.0015 0.9335 -0.0506 -0.3549
123.9759 544.9765 -15.8708 -12.9685 0.0012 0.9335 -0.0507 -0.3551
124.0796 544.9094 -15.8811 -13.0241 0.0013 0.9334 -0.0506 -0.3551
124.1832 544.8587 -15.8880 -13.0876 0.0016 0.9336 -0.0504 -0.3548
124.2870 544.8049 -15.9054 -13.1664 0.0016 0.9336 -0.0502 -0.3548
124.3906 544.7391 -15.9138 -13.2126 0.0017 0.9338 -0.0498 -0.3542
124.4944 544.7035 -15.9238 -13.2754 0.0017 0.9338 -0.0495 -0.3543
