1.000000000000000000e+00 -3.306050084167601550e-19 -2.270457535318767223e-19 -8.673617379884035472e-19 7.546676715296109287e-19 1.000000000000000000e+00 6.237773588823049983e-19 1.387778780781445676e-17 -3.447385680526250622e-20 4.770700176052009879e-20 1.000000000000000222e+00 5.551115123125782702e-17
-6.967214725289331279e-01 -1.786263456743548625e-02 7.162707990862323681e-01 -8.717059381789585615e+00 -3.224820689149238834e-02 9.994585251519796376e-01 -6.483472939826730869e-03 -3.985679811636982928e-02 -7.157672320239627517e-01 -2.762692781439687190e-02 -6.969200326836237913e-01 6.914751392945194475e+00
-9.801279679225217700e-01 -3.582374799331965870e-02 1.916165876540628921e-01 1.518450036606495468e+00 -4.017879624203696959e-02 9.990132212276957580e-01 -1.890485551027265218e-02 5.995268714788473674e-02 -1.907500779830290927e-01 -2.624081722036972208e-02 -9.805999978730450817e-01 8.381856332851960190e+00
-9.232109486453161651e-01 -4.489111508140494061e-02 -3.825533439007874903e-01 9.567431707492628945e+00 -3.678230524046680744e-02 9.989174224169131699e-01 -2.848078418633042883e-02 2.478290381309130042e-01 3.834176758356930836e-01 -1.222320567049023886e-02 -9.238629259505520830e-01 4.647973149786587044e+00
-8.213365842876889644e-01 -3.911234273317835269e-02 -5.690759869733013065e-01 1.305145663640013076e+01 -2.403421576810749888e-02 9.991329630775908077e-01 -3.401111127981965715e-02 1.403216124055873260e-01 5.699126251277067956e-01 -1.424086615605473297e-02 -8.215645105228424061e-01 -2.821516954951842848e+00
-9.550104881937128143e-01 -2.540568634222855823e-02 -2.967526262523219049e-01 1.406409718080948856e+01 -2.293610094167022190e-02 9.996679075347389976e-01 -1.172672182710693921e-02 1.533328924331218424e-01 2.969519817129434580e-01 -4.397201735038227220e-03 -9.552761417798385501e-01 -1.083284518213447534e+01
-8.754629912679066095e-01 -2.330300883437428500e-02 -4.840341736753239199e-01 1.723470884360200372e+01 -2.268809094301053528e-02 9.997173290210811247e-01 -7.105138944505371909e-03 1.090045185249448184e-01 4.840629265040325424e-01 4.767306447731206077e-03 -8.757442154539805124e-01 -1.822922893357280216e+01
-6.680099797511575010e-01 -1.013462660799574651e-02 -7.442818024673547583e-01 1.841956151409036835e+01 -3.866081965554205978e-03 9.999411200382261056e-01 -1.014030464095994587e-02 9.605067108097900541e-02 7.443407812509550414e-01 -3.889125128950842412e-03 -6.680098436905416159e-01 -2.558083044421185193e+01
-7.912131059066749295e-01 8.110240617823530297e-04 -6.122619127639310488e-01 1.654993467979067034e+01 -1.551901317500028847e-02 9.996514953877295717e-01 2.136039040710392689e-02 2.376261609477104408e-01 6.120659435467201703e-01 2.638931360917318864e-02 -7.909248997578491869e-01 -3.345826198093103443e+01
-7.396574456739268832e-01 9.476460631235335622e-03 -6.727217135848864160e-01 1.629471571833560617e+01 2.136611393996571545e-03 9.999288248121681599e-01 1.173892339705696376e-02 -7.486357034416926681e-03 6.727851794832097054e-01 7.244710138907730496e-03 -7.396248666298490537e-01 -4.064057987263791460e+01
-8.492601691560681676e-01 4.961148959985460516e-02 -5.255808869687444984e-01 1.476132834452296372e+01 1.902413305899629259e-01 9.574531675148731935e-01 -2.169973949221632170e-01 6.153204318186727279e-02 4.924510743399105883e-01 -2.842997350365880083e-01 -8.225648583861184804e-01 -4.845026876613563616e+01
-4.606187107089695920e-01 1.106235842897506927e-01 -8.809893778127294572e-01 1.437826414379101081e+01 1.134995108594924335e-01 9.913984189816927861e-01 6.519077720886883032e-02 -2.504924710436166269e+00 8.806189865913489623e-01 -7.001948866728192888e-02 -4.692122825448790113e-01 -5.610226303947754189e+01
-7.458255784120131349e-01 1.204923325449332866e-01 -6.548410499573733556e-01 9.683998564783713903e+00 1.889908848741974345e-01 9.813652102815139111e-01 -3.471945671805493766e-02 -2.593349811412198669e+00 6.384546456313510143e-01 -1.496399400826372572e-01 -7.546988296768128990e-01 -6.310033906963936090e+01
-7.634387560372192238e-01 9.314811451322556335e-02 -6.395568603069933244e-01 7.858836625425213107e+00 1.603453034236060060e-01 9.859124840842578008e-01 -4.773505450873799516e-02 -3.752120402459673709e+00 6.261049902018063218e-01 -1.388980399744176586e-01 -7.676223987204090493e-01 -7.143677339610647437e+01
-9.407093228549056052e-01 1.259165943433757928e-01 -3.144497012777071054e-01 6.604495265917844193e+00 1.560628582453013058e-01 9.850852363271981327e-01 -7.248691866239241610e-02 -4.830632334971632247e+00 3.006342322215525553e-01 -1.172265288988312976e-01 -9.463289550257900640e-01 -7.968589487809093441e+01
-8.503658507553235602e-01 1.336162794737860149e-01 -5.095738757833004895e-01 8.502389818143692324e+00 1.671292525699296372e-01 9.857163141140479201e-01 -2.049016755437391840e-02 -6.250852938363205880e+00 4.995586192432839301e-01 -1.026146070395282939e-01 -8.605498647373562848e-01 -8.753485316584657028e+01
-6.290403930638950314e-01 1.437344716910859688e-01 -7.638167301156644218e-01 9.126673180154430298e+00 1.725913434436160965e-01 9.840508392862011844e-01 4.294027977975636151e-02 -7.462731991775664042e+00 7.578078999218267331e-01 -1.048097487254852633e-01 -6.438142620639809577e-01 -9.551622409211006470e+01
-1.944465835058388770e-01 1.666658120210819938e-01 -9.665704721307067926e-01 7.323915002916472794e+00 1.505206336526622446e-01 9.788569396769407627e-01 1.385286545515146683e-01 -8.071995653127105541e+00 9.692350445638576728e-01 -1.184623182090466242e-01 -2.154210941862767237e-01 -1.035870012145742152e+02
-4.621149389717881251e-01 1.715115653159835496e-01 -8.703726151237247688e-01 1.750420144378130871e+00 1.793513901965183288e-01 9.789211246793160237e-01 9.780002510915808411e-02 -8.230993416486011682e+00 8.687997133150251461e-01 -1.109089117126165897e-01 -4.831351642460410267e-01 -1.099277089934171130e+02
-2.131437167130012522e-01 1.871465150209211947e-01 -9.591171648371130676e-01 -1.571737631278656622e+00 1.486008415891628409e-01 9.762757968288755528e-01 1.574995010106075566e-01 -8.442616356119858168e+00 9.658295035663665429e-01 -1.090113682663244737e-01 -2.358986136098699393e-01 -1.177353853061782729e+02
-3.030610548982782815e-01 1.959685743561567772e-01 -9.324098057727134847e-01 -6.990621297834830550e+00 1.539477753796349713e-01 9.758371736481554759e-01 1.550892462861371834e-01 -8.353202735363970177e+00 9.402858540001994836e-01 -9.646021406446246560e-02 -3.259041764681541720e-01 -1.242020281588286821e+02
-5.725144592830099244e-01 1.906728051513421618e-01 -7.973613505919865396e-01 -1.180476852292649070e+01 1.829430719196731003e-01 9.777708709630983375e-01 1.024130479133325833e-01 -8.380329817958434901e+00 7.991646270491605808e-01 -8.723488657575356742e-02 -5.946702572191814307e-01 -1.312382951498511545e+02
-6.956424211463824170e-01 1.942293910541005864e-01 -6.908972180939035868e-01 -1.384877097012537739e+01 1.981154104943870509e-01 9.772908481947892856e-01 7.508620544521547868e-02 -8.881942477473023345e+00 6.897944143682899210e-01 -8.461815778385269049e-02 -7.183248100669006320e-01 -1.392571338989329774e+02
-7.943303828577972237e-01 1.927378845823524145e-01 -5.763062095309828825e-01 -1.470726188144736923e+01 2.011934660090514693e-01 9.782814348379306191e-01 4.997004361367026609e-02 -9.608643255002117911e+00 5.734205769026659016e-01 -7.625574391143132014e-02 -8.158565481005864983e-01 -1.470721516829925122e+02
-7.582405361592411408e-01 1.959152464407393213e-01 -6.214280901036799420e-01 -1.431770819012555584e+01 1.895625472876732165e-01 9.788249880715682583e-01 7.727259790652953042e-02 -1.043190098037664448e+01 6.234075689339029225e-01 -5.921515495406717844e-02 -7.793228623851969905e-01 -1.551815751583418148e+02
-6.372958862456902240e-01 2.169472275734941058e-01 -7.397214891065134745e-01 -1.429029605625829014e+01 1.784001967497645391e-01 9.750243951528702047e-01 1.323023318078840604e-01 -1.093343354214068164e+01 7.499450685800690408e-01 -4.767892828302657676e-02 -6.600831236418298609e-01 -1.632598186598421250e+02
-6.620413830330831306e-01 2.168606526394065703e-01 -7.175462150476338286e-01 -1.574850461161025983e+01 1.756575772544871350e-01 9.754557453239284248e-01 1.328422722758399455e-01 -1.115028290600295868e+01 7.287401957227522820e-01 -3.812218046560520573e-02 -6.838845881018500439e-01 -1.708683947017741218e+02
-6.989157820409767075e-01 2.208070922684876869e-01 -6.804578919529605807e-01 -1.656635977895801304e+01 1.731799608776710409e-01 9.750876639169343552e-01 1.386911277091424366e-01 -1.122262046663080781e+01 6.941287421708177696e-01 -2.093233628428040755e-02 -7.197423169231073059e-01 -1.778332397799983369e+02
-8.577647107247301506e-01 2.303785732686918775e-01 -4.586220418463332060e-01 -1.726171403941255633e+01 2.022399273139141029e-01 9.730912565037708184e-01 1.103750330083265868e-01 -1.111560465238012441e+01 4.717139768870866057e-01 1.961498325944825271e-03 -8.812740665119203065e-01 -1.851678107545525620e+02
-7.754808989572633537e-01 2.333500415077289780e-01 -5.874152413049712473e-01 -1.622724886516461851e+01 1.732427535818243658e-01 9.721915148424657982e-01 1.576191894098731838e-01 -1.132890739762770416e+01 6.078466337544649045e-01 2.036750554168490282e-02 -7.943455274223730767e-01 -1.915269064665582164e+02
-6.649222270527483936e-01 2.459265410499062443e-01 -7.057529690111427056e-01 -1.621128533125741811e+01 1.440930758532747435e-01 9.687501432534979529e-01 2.019264196892901486e-01 -1.116392675912250354e+01 7.333502418677199097e-01 3.251383334428197686e-02 -6.795835838872120727e-01 -1.976880538752054406e+02
-6.923360937044656938e-01 2.459504202212658974e-01 -6.784769906539945827e-01 -1.779508520270208649e+01 1.525049492517177030e-01 9.687499056994314239e-01 1.956529556383424517e-01 -1.062521664556519951e+01 7.053967613084624055e-01 3.197657215938660286e-02 -7.082077997459728103e-01 -2.034253992091181829e+02
-7.828951767881465740e-01 2.469292174506378668e-01 -5.705782973103465938e-01 -1.891864292696384098e+01 1.599894645398824977e-01 9.668813977504920887e-01 1.988821615839695967e-01 -9.984289349840357985e+00 6.007877915226896848e-01 6.438880368092493589e-02 -7.964688283269999447e-01 -2.086363047712207788e+02
-7.488978612149951308e-01 2.520615066466565524e-01 -6.129709118753273733e-01 -1.965851734508575177e+01 1.663586728079372856e-01 9.667180694339904123e-01 1.944535548555791915e-01 -9.679156029103364034e+00 6.415807428224700182e-01 4.359734066038332273e-02 -7.659029175314341353e-01 -2.137320070470470910e+02
-7.995539262221494914e-01 2.590289617926677113e-01 -5.410911262735224048e-01 -2.031267015609112292e+01 1.682502616067623191e-01 9.626577259032883527e-01 2.120225035781971024e-01 -8.997066026316449694e+00 5.758221396781815216e-01 7.860730105737144535e-02 -8.132725761932848574e-01 -2.185372365290051277e+02
-8.763851510233005015e-01 1.459256540502784916e-01 -4.593013437811808708e-01 -2.099622785856120899e+01 -2.867715304120803388e-02 9.355929687669708450e-01 3.519350996311769730e-01 -8.500609183890489362e+00 4.810677065524270879e-01 3.215320449524102231e-01 -8.157674877151365189e-01 -2.231751812002957251e+02
-9.354376643962041271e-01 2.721632898120346922e-01 -2.233548118599538723e-01 -2.136386607909048507e+01 1.398457790999912131e-01 8.693326183783429695e-01 4.740515882194720199e-01 -7.211214763922508375e+00 3.232459503963056036e-01 4.123348783325954114e-01 -8.512016155879740253e-01 -2.276209580628789411e+02
-9.711061290130869050e-01 2.345414539636144213e-01 3.109372587346783887e-02 -2.137650350596674187e+01 2.174003814066178542e-01 8.328154185286745781e-01 5.091097889288447309e-01 -5.442649497092181043e+00 9.353921885138928582e-02 5.012078379394467875e-01 -8.596732544547049937e-01 -2.321670574761576802e+02
-9.469161783337954885e-01 2.727763980494173901e-01 -1.708549075776801263e-01 -2.005012929294926849e+01 1.606305614647269842e-01 8.604149695231367856e-01 4.835747737402981139e-01 -3.513247514739012090e+00 2.789251740865321127e-01 4.305194954856746969e-01 -8.585713228894756854e-01 -2.361720604396419105e+02
-9.465807473525333915e-01 2.518643831895894247e-01 1.980654711498475995e-01 -1.997119094410654583e+01 3.142719106880486057e-01 8.509516658137556977e-01 4.208010457655300685e-01 -1.596619896967077068e+00 -6.252579343205388884e-02 4.607394792355674062e-01 -8.845777656520793508e-01 -2.401031980147596130e+02
-8.170659793793088044e-01 2.374540599879561009e-01 5.248374485914243381e-01 -1.861165980276517828e+01 4.286508933949842448e-01 8.593653384928895411e-01 2.787732564105154798e-01 -2.280108722596070892e-01 -3.848187475546415715e-01 4.528136216356994925e-01 -8.039174368685552130e-01 -2.439394113624847762e+02
-8.431753418290200974e-01 2.422487505766210414e-01 4.804662473737175143e-01 -1.645378027299069146e+01 4.204450397694683983e-01 8.539179185086283042e-01 3.068321575586081540e-01 8.190093709128221100e-01 -3.359429687759655225e-01 4.606043035757664827e-01 -8.218913393825503233e-01 -2.469069348303336824e+02
-8.067270959321357626e-01 2.378014346973389981e-01 5.416870608992863101e-01 -1.474483856848800123e+01 4.355615434479443993e-01 8.582498443414372513e-01 2.716742545532310205e-01 1.795148602557930850e+00 -4.003445033478439941e-01 4.548010435039953614e-01 -7.959861921654051153e-01 -2.500619143498775543e+02
-7.474324821589826140e-01 2.269525175832196318e-01 6.230913265936673939e-01 -1.296136633401151883e+01 4.524222807050763961e-01 8.615752346874144818e-01 2.296449133770899209e-01 2.708549013382358872e+00 -4.846692379444025311e-01 4.540486437910407069e-01 -7.465554841759234339e-01 -2.528873632604471879e+02
-7.255262640644436489e-01 2.219341838424961355e-01 6.524577869564559540e-01 -1.088577405233671413e+01 4.614240805483131869e-01 8.595254172658718383e-01 2.201639159889251240e-01 3.482304222646939618e+00 -5.119842422165424844e-01 4.604852230556352177e-01 -7.260843954728514182e-01 -2.551944827306542152e+02
-6.671008063031188540e-01 2.270367248175386987e-01 7.088486136972590446e-01 -9.220388228183249879e+00 4.744455769590467664e-01 8.635867861002142210e-01 1.702523317008496906e-01 4.028546620359906960e+00 -5.734574695582991266e-01 4.501610005397598813e-01 -6.837698652760687557e-01 -2.575225292534619825e+02
-7.790805830697590251e-01 2.273273935497920617e-01 5.842777140579488160e-01 -7.276714407993474687e+00 4.379622029682593287e-01 8.642862581783347098e-01 2.476426093260352956e-01 4.565625927259608474e+00 -4.487035464207190238e-01 4.485369075671913897e-01 -7.729254374338626610e-01 -2.595358378315241339e+02
-7.864252066154624465e-01 2.271367512699153102e-01 5.741488089889826840e-01 -5.677172925740044285e+00 4.357023177924729263e-01 8.632437635739204085e-01 2.550649689738682113e-01 5.306865586292524029e+00 -4.376613845841157979e-01 4.507075901747555902e-01 -7.778534604847642253e-01 -2.616587036514578131e+02
-8.265584473554865585e-01 2.371671825031998193e-01 5.090933150588109468e-01 -4.481931283041376446e+00 4.187342655004142045e-01 8.645211964764761836e-01 2.777930386367821192e-01 5.867019151047506931e+00 -3.742145279285449821e-01 4.429514645558123020e-01 -8.138238931868466697e-01 -2.639139724668397662e+02
-9.081365376352693586e-01 2.424918531042455638e-01 3.396121066579509962e-01 -3.471219843490254142e+00 3.621043151413736449e-01 8.631604847604035236e-01 3.519911690110800184e-01 6.572913282778438671e+00 -2.077299571998783290e-01 4.426520915778689447e-01 -8.716381219679687486e-01 -2.659752267093743967e+02
-9.450313137656481954e-01 2.450022522201930342e-01 2.165488914286315403e-01 -3.158428553221065638e+00 3.141627028719254366e-01 8.650636163564913161e-01 3.913676306761774137e-01 7.421257658254594602e+00 -9.143369884504397305e-02 4.375481599136385458e-01 -8.944943349089583551e-01 -2.677974495665806671e+02
-9.607489783286050633e-01 2.501008236846343213e-01 1.204545853424852514e-01 -2.994793917309544362e+00 2.776653257196551872e-01 8.665581549561793828e-01 4.147227594165031062e-01 8.116543060093022177e+00 -6.431236500271921225e-04 4.318894210808603140e-01 -9.019958502687793755e-01 -2.695283101735720379e+02
-9.654705483827090706e-01 2.605030002262697097e-01 3.138336453717186642e-02 -2.759806074481462534e+00 2.479531237254229414e-01 8.658627443768053267e-01 4.346300842565292699e-01 8.716624410767472853e+00 8.602883815973252912e-02 4.271460706681149966e-01 -9.006073687617354162e-01 -2.709767218877413484e+02
-9.632178734621780203e-01 2.683848355662751262e-01 -3.241024237349098003e-02 -2.676140904287165778e+00 2.266438442863930869e-01 8.668335304889135395e-01 4.440892126179583066e-01 9.237246474937386154e+00 1.472629443359102785e-01 4.203586865930142857e-01 -8.958218132805503275e-01 -2.721207324321945862e+02
-9.616296774954854465e-01 2.745764672189173750e-01 -2.673629773990347097e-02 -2.652023620567073081e+00 2.359475350610156508e-01 8.686014315930272733e-01 4.356417643679062479e-01 9.643431213819804171e+00 1.428385058141325992e-01 4.127016464413415520e-01 -9.000999942060319281e-01 -2.730887039980105442e+02
-9.569601553787107084e-01 2.803124837632202104e-01 -6.598913671863153307e-02 -2.855730338688024172e+00 2.236418745765989258e-01 8.680922916842092052e-01 4.431994719521810677e-01 9.899456179151638224e+00 1.815478869520838201e-01 4.094454974796385982e-01 -8.933529052340264398e-01 -2.735144244073595701e+02
-9.542225757049942469e-01 2.879221431127634290e-01 -9.240693908243714783e-02 -2.966278163043793548e+00 2.189359046908866124e-01 8.677765347216270797e-01 4.462534926457007445e-01 1.023747962181194460e+01 2.086373370363416857e-01 4.052372725462463632e-01 -8.911860047624826642e-01 -2.741757187452150220e+02
-9.472153112849118761e-01 2.941805625188128603e-01 -1.269230451280589089e-01 -3.052831115934218076e+00 2.105733899013894905e-01 8.703690136916788500e-01 4.450953177748185885e-01 1.067752202183280374e+01 2.413869022104442874e-01 3.948560449324970967e-01 -8.863690535115033020e-01 -2.751443136953656108e+02
-9.437080982981483901e-01 2.962973813347756780e-01 -1.462659233024855010e-01 -3.231478034624384765e+00 2.070311277047244547e-01 8.755129566927959406e-01 4.364790266663786111e-01 1.098958989943377951e+01 2.573744210468672522e-01 3.817846743588664826e-01 -8.875655161819706596e-01 -2.757768260959228428e+02
-9.392881881376939912e-01 2.938173778191693342e-01 -1.755113349445320270e-01 -3.370973632565497535e+00 1.969351120263730659e-01 8.833019400101477236e-01 4.254769995578088215e-01 1.132443255088266554e+01 2.800909502072804202e-01 3.651460776269115360e-01 -8.875042570909597028e-01 -2.764763010944390658e+02
-9.338828614758478697e-01 2.897360777245833185e-01 -2.088253598679003786e-01 -3.538672328460450434e+00 1.828171715816714060e-01 8.902161391378266009e-01 4.171282530415257317e-01 1.171980514651687599e+01 3.067823087822918460e-01 3.515995414193552882e-01 -8.843151311470860421e-01 -2.773153866022602756e+02
-9.284789032950938603e-01 2.900192775600002326e-01 -2.334525368329919692e-01 -3.739405990770980459e+00 1.755853495053593949e-01 8.939714658770780975e-01 4.122647154572511297e-01 1.203786317255333671e+01 3.282502509980296246e-01 3.417597258902371760e-01 -8.809871833820027698e-01 -2.780297506446113971e+02
-9.211209939971586325e-01 2.928262756204348394e-01 -2.578004219644320361e-01 -3.974809624560128096e+00 1.683257884319445674e-01 8.945192489626517807e-01 4.140741135134408668e-01 1.236664505541290282e+01 3.518125493084579558e-01 3.379640611303075803e-01 -8.732887373911827344e-01 -2.787462382173166588e+02
-9.138664936054499144e-01 2.945600401628193921e-01 -2.813281183120087681e-01 -4.222438627482210549e+00 1.590816586635086238e-01 8.939149142644174928e-01 4.189625156365570091e-01 1.273154281963544321e+01 3.748721264835727651e-01 3.381482549463993292e-01 -8.638303902062395290e-01 -2.795252434960795540e+02
-9.058157807454348953e-01 2.985956795985404977e-01 -3.004432443116371032e-01 -4.468696334539642656e+00 1.519850633660971562e-01 8.910369634594439425e-01 4.277741916894763352e-01 1.306298830317299675e+01 3.954635271126630824e-01 3.418124684718539807e-01 -8.524856919150589629e-01 -2.802376805481810607e+02
-8.962761545458568513e-01 3.068807146311883227e-01 -3.171116791082588260e-01 -4.749154827866444606e+00 1.499941071467674469e-01 8.877792205300966133e-01 4.350623285413531827e-01 1.341727361119219708e+01 4.151267100269963040e-01 3.427679219673114286e-01 -8.416264714407826197e-01 -2.809497868656177388e+02
-8.909051140051996720e-01 3.094011988942085289e-01 -3.301638086414391271e-01 -5.049349096958980709e+00 1.456286317618338821e-01 8.870801070152052326e-01 4.379320468145253553e-01 1.377127754958850403e+01 4.284374384689793036e-01 3.424329343551447691e-01 -8.352884072975728103e-01 -2.816633156517696648e+02
-8.856070087969465376e-01 3.107833246321761722e-01 -3.428493315984902923e-01 -5.322690615514220625e+00 1.422371578131999825e-01 8.879828648627910992e-01 4.372914011439589244e-01 1.410849868166713605e+01 4.403923096651026770e-01 3.387371476062142617e-01 -8.305324465275755186e-01 -2.823568035967949754e+02
-8.815589515301426315e-01 3.116203971294402297e-01 -3.529088103861113268e-01 -5.621393124669459063e+00 1.388399850305860328e-01 8.882821844335361261e-01 4.379075933496026640e-01 1.444155327235715802e+01 4.499846717221782089e-01 3.370666214668942007e-01 -8.262671906136597189e-01 -2.830328177094366993e+02
-8.805216181711279511e-01 3.041597035217333822e-01 -3.638362868729833610e-01 -5.917090343082929138e+00 1.278268727648619041e-01 8.910411181791780821e-01 4.356401167090935278e-01 1.478929441807398426e+01 4.566656123601064987e-01 3.368942852308901559e-01 -8.234711244015133769e-01 -2.837143678881509459e+02
-8.760523082636559877e-01 3.025433082083973102e-01 -3.755955517970659963e-01 -6.207441579903536955e+00 1.196443025920177206e-01 8.907737129598303216e-01 4.384920877945978068e-01 1.512994466048215436e+01 4.672028857375207789e-01 3.390419087753163696e-01 -8.165672532565079189e-01 -2.843935489584038123e+02
-8.716233954705030484e-01 3.048166307401191100e-01 -3.838028179773558812e-01 -6.533195376862301451e+00 1.178380292257641265e-01 8.905584746042199962e-01 4.391927279623087377e-01 1.547207035558570531e+01 4.756803886880917043e-01 3.378050142834762570e-01 -8.121594734551587091e-01 -2.850599600792909882e+02
-8.667531968066809478e-01 3.062990922281785822e-01 -3.927036321292881049e-01 -6.867331346308201745e+00 1.162841458549929985e-01 8.911160127475619142e-01 4.387959598077775802e-01 1.582243185968750865e+01 4.843433289038070466e-01 3.344731137486995909e-01 -8.079491988067867281e-01 -2.857352168445924008e+02
-8.639893255857649113e-01 3.060172367580266672e-01 -3.971060504257707402e-01 -7.187771079659471596e+00 1.156520231695747497e-01 8.925750695711753835e-01 4.357193139718943953e-01 1.618560025535244407e+01 4.878326238306302520e-01 3.309040592599325481e-01 -8.064671278812844957e-01 -2.864203491158346537e+02
-8.649430653304815975e-01 3.048632366672103244e-01 -3.964082102112228001e-01 -7.528059533571086703e+00 1.160916673622048589e-01 8.934753280114975382e-01 4.337652251796256242e-01 1.654908957904090983e+01 4.865013479840729071e-01 3.295446265586725043e-01 -8.081034978609171748e-01 -2.871146027706967061e+02
-8.678921759002289349e-01 3.071890190394626075e-01 -3.922165819925234609e-01 -7.875381805126288270e+00 1.198749297047257967e-01 8.929537337107068540e-01 4.338484411632834159e-01 1.692070053141629060e+01 4.834480070024336773e-01 3.293774979253395463e-01 -8.118944864680096574e-01 -2.878305823486133477e+02
-8.703920518514944860e-01 3.061638679511732297e-01 -3.868641926794775254e-01 -8.207021698500671647e+00 1.209736627020157329e-01 8.926066526662421730e-01 4.342815090741780626e-01 1.728981902764431311e+01 4.782629053613358661e-01 3.311242761126949041e-01 -8.140040729178666945e-01 -2.885768647211450570e+02
-8.755401805819351679e-01 3.040896133500887166e-01 -3.778071774520340154e-01 -8.542435840964825999e+00 1.231234063018583763e-01 8.927658622501006835e-01 4.333373869678875945e-01 1.768181721289657204e+01 4.690362121482953839e-01 3.327511361251958011e-01 -8.191803087052138554e-01 -2.893339455378042544e+02
-8.764752676863597491e-01 3.036317075761080231e-01 -3.711339389500240560e-01 -8.876115754697419646e+00 1.258177971672070627e-01 8.926519684821089262e-01 4.327912780482988109e-01 1.806756867209362127e+01 4.627359065433884755e-01 3.328804947386231894e-01 -8.205049039970432334e-01 -2.900906050299162189e+02
-8.809591629472955931e-01 3.009201046732416507e-01 -3.640060161617846846e-01 -9.211760895468581012e+00 1.265498282416483988e-01 8.929436662170699979e-01 4.320364436107195227e-01 1.845180808024669616e+01 4.550765604478597681e-01 3.346257588979762998e-01 -8.246813774114674089e-01 -2.908648420646642876e+02
-8.847996538796277788e-01 2.977427935648824797e-01 -3.585768159995622595e-01 -9.540462423955917259e+00 1.258473048339008582e-01 8.933874445654906848e-01 4.312647965930213600e-01 1.885620503872258169e+01 4.487634885812017971e-01 3.365168178512414343e-01 -8.279436361372178865e-01 -2.916693743621447652e+02
-8.854700880661209306e-01 2.940934009714268882e-01 -3.583828204864324407e-01 -9.864153115387223281e+00 1.219840301722787401e-01 8.936335301525920594e-01 4.320117116819311986e-01 1.925441962815027708e+01 4.473092493074146692e-01 3.387278895764059272e-01 -8.271096248142848495e-01 -2.924704471239468262e+02
-8.867587569298128747e-01 2.916129748490245421e-01 -3.574879795695251605e-01 -1.021878194304598786e+01 1.194449156285550817e-01 8.936304040615151711e-01 4.325627871290150805e-01 1.967523334692336689e+01 4.456374134976481272e-01 3.410730964109265906e-01 -8.272257511737555191e-01 -2.933037226625463063e+02
-8.871649540251985711e-01 2.907900448864741416e-01 -3.581497174993590327e-01 -1.056293835568276585e+01 1.178524097823874101e-01 8.935059735832299177e-01 4.331992403173871575e-01 2.009504361667532635e+01 4.459915299603489647e-01 3.422965014426881947e-01 -8.269586357346367933e-01 -2.941425446539936388e+02
-8.857658087523010426e-01 2.906537008958718360e-01 -3.587366008032286668e-01 -1.091031279163391865e+01 1.172090675592709907e-01 8.932744613476339968e-01 4.338355598420332582e-01 2.051283837411159539e+01 4.466086993999451860e-01 3.426795048331900961e-01 -8.251950315511741296e-01 -2.949865617670982374e+02
-8.880436343458403270e-01 2.905012214596799924e-01 -3.579626310189792937e-01 -1.128567063334784493e+01 1.166291523044536149e-01 8.927832017049850410e-01 4.351436258953874647e-01 2.095976081880717601e+01 4.459475689377071506e-01 3.444945442975539396e-01 -8.267730322677445676e-01 -2.958512371821117313e+02
-8.886930325916940765e-01 2.913320687841267076e-01 -3.561607366694287680e-01 -1.166409628403307508e+01 1.182698090110277239e-01 8.925192311951758439e-01 4.352405693242617502e-01 2.139634966092300772e+01 4.446598805798546716e-01 3.445055846375679187e-01 -8.277009105938382127e-01 -2.967198081810396388e+02
-8.882266514953243153e-01 2.913555711974692985e-01 -3.577558552881102694e-01 -1.200956471783892709e+01 1.173794633969648255e-01 8.923993736833849555e-01 4.357512201282341957e-01 2.182627890710510954e+01 4.461939061002394569e-01 3.448169687202335409e-01 -8.269356883440667216e-01 -2.975986232736594275e+02
-8.877101315511104485e-01 2.900561000897129427e-01 -3.571996867144104360e-01 -1.238148756883996349e+01 1.158861015370926534e-01 8.922091855885587730e-01 4.364183098648629078e-01 2.228385969446185655e+01 4.453140401528741243e-01 3.462050825077853111e-01 -8.256236077178684685e-01 -2.985028170450359539e+02
-8.872973411974915958e-01 2.893088381312067248e-01 -3.582890757168908924e-01 -1.273900136788604875e+01 1.146042817961495930e-01 8.921729675337756182e-01 4.369469683790737635e-01 2.271091341326359370e+01 4.461111367055709542e-01 3.467081311150653766e-01 -8.247356078731493678e-01 -2.993545216566873250e+02
-8.882578936208656017e-01 2.887189900206058035e-01 -3.563426558980843373e-01 -1.310612634062643167e+01 1.144474734006277888e-01 8.919790500342614781e-01 4.374747480596519744e-01 2.314626713187135465e+01 4.441329118710502510e-01 3.476415076483870270e-01 -8.253183749268846459e-01 -3.002319342410871741e+02
-8.908699180362567027e-01 2.878878569506975738e-01 -3.545667943812848000e-01 -1.347727687109047956e+01 1.141414395000179133e-01 8.918930574378390874e-01 4.377542821590781896e-01 2.358863727814385314e+01 4.421759233689726565e-01 3.489907047719748578e-01 -8.275314826213393538e-01 -3.011255695275382891e+02
-8.899734083734394119e-01 2.895597184959542436e-01 -3.518865385512805477e-01 -1.383377011194367689e+01 1.155308480163337731e-01 8.903224779446233805e-01 4.404002184985429391e-01 2.402034283361031797e+01 4.408312639203685324e-01 3.513810044035074465e-01 -8.258015761133898902e-01 -3.019975917036348392e+02
-8.907811241770778876e-01 2.906218794275204353e-01 -3.476944425481186540e-01 -1.420288451950135133e+01 1.176701257761754854e-01 8.894337229735529426e-01 4.415651130621337517e-01 2.446574054498599793e+01 4.376086343359768538e-01 3.526926810938910140e-01 -8.264357661586881898e-01 -3.028688373389301773e+02
-8.917635544709955342e-01 2.915655665325321277e-01 -3.453948194941436900e-01 -1.455021299302777749e+01 1.191909848381589587e-01 8.888156190416737212e-01 4.424414112216586981e-01 2.489218534664177795e+01 4.360148817817834366e-01 3.535288022249849504e-01 -8.273429781525263316e-01 -3.037378404665408311e+02
-8.938781867302666440e-01 2.921482302242579543e-01 -3.426576473169402060e-01 -1.491338534243061886e+01 1.211585082713137196e-01 8.887760353520299805e-01 4.421864989770071253e-01 2.534584961867069453e+01 4.336666072958793583e-01 3.532960357603083801e-01 -8.299392523922102249e-01 -3.046384694732859657e+02
-8.943747219887576705e-01 2.916152624104175195e-01 -3.405511679298893202e-01 -1.526341658167843285e+01 1.218567157902339243e-01 8.889336481422202008e-01 4.417298422994889728e-01 2.577796352587743556e+01 4.314923899800796603e-01 3.531357718004552448e-01 -8.306139665129597116e-01 -3.054977924762404200e+02
-8.933093329791903514e-01 2.907489414369333058e-01 -3.434658160862722465e-01 -1.559595069654226052e+01 1.201534339751332975e-01 8.896566553790133947e-01 4.405008539229015585e-01 2.620022643014075925e+01 4.336308664927726042e-01 3.522333825290945297e-01 -8.297017955138367151e-01 -3.063460256463618521e+02
-8.926416078421883782e-01 2.878278654181267160e-01 -3.460120580186437089e-01 -1.597057594629403177e+01 1.177364964425955812e-01 8.913689947540831549e-01 4.377871258532557985e-01 2.664021033841456543e+01 4.344286689482440011e-01 3.499964475536416764e-01 -8.295288738808888063e-01 -3.072112945867635858e+02
-8.932483981414701679e-01 2.863571630544569091e-01 -3.492863532820477679e-01 -1.631744753538121984e+01 1.147832600148736143e-01 8.916459584095912660e-01 4.380723555797784163e-01 2.706880133025758539e+01 4.368419631173636186e-01 3.508109896025113916e-01 -8.294154717022947931e-01 -3.080987189656819396e+02
-8.884997816464305087e-01 2.865661889163871323e-01 -3.561317974968440381e-01 -1.667100751824829175e+01 1.113701353854592430e-01 8.912935079027242136e-01 4.395989262604609316e-01 2.749466401529380022e+01 4.434411217808473804e-01 3.510344701528320677e-01 -8.237370818165967723e-01 -3.089143906618534174e+02
-8.872800378785079545e-01 2.909604962579020460e-01 -3.599234932751322336e-01 -1.705435086675471368e+01 1.112801729884186214e-01 8.888562457728437227e-01 4.445034382373607151e-01 2.792931144665171672e+01 4.492266261987449827e-01 3.541367787920306487e-01 -8.211143243494136712e-01 -3.097833742695700607e+02
-8.841731905594855112e-01 2.884847848343955468e-01 -3.660030565929318636e-01 -1.740210678995359928e+01 1.057886982817301813e-01 8.891016593776711607e-01 4.453088452214895021e-01 2.835082440667927628e+01 4.539196579353571570e-01 3.551696512183669663e-01 -8.165777913279516076e-01 -3.106264934630858079e+02
-8.823297282696660471e-01 2.884984863742496297e-01 -3.705116468735566992e-01 -1.776809466427867790e+01 1.042875088729304373e-01 8.897412795347925396e-01 4.443789920185322595e-01 2.877286187850562627e+01 4.578873486585905428e-01 3.535867083184776605e-01 -8.150801179689229903e-01 -3.114596206340277149e+02
-8.803644182848928690e-01 2.883576998241930145e-01 -3.764358606545814001e-01 -1.814905758259217450e+01 1.026629013357900633e-01 8.908543263634485232e-01 4.424795079257427544e-01 2.920196498658478745e+01 4.629856315754948271e-01 3.510544661177410486e-01 -8.138668807538794736e-01 -3.122797024046573142e+02
-8.785493276917598626e-01 2.862427973390330171e-01 -3.827353410725972127e-01 -1.850685600674334097e+01 9.748346585360871674e-02 8.913857546452483849e-01 4.424767961465728150e-01 2.961690369370007403e+01 4.678318013112822138e-01 3.516558792380333753e-01 -8.110539023677647563e-01 -3.130955330132335916e+02
-8.769853572092404237e-01 2.846535679148113895e-01 -3.858729712298727965e-01 -1.889932197980500916e+01 9.503356666010079334e-02 8.919935787875241662e-01 4.418799469098915744e-01 3.004496868556946154e+01 4.700137823470829646e-01 3.510798003313982396e-01 -8.092674121376711716e-01 -3.139238710362117786e+02
-8.761897892241250485e-01 2.852516569248166323e-01 -3.893625334634454593e-01 -1.926862252995630342e+01 9.327110153438804285e-02 8.914703116209949929e-01 4.434235474206854044e-01 3.045467167141093157e+01 4.735794773172744554e-01 3.520601431970856732e-01 -8.077336922195628155e-01 -3.147316224792161279e+02
-8.744504013937318687e-01 2.904865053379656614e-01 -3.908399578118185169e-01 -1.966186910018682354e+01 9.307969440302407693e-02 8.873400608102368636e-01 4.517207122278373843e-01 3.087544735504145876e+01 4.779939357098658692e-01 3.582852579143871452e-01 -8.030606866000378208e-01 -3.155320645705906486e+02
-8.740897052119912525e-01 2.942617886055795551e-01 -3.882981571094208939e-01 -2.006550080567367900e+01 9.215378217578074072e-02 8.824911456513712116e-01 4.611637941736881907e-01 3.130851651077547615e+01 4.783357442737144472e-01 3.672138509639724657e-01 -7.985807526685366753e-01 -3.163373412725653679e+02
-8.722012224114095158e-01 2.954062037325961843e-01 -3.899581442123371544e-01 -2.044607167341205667e+01 9.061143614846664529e-02 8.809286787874047731e-01 4.643809404942594310e-01 3.173999456673009334e+01 4.807175331856834433e-01 3.698746222117249571e-01 -7.951249731034429891e-01 -3.171372591063035884e+02
-8.719140778859962859e-01 2.935475054993230692e-01 -3.919854590254128190e-01 -2.082141335026732420e+01 9.079442800820167192e-02 8.834873774262150814e-01 4.596081919553845485e-01 3.216930272261454604e+01 4.812084905015980851e-01 3.650597594251768774e-01 -7.969842997919888150e-01 -3.179189898691038252e+02
-8.707460554133956698e-01 2.917856894410738589e-01 -3.950318398034116107e-01 -2.121439500630063080e+01 9.092117973748362059e-02 8.862004567142496292e-01 4.543152031000163293e-01 3.258910398750256832e+01 4.826643204902104078e-01 3.597311613335313907e-01 -7.981449263557857110e-01 -3.186876733248636242e+02
-8.686942016243703879e-01 2.962693551240151990e-01 -3.965522927482778015e-01 -2.160209225275254852e+01 9.567995029037917876e-02 8.864787195735606140e-01 4.527366256561859981e-01 3.301341626141890373e+01 4.856945951248163862e-01 3.554650034607517717e-01 -7.984036027842428274e-01 -3.194626538411445154e+02
-8.689510349436524450e-01 2.997316795555055036e-01 -3.958661624282972524e-01 -2.199610771707857282e+01 9.863475950038520790e-02 8.854466233138622577e-01 4.541929463203425721e-01 3.343521291917475224e+01 4.866260257506472842e-01 3.553907878534954268e-01 -7.990571885784923944e-01 -3.202466593414168869e+02
-8.685055586781030845e-01 2.999523337948316604e-01 -3.942012039058030992e-01 -2.238875905474420236e+01 9.896310609769129463e-02 8.848056941655191299e-01 4.553787867349748941e-01 3.386327286233283473e+01 4.853906709301711864e-01 3.564556288131929263e-01 -7.981195982636003494e-01 -3.210300167427629958e+02
-8.691815537364250277e-01 3.010220578648564738e-01 -3.917972860346238262e-01 -2.276841456299867517e+01 9.783746335773052527e-02 8.820504124384562772e-01 4.609828495020775740e-01 3.429241576835721617e+01 4.843619477716910038e-01 3.622538133098280877e-01 -7.960797919104969367e-01 -3.218116590440987466e+02
-8.707219266772289190e-01 3.020886456949221088e-01 -3.893153804197770351e-01 -2.313572999385348439e+01 9.633891024587661056e-02 8.791972335432335361e-01 4.664588033599275652e-01 3.472196495600275767e+01 4.832011981420454294e-01 3.687989489436163670e-01 -7.947039040301585588e-01 -3.225852641658149196e+02
-8.733163576495691638e-01 2.952049896721641864e-01 -3.878164642483010738e-01 -2.349606949270583556e+01 8.906100132421107540e-02 8.789528238550924355e-01 4.686444202812105608e-01 3.514467498807123036e+01 4.791772525685499828e-01 3.744739414797528254e-01 -7.939086682204464784e-01 -3.233620941258426456e+02
-8.776587427571481692e-01 2.870758698275570064e-01 -3.859713714344105151e-01 -2.385521104025621852e+01 8.156187596250866201e-02 8.795239951889330943e-01 4.688420128238184881e-01 3.556260161528849295e+01 4.740261010324894886e-01 3.797543158112604011e-01 -7.954345192278972076e-01 -3.241369508731596625e+02
-8.770192632683750933e-01 2.911338490886471453e-01 -3.836623178104404119e-01 -2.422220753625544987e+01 8.573890577963920456e-02 8.782129287133881856e-01 4.705561133716181788e-01 3.599467897538034578e+01 4.739042702801304352e-01 3.796019094614743183e-01 -7.952363719345759696e-01 -3.249088483850646867e+02
-8.778527200027183008e-01 2.943400437038833917e-01 -3.806900548595689715e-01 -2.459892538546583296e+01 9.172935246063179671e-02 8.787950677048756987e-01 4.683878749655220330e-01 3.642751543239641876e+01 4.723698505854775909e-01 3.758694105388248330e-01 -7.985720021096588406e-01 -3.256818353669784756e+02
-8.784166661897399031e-01 2.942095217839374444e-01 -3.757118248446321140e-01 -2.495814919965984302e+01 9.561602792347770330e-02 8.799617129912988833e-01 4.652231711353349008e-01 3.685782180054989254e+01 4.675100051220962283e-01 3.729751013598453513e-01 -8.010714998197476788e-01 -3.264517946294234321e+02
-8.813206400296910159e-01 2.994582682791420147e-01 -3.682034656610995715e-01 -2.531139885246981081e+01 1.046209819821838777e-01 8.792044420156133189e-01 4.648590231594231792e-01 3.727383673690371069e+01 4.628810975090407176e-01 3.708646753716723365e-01 -8.063024931442172027e-01 -3.272139074400705567e+02
-8.805646221063823109e-01 3.058788239275605503e-01 -3.593816865651646153e-01 -2.566146387826756126e+01 1.152082813970850966e-01 8.779248265334348433e-01 4.646374195016308994e-01 3.769724212918967510e+01 4.576986199896337371e-01 3.681260657893747346e-01 -8.082034337208757746e-01 -3.279857685678121015e+02
-8.860436059215371918e-01 3.060642526072424041e-01 -3.476947963386509688e-01 -2.599335906398135876e+01 1.209743622497180260e-01 8.775325130918467664e-01 4.640042091422103554e-01 3.811744579468521010e+01 4.471222558890464716e-01 3.690889997537026845e-01 -8.145420287370821466e-01 -3.287724034282023808e+02
-8.908796785745126678e-01 3.021879410124888587e-01 -3.378364567395936713e-01 -2.629862463231012626e+01 1.213789499520410153e-01 8.771636085168057484e-01 4.645259160381719488e-01 3.853262605874751046e+01 4.367699342528970630e-01 3.730907552130582339e-01 -8.180722314101885884e-01 -3.295522446393496239e+02
-8.963787834492891182e-01 3.049713405228361429e-01 -3.238873750074885982e-01 -2.661427301946178048e+01 1.291884695128771854e-01 8.749219114577078127e-01 4.668633156082716007e-01 3.895811083815621600e+01 4.257062270761748923e-01 3.762411703575452293e-01 -8.237327589936788153e-01 -3.303417337866673620e+02
-8.997777855270354674e-01 3.050328420840087151e-01 -3.122740761261251774e-01 -2.690934120807770569e+01 1.350731204550544851e-01 8.746659736746037472e-01 4.656806771469269579e-01 3.937364608469023608e+01 4.151641482769490854e-01 3.765645557756837625e-01 -8.282078926801916818e-01 -3.311391064943374545e+02
-9.029417601386168224e-01 3.058290222261635383e-01 -3.009001739700746247e-01 -2.717339089063237267e+01 1.415917698494995325e-01 8.743924318224141068e-01 4.642442088583413895e-01 3.979598315177450729e+01 4.050891963400451434e-01 3.764290409780626789e-01 -8.327854127993672417e-01 -3.319260663257611554e+02
-9.058769730115726615e-01 3.082585261989840286e-01 -2.872182340266806744e-01 -2.745572176842902579e+01 1.501691265914547879e-01 8.733215154262052859e-01 4.632326645449512115e-01 4.021201252863615849e+01 3.937350841437880500e-01 3.770717509098264197e-01 -8.373086485929164269e-01 -3.327374487704587978e+02
-9.096308805579264023e-01 3.073933575008486185e-01 -2.761816614302081141e-01 -2.771380547813749118e+01 1.568599050052612021e-01 8.752773685342002397e-01 4.573782872331644822e-01 4.062709816584326461e+01 3.824224782022661029e-01 3.731376751400632963e-01 -8.442964380037395467e-01 -3.335395636454577470e+02
-9.137844582703804619e-01 3.063745633251695466e-01 -2.681050583608416971e-01 -2.796014059542809349e+01 1.632641975207219376e-01 8.790244646662983552e-01 4.479221983527296724e-01 4.102017991704003208e+01 3.728753882824624166e-01 3.654776178954783350e-01 -8.533011722055494630e-01 -3.343310100808155880e+02
-9.177583542934575345e-01 3.039757167009889405e-01 -2.560179623770076907e-01 -2.819876089939558028e+01 1.688821942143332866e-01 8.815868416909551364e-01 4.405895073459732969e-01 4.141218882541241442e+01 3.596340907296129985e-01 3.613700479738549687e-01 -8.604402971280276091e-01 -3.351323317849715409e+02
-9.213843836111177410e-01 3.036340851295603604e-01 -2.439201663950344712e-01 -2.841235731104896800e+01 1.736893054000246406e-01 8.808123462569825701e-01 4.404912043962204149e-01 4.181489715642763372e+01 3.485683796083852704e-01 3.633582553789757030e-01 -8.643365005105501098e-01 -3.359420211767210276e+02
-9.249258010948264719e-01 3.056188041003047307e-01 -2.306997007930340071e-01 -2.863204776908414573e+01 1.800402383522148042e-01 8.783778495387720708e-01 4.428525768353898107e-01 4.219593976305806393e+01 3.379412636946120818e-01 3.677341103649075515e-01 -8.675569273463807907e-01 -3.367568361350295731e+02
-9.266078619422792872e-01 3.014614036121308627e-01 -2.221428398847720698e-01 -2.882943524264156565e+01 1.808859297099148500e-01 8.799733729210078570e-01 4.391645323170003667e-01 4.257851536992945540e+01 3.279096904940344559e-01 3.669889378075081310e-01 -8.698650660896600773e-01 -3.375623753047713649e+02
-9.312429337630622195e-01 2.960572907535023446e-01 -2.175451566791039570e-01 -2.901500171889883006e+01 1.800618433293940945e-01 8.834280637529250413e-01 4.327546938160221623e-01 4.296339977296685220e+01 3.202455191644673071e-01 3.633539204288137037e-01 -8.760919927256110018e-01 -3.383915967163349592e+02
-9.340015660310604373e-01 2.894950903531839370e-01 -2.124621010254982845e-01 -2.920914131521659840e+01 1.789382978068652930e-01 8.878463623312139452e-01 4.241104081739522913e-01 4.334983847917506949e+01 3.113584883180664509e-01 3.576629332671788508e-01 -8.811060892345711215e-01 -3.392150780872344740e+02
-9.357412790933119506e-01 2.854659514345906368e-01 -2.094217203882065281e-01 -2.938947798332103645e+01 1.770999144420437599e-01 8.896403693216828890e-01 4.209043260578632095e-01 4.372173956664322958e+01 3.064057604809639068e-01 3.566311779854154373e-01 -8.830786394455952815e-01 -3.400481255807933394e+02
-9.365343077067659339e-01 2.843773273834942494e-01 -2.068531216235545978e-01 -2.957502328893014365e+01 1.772331339696051333e-01 8.894977199610821783e-01 4.212943717197306093e-01 4.409277458856477239e+01 3.037831666878302306e-01 3.576363797387827059e-01 -8.834748272590465801e-01 -3.408768461055078092e+02
-9.381244720493289169e-01 2.828951848062530861e-01 -1.998162870132397240e-01 -2.975720716833603774e+01 1.790536229837071669e-01 8.899869183969598696e-01 4.193139976943865976e-01 4.445516597395472047e+01 2.964666413184322558e-01 3.576743127965592017e-01 -8.855737367071282451e-01 -3.417129904953864070e+02
-9.384885536241226456e-01 2.833826573238602542e-01 -1.960821803788527218e-01 -2.993414225969899078e+01 1.803692558752107433e-01 8.887570018683185191e-01 4.214099119631544710e-01 4.483320184151261856e+01 2.937186156110085933e-01 3.601884615458327277e-01 -8.851771959172305415e-01 -3.425379829416251027e+02
-9.396661676820210474e-01 2.843117391238784153e-01 -1.880734047660114761e-01 -3.010739456596957098e+01 1.839479773017212716e-01 8.873840086601628707e-01 4.228967512973376697e-01 4.521562764884270536e+01 2.871350615239990911e-01 3.626307651171263857e-01 -8.861015394415818758e-01 -3.433591337149002811e+02
-9.412992181575009498e-01 2.841644371051313955e-01 -1.817471534500726682e-01 -3.027796494819382289e+01 1.852729558410153021e-01 8.859619788961174969e-01 4.251441760585714102e-01 4.558228134086031957e+01 2.818097960620518094e-01 3.664811254562015952e-01 -8.865988960306701028e-01 -3.441999059868725794e+02
-9.437969969069104348e-01 2.798528905324939031e-01 -1.759586989540022350e-01 -3.043055341717915852e+01 1.843509503097018332e-01 8.873241132196135750e-01 4.226815903849694411e-01 4.595478091680270438e+01 2.744373450209279253e-01 3.665337448673277598e-01 -8.890447755000201457e-01 -3.450304277100093486e+02
-9.477448298175480401e-01 2.711328293159310232e-01 -1.700795307899586883e-01 -3.056436946479272976e+01 1.793347220209463577e-01 8.899392412212492331e-01 4.192037625172780890e-01 4.632036970916632868e+01 2.650315452551024187e-01 3.669781921336568442e-01 -8.920898529358360918e-01 -3.458391650158151833e+02
-9.486183164094706965e-01 2.709700583680306196e-01 -1.644536028640583847e-01 -3.071151055523532492e+01 1.828180277182736013e-01 8.912911329530407434e-01 4.150403340024476084e-01 4.667135790472394774e+01 2.590441374702728283e-01 3.634974610709253429e-01 -8.950435197639375895e-01 -3.466629108209978085e+02
-9.484226087591717258e-01 2.741241188610614166e-01 -1.576838552589072406e-01 -3.086009064232077392e+01 1.893733381563903750e-01 8.917197296779363347e-01 4.111488078426455139e-01 4.703696512625467108e+01 2.533054495696920316e-01 3.599676404856649303e-01 -8.976179689068933820e-01 -3.474923012237482567e+02
-9.504313651805896823e-01 2.729726237682230661e-01 -1.510925079006900096e-01 -3.098825511914951747e+01 1.908074957535454141e-01 8.915805282786248842e-01 4.106439382782533509e-01 4.738642012042389240e+01 2.468043819714545728e-01 3.615044963190670035e-01 -8.994998215147833598e-01 -3.482897923504996811e+02
-9.514547254323140191e-01 2.722897500953694871e-01 -1.428209342051561526e-01 -3.111402721860523712e+01 1.922020272160450682e-01 8.895256058618089545e-01 4.143556457544321225e-01 4.772738239664712978e+01 2.398710380928575636e-01 3.670012193637840481e-01 -8.986735215351469019e-01 -3.491080014950981081e+02
-9.524558677554555430e-01 2.715950945479648215e-01 -1.349744839318708090e-01 -3.123839007133909362e+01 1.944420389550471917e-01 8.885372372845099509e-01 4.155555587950505725e-01 4.808705240726562380e+01 2.328177889422571867e-01 3.696599981275764946e-01 -8.990644413331010387e-01 -3.499558724183073650e+02
-9.546938277607682766e-01 2.688020854117021408e-01 -1.290636811326733580e-01 -3.134308431163256259e+01 1.953131716872284485e-01 8.907377984543966010e-01 4.104139818786420313e-01 4.846004872324849089e+01 2.252687283189981071e-01 3.665658966840936173e-01 -9.028978873386785953e-01 -3.507865037685188554e+02
-9.544536068522949668e-01 2.685927246782396915e-01 -1.239124340854132478e-01 -3.145345279032369135e+01 1.981992352566556426e-01 8.920272822783192890e-01 4.062268224296253782e-01 4.880637317870048975e+01 2.196710764716980624e-01 3.632714829672826218e-01 -9.045698683581534505e-01 -3.515976822456373725e+02
-9.550024987483263228e-01 2.688290239979921337e-01 -1.175704567712402282e-01 -3.154978895308221354e+01 2.014449232338788587e-01 8.923748479168969183e-01 4.037487874405228938e-01 4.915744096169812849e+01 2.135431048832561185e-01 3.622940387125293538e-01 -9.062947854059058006e-01 -3.524204992665918894e+02
-9.580135608624537058e-01 2.689684557814955301e-01 -1.105284424619414341e-01 -3.164237860835391203e+01 2.039674681867833239e-01 8.919164093683124017e-01 4.037179260801264102e-01 4.950386712741448747e+01 2.070755684954197207e-01 3.637327374066861019e-01 -9.094263203381341976e-01 -3.532629263999482987e+02
-9.567163051926155237e-01 2.724574942898807528e-01 -1.024859621823914907e-01 -3.173331977475925925e+01 2.104462970877349348e-01 8.908403989371234122e-01 4.024900507515570824e-01 4.984956292592598714e+01 2.009647668508393603e-01 3.637135584368576535e-01 -9.096236641142284585e-01 -3.540777448044731841e+02
-9.564339555932277470e-01 2.766973928025152074e-01 -9.443365722451131650e-02 -3.182546658837142672e+01 2.176233476362155195e-01 8.896620753490382949e-01 4.013324757782232854e-01 5.019973277155527569e+01 1.950424683487025357e-01 3.633740151272161212e-01 -9.111315454493225108e-01 -3.549194868554671416e+02
-9.571556183678751051e-01 2.777942444689209256e-01 -8.717800227296949866e-02 -3.191588809737102395e+01 2.220255176174771583e-01 8.894400075628162705e-01 3.995655955895979217e-01 5.055150258534504815e+01 1.885566218604489697e-01 3.630031938783732648e-01 -9.130432946057077670e-01 -3.557698984469034826e+02
-9.589676047247288615e-01 2.712711016872325076e-01 -7.846973016644402665e-02 -3.197896240950122149e+01 2.192846525107150502e-01 8.909871022690795117e-01 3.974035112871664999e-01 5.088465765722278888e+01 1.777263030611860306e-01 3.641540695886462120e-01 -9.138907448359155916e-01 -3.566127308498347475e+02
-9.596125444515154479e-01 2.677605771599921303e-01 -7.424983032144749640e-02 -3.202912011552813709e+01 2.178873094510024866e-01 8.918328372710465635e-01 3.963625109081092557e-01 5.122560499588824001e+01 1.723668537450297744e-01 3.643990558538506841e-01 -9.140804536471678343e-01 -3.574378526816586259e+02
-9.594550653151697750e-01 2.713096818321297232e-01 -6.873855041507984098e-02 -3.210800551456011931e+01 2.231711290020119420e-01 8.903789504676667965e-01 3.965407195101612881e-01 5.158695084078830462e+01 1.688447365498444708e-01 3.655949741696165600e-01 -9.147837222077033204e-01 -3.582992478635464977e+02
-9.601582764713660900e-01 2.714769788985548216e-01 -6.388290401119067763e-02 -3.217301598032200616e+01 2.253834316498880830e-01 8.901356150406015688e-01 3.961308374312947356e-01 5.192809219762461481e+01 1.644135751871270978e-01 3.658785315563632956e-01 -9.158438255954504115e-01 -3.591503166738301616e+02
-9.603521972116929595e-01 2.738606809201852843e-01 -6.006585092385125640e-02 -3.222004107103930437e+01 2.291532969741778836e-01 8.898758178967720589e-01 3.944511809543956860e-01 5.227073268278531515e+01 1.614620879485304528e-01 3.650141964757518398e-01 -9.173851347765707986e-01 -3.599809468238903492e+02
-9.585171403517557254e-01 2.800211487306901725e-01 -5.337946608380909203e-02 -3.229220782681517221e+01 2.373912209807652884e-01 8.876504194203067577e-01 3.946544120500151132e-01 5.261271477889243187e+01 1.578965232481268355e-01 3.655647248788558845e-01 -9.173026511503079572e-01 -3.608057411807984067e+02
-9.561744621288100765e-01 2.875386631907959623e-01 -4.671918416006590191e-02 -3.235355277122518913e+01 2.465777954097904123e-01 8.843089536043826637e-01 3.964436960851218661e-01 5.296291754399096874e+01 1.553647750340562961e-01 3.677545462694193912e-01 -9.164183640799424824e-01 -3.616553413579587186e+02
-9.558620926888112823e-01 2.915663206891744852e-01 -4.251509691472599162e-02 -3.237645258992878894e+01 2.515843165830858319e-01 8.824232308053175933e-01 3.977133335804942660e-01 5.329905585908218768e+01 1.534303029905650650e-01 3.691113342870677161e-01 -9.168475479713956711e-01 -3.624886095670016175e+02
-9.571182028174133327e-01 2.887170513994626875e-01 -3.826498725489047709e-02 -3.241223646023985339e+01 2.511212293379638250e-01 8.840298583349360806e-01 3.943398322710537363e-01 5.364166927515130112e+01 1.476722761721367128e-01 3.676481192794077701e-01 -9.186584983786983960e-01 -3.633233914845304184e+02
-9.564674611882360011e-01 2.866691067637874291e-01 -3.488064912625489511e-02 -3.244613555476573907e+01 2.510735885150884861e-01 8.857901907433810562e-01 3.901785900303006982e-01 5.398602217533225911e+01 1.428167444205582781e-01 3.648105631706147212e-01 -9.191351036701354005e-01 -3.641659863494365368e+02
-9.583132247354086974e-01 2.857873415805272099e-01 -3.363598679840286432e-02 -3.247049670992338122e+01 2.507310395445336293e-01 8.856847724515805043e-01 3.909244811494889671e-01 5.432322813366955927e+01 1.415034648378255822e-01 3.659234652943669786e-01 -9.204633693867041444e-01 -3.650054220975989097e+02
-9.588904573847673030e-01 2.850250714409364172e-01 -3.234379580350563860e-02 -3.249722028722227662e+01 2.502392240782107535e-01 8.856576259236017545e-01 3.912433214857662933e-01 5.465507455101380430e+01 1.400992586173527843e-01 3.667368954678827953e-01 -9.206417780092018832e-01 -3.658269559729118328e+02
-9.577046126521053804e-01 2.855594041803757865e-01 -3.090284306977160791e-02 -3.252717778505085278e+01 2.509637748900235277e-01 8.838407689202766315e-01 3.949535770067268969e-01 5.498960504529856763e+01 1.401056863715530176e-01 3.702791809289913694e-01 -9.181101524305858019e-01 -3.666570169273068132e+02
-9.582168628391724008e-01 2.847588385456702453e-01 -2.679527767735536553e-02 -3.255343986271255119e+01 2.506540952917924447e-01 8.813843457212928723e-01 4.004495316132307692e-01 5.532364200473521976e+01 1.376183580007277751e-01 3.768942223449897044e-01 -9.159333267503763087e-01 -3.674811246649017562e+02
-9.580916506226849760e-01 2.861470331428467850e-01 -2.597460869739681016e-02 -3.257762058879866629e+01 2.517261468395221580e-01 8.799053175116352543e-01 4.029128103548551554e-01 5.566603720473849393e+01 1.381037995689537723e-01 3.794831437585211575e-01 -9.150822759358864245e-01 -3.683119942189506446e+02
-9.573638547713370084e-01 2.860271727606031877e-01 -2.628264086219610912e-02 -3.259846584162855976e+01 2.523867584654560514e-01 8.818114228687966571e-01 3.983425636230376043e-01 5.600065973999249991e+01 1.371323335245176189e-01 3.748553753011335532e-01 -9.163651186612717936e-01 -3.691216811800535993e+02
-9.582167808678409004e-01 2.869738088013514821e-01 -2.689155495695773335e-02 -3.263088223282237976e+01 2.537078882232179367e-01 8.834356638767977277e-01 3.940692975183653357e-01 5.632727331468954901e+01 1.367959451560565309e-01 3.704362122996690543e-01 -9.193802504253387742e-01 -3.699312698187050046e+02
-9.573502286992744414e-01 2.840252157729377114e-01 -2.648809132611646203e-02 -3.264604251424469794e+01 2.510213189027118430e-01 8.839471579927262734e-01 3.943499129200679354e-01 5.666811612047438729e+01 1.354697093984700007e-01 3.712572053784257697e-01 -9.174595372493845602e-01 -3.707399359055162904e+02
-9.578171564499234902e-01 2.834393391370298998e-01 -2.620301840512825192e-02 -3.266265399197819619e+01 2.504426132339065414e-01 8.836401024882675204e-01 3.954344821656567421e-01 5.699467395650503931e+01 1.352766858946659045e-01 3.724883395773893602e-01 -9.172883357668902837e-01 -3.715508346976198482e+02
-9.562802242775674255e-01 2.880992550705527844e-01 -2.460825042960115144e-02 -3.269554012147648336e+01 2.554004406906760227e-01 8.825302330459160460e-01 3.947405218189073417e-01 5.732127573730433312e+01 1.354748997481405592e-01 3.714861908390879597e-01 -9.174502770369338256e-01 -3.723500710242570904e+02
-9.577786275902029356e-01 2.876594320340897792e-01 -2.542992259983246559e-02 -3.271904869224859169e+01 2.551113367761121964e-01 8.839446622392389541e-01 3.917521901884929436e-01 5.763883778131715729e+01 1.351772289289764617e-01 3.688690983584385075e-01 -9.200376042825199052e-01 -3.731617481803962733e+02
-9.615061865796459273e-01 2.775622066177108049e-01 -2.600035817888474848e-02 -3.272546067370926437e+01 2.459965538423000975e-01 8.874387741040385968e-01 3.900061579657373989e-01 5.796401386073872430e+01 1.312663887545490460e-01 3.681031481432391339e-01 -9.216429604491974681e-01 -3.739586173802612734e+02
-9.623306713004853297e-01 2.732243707003240152e-01 -2.608786817031845395e-02 -3.273515273950079063e+01 2.422994695336273818e-01 8.893730735499064677e-01 3.877882027559501621e-01 5.829037886398930368e+01 1.291507797128403912e-01 3.666712894123385635e-01 -9.221269860087291104e-01 -3.747645498621179172e+02
-9.611100198636649550e-01 2.753722202577601474e-01 -2.788086481483158241e-02 -3.275158824829665605e+01 2.436965190219974875e-01 8.897473791885720518e-01 3.860564906529539986e-01 5.859603672427524401e+01 1.310639637212625275e-01 3.639838786167572393e-01 -9.222659208216419380e-01 -3.755581355369806147e+02
-9.606016701472598340e-01 2.768439283555365615e-01 -2.728776833013709172e-02 -3.277831240030300819e+01 2.455660628538514911e-01 8.897839470186085231e-01 3.847261558324928110e-01 5.890856533890424629e+01 1.307880354369729825e-01 3.628035048345227276e-01 -9.227166034246934156e-01 -3.763637871512148649e+02
-9.599525423147894365e-01 2.765198843784584803e-01 -2.547466594543161544e-02 -3.279863920898109342e+01 2.463381569089962142e-01 8.907621464695382185e-01 3.819259771956150518e-01 5.921574412637159668e+01 1.283282021343922497e-01 3.604471584884676449e-01 -9.231551160680482315e-01 -3.771334183353881713e+02
-9.593991410712037204e-01 2.836409902362470592e-01 -2.296292296518226417e-02 -3.282317547066936214e+01 2.536743347845616392e-01 8.879381818641204349e-01 3.839844500226480828e-01 5.953431257885213057e+01 1.292509237390801480e-01 3.620140337943494324e-01 -9.238926203140961357e-01 -3.779348949170412766e+02
-9.573921927930132414e-01 2.903970734794478203e-01 -1.874056004994530122e-02 -3.284464848316536489e+01 2.606510888604297582e-01 8.841834387154302588e-01 3.876453882304775056e-01 5.984816251984694446e+01 1.290975973373653940e-01 3.661268453672633649e-01 -9.222525906413502339e-01 -3.787298093218625468e+02
-9.555994723454204198e-01 2.938238248107220563e-01 -1.532926671299890929e-02 -3.286487527747839010e+01 2.645947552164639172e-01 8.807889357297674637e-01 3.927713847897640331e-01 6.015561592005169445e+01 1.289160522362721439e-01 3.711888358036898872e-01 -9.194150250031520866e-01 -3.795169712922225926e+02
-9.543834810810338798e-01 2.983090199973892909e-01 -1.171771226974937553e-02 -3.287923503088565980e+01 2.701496552157170439e-01 8.795758239028109715e-01 3.917154997262880523e-01 6.047634160334924758e+01 1.271407586375760956e-01 3.705174611090796266e-01 -9.200396404902341230e-01 -3.802988949486700108e+02
-9.547166088622494051e-01 2.988733908536062578e-01 -7.303317649760054063e-03 -3.288743529901008600e+01 2.728920003389659898e-01 8.810345036752043058e-01 3.864105081654735652e-01 6.076394468717469977e+01 1.218885145221554889e-01 3.668119770267377344e-01 -9.227319005693331855e-01 -3.810669286405847060e+02
-9.539792487520707409e-01 2.996621867303606024e-01 -2.371324183991915628e-03 -3.288233714705078370e+01 2.761702201976312665e-01 8.818571240550215906e-01 3.822165127241635152e-01 6.108267006498709861e+01 1.166541864008829726e-01 3.639866066064129657e-01 -9.240266403900786463e-01 -3.818555697452017625e+02
-9.537266427514646816e-01 3.003719984706529900e-01 6.147986876133439485e-03 -3.287807084262394142e+01 2.799922182426753947e-01 8.815343317644228627e-01 3.800837696708868063e-01 6.139110047959513139e+01 1.087416345087724445e-01 3.642703461586512814e-01 -9.248392584938541772e-01 -3.826544072111753962e+02
-9.530225274058565788e-01 3.015659794029312279e-01 1.654227472253600242e-02 -3.286342487695402781e+01 2.850760189186506977e-01 8.797472583908763077e-01 3.805725057117647636e-01 6.168776271488720653e+01 1.002467014520478233e-01 3.674005146766513019e-01 -9.243686189816934240e-01 -3.834131215676212605e+02
-9.502429427524969885e-01 3.089131867519160357e-01 2.734689426432719561e-02 -3.283638315849764666e+01 2.957133470602132386e-01 8.768331831640575613e-01 3.790837167962064491e-01 6.198049652497714135e+01 9.310407527071129508e-02 3.682924634305068112e-01 -9.245208267496041188e-01 -3.841621906187878039e+02
-9.495501259135371575e-01 3.121173700091742220e-01 4.119599927551513552e-02 -3.280703585639392372e+01 3.042170140012037116e-01 8.762204155155691732e-01 3.737382425091049232e-01 6.227624807293828724e+01 8.051106152771948798e-02 3.673173490587260392e-01 -9.269941812417414884e-01 -3.849700307824264769e+02
-9.489419666749312476e-01 3.111678389048757598e-01 5.443302506398199625e-02 -3.275968598717800973e+01 3.085601173151995558e-01 8.768529605019593776e-01 3.684646736817562829e-01 6.257156232918818972e+01 6.693835876729727075e-02 3.667228351963423005e-01 -9.281055433875748939e-01 -3.857558770029904736e+02
-9.471393865095288911e-01 3.174200214094840544e-01 6.721919966264121304e-02 -3.270704178963400466e+01 3.194354005271036190e-01 8.743396237670965077e-01 3.655890158776863852e-01 6.283071195922368446e+01 5.721163343126612483e-02 3.673095011501590346e-01 -9.296038541627802410e-01 -3.864506659021531050e+02
-9.441684705444213233e-01 3.216810628724123822e-01 7.890097039923704703e-02 -3.264177134723567519e+01 3.277788833818128245e-01 8.737299696191179743e-01 3.595146339534439073e-01 6.310433251190425352e+01 4.661925149635372939e-02 3.649192170469580110e-01 -9.304283890283099323e-01 -3.871851238674200317e+02
-9.445786807665181861e-01 3.161786780472297664e-01 9.165831077183954345e-02 -3.256615211009343369e+01 3.278576929687200825e-01 8.775329543277554656e-01 3.500141574955801804e-01 6.338526577254759786e+01 3.021974187969263606e-02 3.605277280765860626e-01 -9.325821617639045158e-01 -3.880076539273556477e+02
-9.461496990668728513e-01 3.104351712457667500e-01 1.009565658016329942e-01 -3.246944374483775420e+01 3.260287207350381355e-01 8.830320813343182085e-01 3.376940402764059823e-01 6.360895039297922438e+01 1.563289651476807221e-02 3.521609045598950161e-01 -9.367478545841875226e-01 -3.887048735195401719e+02
-9.450244739294729746e-01 3.070743358632186393e-01 1.110575956560385658e-01 -3.236058606577346097e+01 3.264673857049749661e-01 8.875619761732213009e-01 3.249424885474274660e-01 6.385184824309087048e+01 1.219292772586830307e-03 3.434631151734703902e-01 -9.390070595290572752e-01 -3.894358789103183653e+02
