0.0000 -0.0000 0.0000 0.0000 0.0000 -0.0000 -0.0000 1.0000
0.1039 -0.0852 -0.0102 0.0185 0.0001 0.0072 -0.0002 1.0000
0.2077 0.0551 0.0189 0.3269 0.0003 0.0195 -0.0022 0.9998
0.3119 0.0236 0.0063 0.4227 -0.0005 0.0321 -0.0027 0.9995
0.4159 0.0592 0.0075 0.5472 -0.0014 0.0482 -0.0025 0.9988
0.5200 0.1901 0.0127 0.8180 -0.0024 0.0676 -0.0011 0.9977
0.6241 0.2147 -0.0092 0.9883 -0.0028 0.0877 0.0005 0.9961
0.7282 0.3265 -0.0001 1.2323 -0.0032 0.1098 0.0005 0.9940
0.8325 0.4201 0.0129 1.4145 -0.0048 0.1340 0.0002 0.9910
0.9366 0.5629 0.0283 1.6683 -0.0080 0.1584 0.0015 0.9873
1.0408 0.6925 0.0051 1.8542 -0.0114 0.1832 0.0056 0.9830
1.1449 0.8620 -0.0013 2.1013 -0.0134 0.2101 0.0078 0.9776
1.2490 1.0447 -0.0010 2.3403 -0.0153 0.2379 0.0080 0.9711
1.3531 1.2047 0.0320 2.5577 -0.0174 0.2660 0.0081 0.9638
1.4571 1.4563 0.0275 2.7861 -0.0192 0.2946 0.0099 0.9554
1.5611 1.6625 0.0286 2.9917 -0.0202 0.3237 0.0121 0.9459
1.6651 1.9208 0.0372 3.1867 -0.0210 0.3515 0.0137 0.9358
1.7690 2.2467 0.0453 3.4327 -0.0209 0.3788 0.0150 0.9251
1.8729 2.5216 0.0545 3.6111 -0.0213 0.4051 0.0156 0.9139
1.9768 2.8755 0.0869 3.8681 -0.0226 0.4309 0.0146 0.9020
2.0805 3.2149 0.1052 4.0527 -0.0235 0.4544 0.0143 0.8904
2.1841 3.5863 0.1269 4.2646 -0.0241 0.4762 0.0141 0.8789
2.2879 4.0190 0.1343 4.4781 -0.0249 0.4960 0.0148 0.8678
2.3915 4.4141 0.1612 4.6702 -0.0254 0.5145 0.0141 0.8570
2.4951 4.8645 0.1838 4.8464 -0.0248 0.5317 0.0137 0.8464
2.5988 5.3940 0.2004 5.0391 -0.0229 0.5472 0.0139 0.8365
2.7023 5.8814 0.2247 5.2109 -0.0208 0.5609 0.0141 0.8275
2.8059 6.4476 0.2492 5.3965 -0.0191 0.5722 0.0140 0.8198
2.9094 7.0214 0.2691 5.5576 -0.0181 0.5808 0.0142 0.8137
3.0129 7.5924 0.3007 5.7523 -0.0177 0.5872 0.0148 0.8091
3.1165 8.2287 0.3167 5.9570 -0.0177 0.5924 0.0156 0.8053
3.2201 8.8579 0.3519 6.1322 -0.0188 0.5969 0.0160 0.8019
3.3237 9.5193 0.3798 6.3162 -0.0201 0.6013 0.0160 0.7986
3.4274 10.2155 0.4109 6.4993 -0.0210 0.6055 0.0164 0.7954
3.5310 10.9069 0.4373 6.6896 -0.0221 0.6097 0.0169 0.7922
3.6348 11.6335 0.4665 6.8658 -0.0228 0.6138 0.0174 0.7889
3.7384 12.4222 0.4983 7.0510 -0.0234 0.6183 0.0175 0.7854
3.8421 13.1804 0.5307 7.2504 -0.0248 0.6222 0.0182 0.7822
3.9458 13.9545 0.5755 7.4044 -0.0268 0.6266 0.0188 0.7787
4.0495 14.7405 0.6135 7.5831 -0.0281 0.6317 0.0203 0.7744
4.1532 15.5316 0.6566 7.7168 -0.0293 0.6366 0.0207 0.7704
4.2570 16.3385 0.6910 7.8580 -0.0295 0.6420 0.0209 0.7659
4.3608 17.1368 0.7318 7.9921 -0.0295 0.6477 0.0203 0.7610
4.4645 17.9227 0.7636 8.1087 -0.0293 0.6539 0.0196 0.7557
4.5684 18.7440 0.8082 8.2036 -0.0294 0.6618 0.0185 0.7488
4.6723 19.5699 0.8508 8.2838 -0.0301 0.6715 0.0169 0.7402
4.7761 20.4054 0.8882 8.3580 -0.0309 0.6825 0.0156 0.7301
4.8801 21.2561 0.9269 8.3491 -0.0314 0.6946 0.0147 0.7186
4.9841 22.1038 0.9615 8.3524 -0.0312 0.7069 0.0140 0.7064
5.0881 22.9331 0.9917 8.2952 -0.0307 0.7188 0.0135 0.6944
5.1920 23.7643 1.0226 8.2378 -0.0304 0.7301 0.0122 0.6825
5.2959 24.5851 1.0637 8.1506 -0.0295 0.7412 0.0105 0.6706
5.3998 25.4349 1.0875 8.0346 -0.0266 0.7520 0.0102 0.6585
5.5036 26.2676 1.1041 7.8925 -0.0232 0.7625 0.0098 0.6465
5.6074 27.1208 1.1241 7.6995 -0.0188 0.7724 0.0102 0.6348
5.7113 27.9438 1.1274 7.5119 -0.0149 0.7818 0.0104 0.6233
5.8150 28.7516 1.1611 7.2870 -0.0099 0.7906 0.0114 0.6122
5.9188 29.5477 1.1541 7.0357 -0.0047 0.7989 0.0099 0.6013
6.0224 30.3186 1.1472 6.7707 0.0013 0.8067 0.0057 0.5909
6.1261 31.1005 1.1155 6.4779 0.0065 0.8143 -0.0014 0.5804
6.2298 31.9021 1.0793 6.1889 0.0106 0.8220 -0.0084 0.5694
6.3335 32.6555 1.0473 5.8753 0.0150 0.8294 -0.0116 0.5584
6.4371 33.4417 0.9976 5.5477 0.0175 0.8365 -0.0121 0.5475
6.5409 34.1677 0.9535 5.1717 0.0178 0.8432 -0.0112 0.5372
6.6445 34.9212 0.9213 4.8079 0.0180 0.8492 -0.0077 0.5277
6.7483 35.6203 0.8880 4.3968 0.0196 0.8546 -0.0036 0.5189
6.8519 36.3225 0.8366 4.0238 0.0208 0.8588 -0.0023 0.5119
6.9555 37.0288 0.7810 3.6126 0.0224 0.8619 -0.0026 0.5065
7.0590 37.7300 0.7377 3.2176 0.0235 0.8647 -0.0033 0.5017
7.1628 38.4187 0.6804 2.8284 0.0215 0.8679 -0.0059 0.4963
7.2664 39.1157 0.6776 2.3963 0.0207 0.8710 -0.0063 0.4909
7.3701 39.7971 0.6268 1.9731 0.0216 0.8735 -0.0059 0.4863
7.4738 40.4739 0.5775 1.5290 0.0234 0.8756 -0.0055 0.4825
7.5774 41.1746 0.5438 1.0844 0.0246 0.8767 -0.0068 0.4804
7.6810 41.8830 0.4880 0.6567 0.0247 0.8766 -0.0080 0.4805
7.7847 42.6094 0.4548 0.1767 0.0257 0.8756 -0.0071 0.4824
7.8883 43.3623 0.4084 -0.2625 0.0250 0.8740 -0.0073 0.4853
7.9919 44.1140 0.3636 -0.7226 0.0242 0.8719 -0.0077 0.4890
8.0956 44.8849 0.3201 -1.1907 0.0234 0.8699 -0.0083 0.4927
8.1994 45.7092 0.2673 -1.6407 0.0222 0.8681 -0.0090 0.4958
8.3031 46.5242 0.2236 -2.1102 0.0204 0.8667 -0.0098 0.4983
8.4070 47.3578 0.1848 -2.5597 0.0183 0.8664 -0.0108 0.4990
8.5108 48.1810 0.1305 -3.0504 0.0166 0.8665 -0.0108 0.4988
8.6146 49.0340 0.0849 -3.5440 0.0158 0.8667 -0.0110 0.4984
8.7184 49.9157 0.0348 -4.0595 0.0157 0.8668 -0.0107 0.4983
8.8221 50.7925 -0.0058 -4.5535 0.0155 0.8668 -0.0105 0.4983
8.9259 51.6687 -0.0564 -5.0595 0.0154 0.8669 -0.0100 0.4981
9.0296 52.5464 -0.1153 -5.5683 0.0151 0.8671 -0.0100 0.4978
9.1335 53.4487 -0.1672 -6.0790 0.0140 0.8671 -0.0101 0.4979
9.2373 54.3529 -0.2168 -6.5804 0.0139 0.8671 -0.0099 0.4978
9.3410 55.2337 -0.2662 -7.0936 0.0132 0.8670 -0.0101 0.4980
9.4448 56.1480 -0.3216 -7.6238 0.0127 0.8666 -0.0098 0.4988
9.5485 57.0386 -0.3742 -8.1360 0.0122 0.8659 -0.0083 0.4999
9.6522 57.9265 -0.4173 -8.6358 0.0121 0.8653 -0.0073 0.5010
9.7559 58.8337 -0.4809 -9.1656 0.0117 0.8645 -0.0072 0.5025
9.8596 59.7161 -0.5277 -9.6667 0.0121 0.8639 -0.0071 0.5034
9.9635 60.6039 -0.5758 -10.1498 0.0121 0.8636 -0.0073 0.5040
10.0673 61.5059 -0.6160 -10.6496 0.0124 0.8639 -0.0081 0.5035
10.1711 62.3818 -0.6652 -11.1444 0.0125 0.8646 -0.0096 0.5023
10.2750 63.2613 -0.7213 -11.6313 0.0124 0.8659 -0.0107 0.5000
10.3789 64.1588 -0.7644 -12.1289 0.0119 0.8675 -0.0100 0.4972
10.4828 65.0137 -0.8259 -12.6586 0.0121 0.8691 -0.0075 0.4945
10.5865 65.8459 -0.8696 -13.1714 0.0107 0.8706 -0.0078 0.4919
10.6904 66.6673 -0.9169 -13.6629 0.0115 0.8720 -0.0084 0.4893
10.7941 67.5047 -0.9704 -14.2121 0.0122 0.8733 -0.0095 0.4869
10.8980 68.3846 -1.0176 -14.7070 0.0120 0.8748 -0.0104 0.4843
11.0017 69.1965 -1.0619 -15.2220 0.0120 0.8760 -0.0111 0.4821
11.1054 70.0000 -1.1311 -15.7299 0.0113 0.8769 -0.0108 0.4805
11.2091 70.8211 -1.1675 -16.2756 0.0102 0.8776 -0.0065 0.4792
11.3129 71.6481 -1.1923 -16.7996 0.0085 0.8782 -0.0018 0.4782
11.4166 72.4546 -1.2177 -17.3190 0.0078 0.8788 -0.0002 0.4772
11.5204 73.2760 -1.2694 -17.8290 0.0089 0.8789 -0.0029 0.4768
11.6240 74.0540 -1.3225 -18.3521 0.0102 0.8795 -0.0055 0.4758
11.7278 74.8651 -1.3463 -18.8914 0.0138 0.8795 -0.0049 0.4756
11.8315 75.6623 -1.3855 -19.4060 0.0151 0.8794 -0.0036 0.4758
11.9353 76.4241 -1.4245 -19.9285 0.0140 0.8795 -0.0021 0.4757
12.0389 77.2605 -1.4576 -20.4495 0.0121 0.8791 -0.0007 0.4764
12.1426 78.0303 -1.4818 -20.9550 0.0099 0.8789 0.0017 0.4769
12.2464 78.8998 -1.5014 -21.4837 0.0056 0.8788 0.0006 0.4772
12.3501 79.6466 -1.5302 -21.9399 0.0017 0.8784 -0.0012 0.4780
12.4539 80.4145 -1.5508 -22.4455 0.0030 0.8779 0.0002 0.4788
12.5576 81.2771 -1.5796 -22.9783 0.0054 0.8769 0.0014 0.4806
12.6614 82.0212 -1.6098 -23.4481 0.0065 0.8756 0.0001 0.4830
12.7651 82.8252 -1.6331 -23.9372 0.0084 0.8733 0.0016 0.4871
12.8688 83.6325 -1.6667 -24.4438 0.0112 0.8709 0.0041 0.4913
12.9724 84.4185 -1.6783 -24.9012 0.0112 0.8681 0.0037 0.4963
13.0762 85.2478 -1.7052 -25.3589 0.0091 0.8649 0.0031 0.5019
13.1799 86.0610 -1.7309 -25.8307 0.0086 0.8616 0.0051 0.5075
13.2837 86.8548 -1.7525 -26.2327 0.0082 0.8584 0.0056 0.5129
13.3874 87.7058 -1.7709 -26.6477 0.0077 0.8548 0.0057 0.5188
13.4911 88.5438 -1.7925 -27.0709 0.0096 0.8512 0.0065 0.5247
13.5949 89.3781 -1.8187 -27.4617 0.0099 0.8477 0.0048 0.5303
13.6988 90.2139 -1.8336 -27.8559 0.0135 0.8443 0.0012 0.5357
13.8025 91.0324 -1.8620 -28.2080 0.0152 0.8406 -0.0008 0.5415
13.9063 91.8626 -1.8873 -28.5865 0.0136 0.8370 -0.0005 0.5470
14.0100 92.7143 -1.9382 -28.9229 0.0122 0.8335 0.0014 0.5525
14.1138 93.5486 -1.9720 -29.2590 0.0114 0.8304 -0.0001 0.5570
14.2176 94.4080 -1.9904 -29.5965 0.0118 0.8283 -0.0038 0.5601
14.3215 95.2286 -2.0214 -29.9072 0.0117 0.8267 -0.0090 0.5624
14.4254 96.0929 -2.0669 -30.2275 0.0118 0.8258 -0.0111 0.5638
14.5293 96.9431 -2.1112 -30.5656 0.0114 0.8246 -0.0115 0.5655
14.6331 97.7780 -2.1634 -30.8478 0.0109 0.8232 -0.0117 0.5675
14.7369 98.6258 -2.2081 -31.1630 0.0092 0.8215 -0.0109 0.5701
14.8408 99.4784 -2.2497 -31.4722 0.0081 0.8199 -0.0092 0.5723
14.9445 100.3280 -2.2984 -31.7630 0.0068 0.8181 -0.0084 0.5749
15.0483 101.2032 -2.3371 -32.0546 0.0048 0.8164 -0.0101 0.5773
15.1520 102.0230 -2.3635 -32.3168 0.0013 0.8145 -0.0145 0.5800
15.2558 102.8628 -2.4059 -32.5858 0.0028 0.8125 -0.0152 0.5828
15.3595 103.7745 -2.4653 -32.8828 0.0043 0.8101 -0.0160 0.5861
15.4633 104.5797 -2.4936 -33.1496 0.0035 0.8082 -0.0155 0.5887
15.5671 105.4332 -2.5274 -33.4033 0.0030 0.8060 -0.0132 0.5917
15.6709 106.2861 -2.5582 -33.6430 0.0031 0.8039 -0.0116 0.5947
15.7746 107.1806 -2.6096 -33.9018 0.0025 0.8017 -0.0140 0.5975
15.8784 108.0381 -2.6598 -34.1406 0.0026 0.7999 -0.0156 0.6000
15.9822 108.8946 -2.6702 -34.3863 0.0035 0.7977 -0.0158 0.6028
16.0861 109.7734 -2.7193 -34.6177 0.0033 0.7955 -0.0152 0.6058
16.1898 110.6009 -2.7572 -34.8199 0.0038 0.7931 -0.0142 0.6089
16.2935 111.4349 -2.8159 -35.0368 0.0053 0.7906 -0.0131 0.6122
16.3973 112.3027 -2.8557 -35.2566 0.0054 0.7886 -0.0131 0.6148
16.5010 113.1703 -2.8810 -35.4489 0.0039 0.7865 -0.0146 0.6175
16.6048 114.0506 -2.9322 -35.6528 0.0018 0.7845 -0.0158 0.6199
16.7086 114.9414 -2.9662 -35.8449 0.0023 0.7830 -0.0148 0.6218
16.8124 115.8069 -3.0110 -36.0417 0.0031 0.7816 -0.0141 0.6236
16.9162 116.6786 -3.0564 -36.2442 0.0032 0.7800 -0.0151 0.6255
17.0200 117.4974 -3.0907 -36.4219 0.0050 0.7783 -0.0121 0.6277
17.1238 118.4389 -3.1418 -36.6050 0.0070 0.7766 -0.0088 0.6299
17.2275 119.2802 -3.1844 -36.7873 0.0074 0.7749 -0.0072 0.6320
17.3314 120.1289 -3.2169 -36.9589 0.0080 0.7736 -0.0080 0.6335
17.4351 121.0011 -3.2440 -37.1058 0.0072 0.7725 -0.0099 0.6349
17.5390 121.8918 -3.2836 -37.2724 0.0069 0.7719 -0.0097 0.6357
17.6429 122.7480 -3.3349 -37.4289 0.0063 0.7715 -0.0100 0.6361
17.7466 123.6559 -3.3556 -37.5879 0.0056 0.7711 -0.0077 0.6367
17.8505 124.5334 -3.3916 -37.7660 0.0036 0.7707 -0.0059 0.6371
17.9543 125.4045 -3.4282 -37.9157 0.0038 0.7704 -0.0040 0.6375
18.0581 126.2495 -3.4477 -38.0774 0.0046 0.7701 -0.0064 0.6379
18.1619 127.1346 -3.5115 -38.2444 0.0051 0.7701 -0.0089 0.6378
18.2658 127.9646 -3.5329 -38.3850 0.0058 0.7702 -0.0079 0.6377
18.3696 128.8064 -3.5572 -38.5422 0.0051 0.7699 -0.0084 0.6380
18.4734 129.6404 -3.5881 -38.6986 0.0068 0.7698 -0.0063 0.6383
18.5772 130.5344 -3.6321 -38.8635 0.0066 0.7694 -0.0080 0.6386
18.6810 131.3603 -3.6586 -39.0018 0.0048 0.7694 -0.0119 0.6387
18.7849 132.2017 -3.7039 -39.1206 0.0035 0.7693 -0.0145 0.6387
18.8885 133.0233 -3.7370 -39.2710 0.0053 0.7693 -0.0151 0.6387
18.9924 133.8285 -3.7882 -39.4238 0.0063 0.7691 -0.0147 0.6389
19.0960 134.6448 -3.8202 -39.5580 0.0066 0.7684 -0.0153 0.6397
19.1999 135.5104 -3.8614 -39.7175 0.0086 0.7679 -0.0118 0.6404
19.3035 136.3074 -3.9005 -39.8686 0.0090 0.7669 -0.0097 0.6417
19.4074 137.1256 -3.9496 -40.0492 0.0081 0.7663 -0.0061 0.6423
19.5112 137.9117 -3.9916 -40.1849 0.0085 0.7650 -0.0049 0.6439
19.6148 138.6813 -4.0252 -40.3109 0.0106 0.7635 -0.0070 0.6457
19.7184 139.4848 -4.0717 -40.4397 0.0103 0.7615 -0.0090 0.6480
19.8221 140.2600 -4.0992 -40.5544 0.0103 0.7588 -0.0096 0.6512
19.9257 141.0825 -4.1186 -40.6492 0.0130 0.7555 -0.0041 0.6550
20.0294 141.8827 -4.1656 -40.7616 0.0149 0.7517 -0.0008 0.6594
20.1329 142.6669 -4.2081 -40.8550 0.0137 0.7471 -0.0035 0.6645
20.2366 143.4801 -4.2423 -40.9316 0.0136 0.7423 -0.0042 0.6699
20.3404 144.2606 -4.2680 -41.0102 0.0151 0.7376 -0.0030 0.6751
20.4440 145.0191 -4.3063 -41.0443 0.0171 0.7331 -0.0022 0.6799
20.5478 145.7939 -4.3542 -41.0769 0.0181 0.7282 -0.0052 0.6851
20.6515 146.5807 -4.3917 -41.1255 0.0180 0.7238 -0.0116 0.6897
20.7553 147.3354 -4.4556 -41.0971 0.0174 0.7192 -0.0185 0.6943
20.8591 148.1066 -4.4857 -41.1109 0.0199 0.7141 -0.0169 0.6996
20.9629 148.8636 -4.5326 -41.0929 0.0178 0.7104 -0.0158 0.7034
21.0668 149.6715 -4.5860 -41.0846 0.0165 0.7064 -0.0156 0.7074
21.1706 150.3983 -4.6410 -41.0528 0.0190 0.7030 -0.0172 0.7108
21.2745 151.1555 -4.6925 -41.0326 0.0181 0.7007 -0.0243 0.7128
21.3785 151.9246 -4.7452 -41.0137 0.0184 0.6992 -0.0266 0.7142
21.4825 152.6511 -4.7995 -41.0110 0.0163 0.6993 -0.0257 0.7141
21.5864 153.4277 -4.8974 -40.9738 0.0138 0.7000 -0.0240 0.7136
21.6904 154.1322 -4.9321 -40.9609 0.0134 0.7012 -0.0228 0.7125
21.7943 154.9166 -4.9782 -40.9384 0.0148 0.7021 -0.0218 0.7116
21.8983 155.6823 -5.0378 -40.9446 0.0147 0.7034 -0.0219 0.7103
22.0022 156.4252 -5.1051 -40.9421 0.0142 0.7052 -0.0211 0.7086
22.1061 157.1327 -5.1372 -40.9288 0.0138 0.7071 -0.0220 0.7067
22.2101 157.9257 -5.1787 -40.9318 0.0127 0.7090 -0.0223 0.7047
22.3139 158.6161 -5.2613 -40.9501 0.0111 0.7112 -0.0209 0.7026
22.4178 159.3373 -5.2939 -40.9374 0.0110 0.7132 -0.0213 0.7006
22.5215 160.0987 -5.3359 -40.9557 0.0115 0.7152 -0.0217 0.6985
22.6254 160.8064 -5.3871 -40.9671 0.0118 0.7165 -0.0233 0.6971
22.7292 161.5427 -5.4444 -41.0015 0.0123 0.7173 -0.0242 0.6962
22.8329 162.2560 -5.4890 -41.0167 0.0151 0.7178 -0.0223 0.6957
22.9365 162.9456 -5.5302 -41.0389 0.0153 0.7177 -0.0212 0.6959
23.0401 163.6529 -5.5684 -41.0502 0.0153 0.7165 -0.0191 0.6971
23.1438 164.3901 -5.6470 -41.0737 0.0147 0.7139 -0.0190 0.6999
23.2474 165.0529 -5.6807 -41.0492 0.0158 0.7102 -0.0182 0.7036
23.3510 165.7389 -5.7305 -41.0420 0.0171 0.7053 -0.0170 0.7085
23.4547 166.4408 -5.7736 -41.0370 0.0161 0.6998 -0.0166 0.7139
23.5583 167.1377 -5.8215 -40.9814 0.0125 0.6938 -0.0172 0.7199
23.6620 167.8280 -5.8548 -40.9264 0.0105 0.6879 -0.0143 0.7256
23.7657 168.5181 -5.8931 -40.8764 0.0077 0.6817 -0.0121 0.7315
23.8694 169.1882 -5.9202 -40.8058 0.0047 0.6754 -0.0098 0.7374
23.9730 169.8462 -5.9564 -40.7088 0.0023 0.6692 -0.0079 0.7431
24.0768 170.4924 -5.9847 -40.6292 0.0021 0.6622 -0.0058 0.7493
24.1805 171.1403 -6.0132 -40.5064 0.0008 0.6557 -0.0070 0.7550
24.2842 171.7980 -6.0203 -40.3901 0.0008 0.6490 -0.0064 0.7607
24.3879 172.4421 -6.0326 -40.2814 -0.0019 0.6426 -0.0086 0.7662
24.4916 173.0874 -6.0632 -40.1303 -0.0050 0.6369 -0.0085 0.7709
24.5954 173.6947 -6.0784 -39.9967 -0.0042 0.6322 -0.0049 0.7748
24.6993 174.3180 -6.1019 -39.8567 -0.0039 0.6277 -0.0036 0.7784
24.8031 174.9232 -6.1065 -39.6878 -0.0040 0.6239 -0.0057 0.7815
24.9068 175.5189 -6.1396 -39.5507 -0.0033 0.6202 -0.0097 0.7844
25.0105 176.0934 -6.1578 -39.3873 0.0009 0.6164 -0.0129 0.7873
25.1143 176.6795 -6.1523 -39.2532 0.0057 0.6129 -0.0130 0.7900
25.2180 177.2919 -6.1850 -39.0732 0.0050 0.6103 -0.0128 0.7921
25.3218 177.9033 -6.1891 -38.8968 0.0014 0.6080 -0.0108 0.7938
25.4255 178.5116 -6.2304 -38.7144 -0.0048 0.6062 -0.0089 0.7952
25.5294 179.1346 -6.2507 -38.5302 -0.0087 0.6053 -0.0063 0.7959
25.6332 179.7256 -6.2727 -38.3565 -0.0077 0.6052 -0.0050 0.7960
25.7370 180.3203 -6.2628 -38.2026 -0.0058 0.6044 -0.0049 0.7967
25.8408 180.9489 -6.2720 -38.0202 -0.0044 0.6039 -0.0040 0.7970
25.9445 181.5580 -6.2620 -37.8480 -0.0057 0.6031 -0.0038 0.7976
26.0481 182.1692 -6.2847 -37.6594 -0.0078 0.6021 -0.0026 0.7984
26.1519 182.7861 -6.2999 -37.4854 -0.0096 0.6007 -0.0007 0.7994
26.2555 183.4147 -6.3095 -37.2840 -0.0104 0.5990 0.0005 0.8007
26.3591 184.0223 -6.2934 -37.1055 -0.0104 0.5964 0.0017 0.8026
26.4628 184.6517 -6.2918 -36.9005 -0.0114 0.5929 0.0028 0.8052
26.5666 185.2945 -6.2899 -36.7029 -0.0118 0.5889 0.0036 0.8081
26.6703 185.8824 -6.3012 -36.4795 -0.0113 0.5842 0.0032 0.8115
26.7739 186.4940 -6.2940 -36.2603 -0.0104 0.5791 0.0015 0.8152
26.8777 187.1223 -6.2981 -36.0226 -0.0094 0.5742 0.0001 0.8186
26.9813 187.7304 -6.2838 -35.7721 -0.0088 0.5692 0.0004 0.8222
27.0850 188.3471 -6.3024 -35.5256 -0.0097 0.5641 0.0016 0.8256
27.1888 188.9708 -6.2947 -35.2566 -0.0107 0.5593 0.0020 0.8289
27.2925 189.5973 -6.2990 -34.9842 -0.0120 0.5541 0.0015 0.8324
27.3963 190.2098 -6.2747 -34.6900 -0.0137 0.5500 0.0007 0.8351
27.5000 190.8712 -6.2817 -34.3959 -0.0154 0.5465 -0.0009 0.8373
27.6039 191.5120 -6.2608 -34.0952 -0.0165 0.5446 -0.0001 0.8385
27.7078 192.1548 -6.2762 -33.8024 -0.0169 0.5437 0.0023 0.8391
27.8117 192.7993 -6.2571 -33.5266 -0.0149 0.5434 0.0029 0.8393
27.9155 193.4603 -6.2596 -33.2311 -0.0143 0.5438 0.0034 0.8391
28.0194 194.1384 -6.2460 -32.9217 -0.0121 0.5443 0.0040 0.8388
28.1233 194.8034 -6.2237 -32.6309 -0.0117 0.5442 0.0050 0.8389
28.2272 195.4917 -6.2148 -32.3181 -0.0126 0.5446 0.0077 0.8385
28.3309 196.1620 -6.2134 -32.0109 -0.0136 0.5451 0.0091 0.8382
28.4348 196.8627 -6.2013 -31.7108 -0.0143 0.5458 0.0099 0.8377
28.5387 197.5448 -6.1907 -31.4071 -0.0148 0.5465 0.0101 0.8372
28.6424 198.2232 -6.1821 -31.0920 -0.0154 0.5473 0.0100 0.8367
28.7462 198.9334 -6.1677 -30.7897 -0.0153 0.5482 0.0093 0.8361
28.8499 199.6262 -6.1682 -30.4905 -0.0136 0.5486 0.0087 0.8359
28.9538 200.2960 -6.1623 -30.1962 -0.0114 0.5489 0.0063 0.8358
29.0575 200.9606 -6.1492 -29.9020 -0.0107 0.5494 0.0049 0.8355
29.1613 201.6761 -6.1456 -29.5839 -0.0122 0.5500 0.0056 0.8351
29.2649 202.3460 -6.1470 -29.2910 -0.0145 0.5506 0.0063 0.8346
29.3686 203.0356 -6.1427 -29.0003 -0.0158 0.5519 0.0049 0.8337
29.4725 203.7248 -6.1289 -28.6848 -0.0170 0.5539 0.0038 0.8324
29.5763 204.4115 -6.1217 -28.4065 -0.0176 0.5570 0.0038 0.8303
29.6802 205.1020 -6.1007 -28.1454 -0.0172 0.5608 0.0043 0.8278
29.7839 205.7781 -6.1042 -27.8762 -0.0156 0.5650 0.0051 0.8249
29.8878 206.4660 -6.1085 -27.6269 -0.0149 0.5698 0.0035 0.8216
29.9917 207.1721 -6.0781 -27.3625 -0.0152 0.5750 0.0031 0.8180
30.0955 207.8707 -6.0648 -27.1573 -0.0167 0.5796 0.0065 0.8147
30.1993 208.5944 -6.0630 -26.9092 -0.0186 0.5833 0.0100 0.8120
30.3030 209.2825 -6.0520 -26.6866 -0.0208 0.5861 0.0120 0.8099
30.4068 210.0099 -6.0194 -26.4467 -0.0232 0.5882 0.0109 0.8083
30.5104 210.7074 -6.0056 -26.1946 -0.0238 0.5892 0.0110 0.8076
30.6140 211.4108 -5.9735 -25.9885 -0.0237 0.5898 0.0121 0.8071
30.7178 212.1158 -5.9716 -25.7698 -0.0237 0.5903 0.0115 0.8067
30.8214 212.8463 -5.9342 -25.5162 -0.0237 0.5904 0.0105 0.8067
30.9252 213.5713 -5.9117 -25.3018 -0.0241 0.5903 0.0102 0.8067
31.0288 214.2817 -5.8908 -25.0525 -0.0246 0.5899 0.0105 0.8070
31.1325 215.0159 -5.8566 -24.8113 -0.0252 0.5890 0.0110 0.8077
31.2363 215.7367 -5.8458 -24.5806 -0.0244 0.5883 0.0127 0.8082
31.3401 216.4923 -5.8194 -24.3345 -0.0244 0.5869 0.0134 0.8092
31.4437 217.2092 -5.7989 -24.0773 -0.0261 0.5853 0.0128 0.8103
31.5474 217.9358 -5.7452 -23.8411 -0.0282 0.5831 0.0142 0.8118
31.6510 218.6819 -5.7129 -23.5701 -0.0299 0.5809 0.0151 0.8133
31.7548 219.4166 -5.6976 -23.3044 -0.0312 0.5789 0.0144 0.8147
31.8585 220.1480 -5.6673 -23.0193 -0.0307 0.5774 0.0129 0.8158
31.9623 220.8827 -5.6347 -22.7375 -0.0313 0.5752 0.0085 0.8174
32.0660 221.5965 -5.5938 -22.4619 -0.0310 0.5733 0.0068 0.8187
32.1696 222.3383 -5.5593 -22.1953 -0.0319 0.5714 0.0064 0.8200
32.2734 223.0907 -5.5221 -21.9050 -0.0312 0.5698 0.0061 0.8212
32.3772 223.8311 -5.5081 -21.6127 -0.0310 0.5681 0.0036 0.8224
32.4809 224.5691 -5.4934 -21.3140 -0.0316 0.5658 0.0031 0.8239
32.5845 225.3141 -5.4531 -21.0292 -0.0316 0.5640 0.0041 0.8252
32.6883 226.0511 -5.4226 -20.7126 -0.0300 0.5621 0.0062 0.8265
32.7919 226.7663 -5.3973 -20.4349 -0.0290 0.5601 0.0064 0.8279
32.8957 227.4929 -5.3653 -20.1310 -0.0285 0.5581 0.0058 0.8293
32.9994 228.2912 -5.3348 -19.7861 -0.0303 0.5560 0.0048 0.8306
33.1032 228.9667 -5.3065 -19.4945 -0.0317 0.5543 0.0039 0.8317
33.2068 229.7014 -5.2785 -19.1777 -0.0296 0.5522 0.0043 0.8332
33.3105 230.4413 -5.2666 -18.8722 -0.0267 0.5505 0.0020 0.8344
33.4143 231.1792 -5.2535 -18.5179 -0.0261 0.5491 -0.0011 0.8353
33.5182 231.8710 -5.2154 -18.2056 -0.0298 0.5475 -0.0036 0.8362
33.6218 232.6135 -5.1932 -17.8725 -0.0338 0.5465 -0.0001 0.8367
33.7255 233.3470 -5.1592 -17.5559 -0.0378 0.5458 0.0050 0.8371
33.8293 234.0729 -5.1245 -17.2142 -0.0414 0.5451 0.0085 0.8373
33.9331 234.7789 -5.0749 -16.9122 -0.0424 0.5442 0.0101 0.8378
34.0367 235.4850 -5.0455 -16.6026 -0.0418 0.5430 0.0063 0.8387
34.1404 236.2301 -5.0036 -16.2527 -0.0387 0.5411 0.0044 0.8401
34.2440 236.9540 -4.9591 -15.9016 -0.0372 0.5389 0.0020 0.8415
34.3478 237.6903 -4.9289 -15.5443 -0.0356 0.5371 0.0023 0.8427
34.4515 238.4145 -4.8962 -15.1915 -0.0346 0.5351 0.0015 0.8441
34.5552 239.0842 -4.8765 -14.8748 -0.0344 0.5336 0.0032 0.8450
34.6589 239.8454 -4.8245 -14.5225 -0.0356 0.5318 0.0057 0.8461
34.7625 240.5312 -4.7939 -14.1850 -0.0375 0.5305 0.0079 0.8468
34.8663 241.2874 -4.7395 -13.8035 -0.0385 0.5292 0.0119 0.8475
34.9700 241.9983 -4.7010 -13.4303 -0.0410 0.5283 0.0127 0.8480
35.0739 242.7253 -4.6391 -13.1007 -0.0425 0.5277 0.0165 0.8482
35.1776 243.4471 -4.5920 -12.7452 -0.0431 0.5266 0.0167 0.8488
35.2813 244.1724 -4.5416 -12.3405 -0.0418 0.5260 0.0117 0.8494
35.3850 244.8841 -4.5054 -11.9883 -0.0370 0.5256 0.0059 0.8499
35.4887 245.6172 -4.4628 -11.6021 -0.0336 0.5254 0.0032 0.8502
35.5924 246.3578 -4.4248 -11.2451 -0.0342 0.5254 0.0033 0.8501
35.6962 247.0720 -4.3705 -10.8617 -0.0367 0.5255 0.0059 0.8500
35.7998 247.8200 -4.3578 -10.5019 -0.0374 0.5246 0.0062 0.8505
35.9035 248.4965 -4.3079 -10.1382 -0.0359 0.5244 0.0075 0.8507
36.0072 249.2373 -4.2769 -9.7818 -0.0355 0.5238 0.0085 0.8511
36.1109 249.9806 -4.2367 -9.3800 -0.0372 0.5227 0.0102 0.8516
36.2145 250.6877 -4.1836 -9.0454 -0.0386 0.5224 0.0106 0.8518
36.3183 251.3688 -4.1412 -8.6639 -0.0390 0.5219 0.0099 0.8520
36.4220 252.1156 -4.1240 -8.2941 -0.0373 0.5214 0.0089 0.8525
36.5258 252.8625 -4.0606 -7.9023 -0.0362 0.5207 0.0086 0.8529
36.6295 253.5707 -4.0252 -7.5312 -0.0363 0.5198 0.0101 0.8534
36.7333 254.3299 -3.9704 -7.1237 -0.0371 0.5180 0.0111 0.8545
36.8370 255.0090 -3.9293 -6.7448 -0.0381 0.5165 0.0120 0.8554
36.9408 255.7531 -3.8773 -6.3521 -0.0372 0.5146 0.0129 0.8565
37.0445 256.4836 -3.8486 -5.9386 -0.0370 0.5124 0.0119 0.8579
37.1483 257.1588 -3.7989 -5.5576 -0.0368 0.5105 0.0094 0.8591
37.2520 257.8856 -3.7577 -5.1451 -0.0350 0.5080 0.0086 0.8606
37.3557 258.6002 -3.7315 -4.7313 -0.0329 0.5045 0.0093 0.8627
37.4594 259.3542 -3.6809 -4.3141 -0.0318 0.5001 0.0106 0.8653
37.5630 260.0136 -3.6506 -3.9111 -0.0302 0.4953 0.0132 0.8681
37.6667 260.7267 -3.6131 -3.4802 -0.0297 0.4888 0.0141 0.8718
37.7703 261.4254 -3.5704 -3.0324 -0.0303 0.4820 0.0144 0.8755
37.8740 262.1162 -3.5394 -2.5671 -0.0323 0.4749 0.0159 0.8793
37.9778 262.8080 -3.4955 -2.0833 -0.0338 0.4682 0.0172 0.8828
38.0815 263.4594 -3.4517 -1.5865 -0.0352 0.4625 0.0159 0.8858
38.1853 264.1101 -3.4082 -1.0925 -0.0357 0.4577 0.0123 0.8883
38.2892 264.7817 -3.3424 -0.5863 -0.0354 0.4547 0.0099 0.8899
38.3932 265.4405 -3.3175 -0.1215 -0.0367 0.4534 0.0069 0.8905
38.4972 266.0865 -3.2875 0.3539 -0.0380 0.4548 0.0025 0.8898
38.6012 266.7523 -3.2538 0.8601 -0.0377 0.4588 -0.0015 0.8877
38.7052 267.4100 -3.2109 1.3279 -0.0364 0.4639 -0.0041 0.8851
38.8093 268.0927 -3.1693 1.7895 -0.0341 0.4696 -0.0024 0.8822
38.9133 268.7812 -3.1512 2.2356 -0.0347 0.4750 -0.0006 0.8793
39.0172 269.4822 -3.1169 2.6880 -0.0361 0.4801 -0.0022 0.8765
39.1212 270.1704 -3.0853 3.1042 -0.0357 0.4849 -0.0007 0.8738
39.2250 270.8889 -3.0641 3.5273 -0.0344 0.4892 -0.0002 0.8715
39.3289 271.5891 -3.0233 3.9477 -0.0328 0.4937 0.0007 0.8690
39.4327 272.2932 -2.9978 4.3775 -0.0328 0.4975 -0.0009 0.8668
39.5364 272.9871 -2.9748 4.7979 -0.0339 0.5009 -0.0010 0.8648
39.6402 273.7281 -2.9302 5.2246 -0.0362 0.5033 -0.0009 0.8634
39.7438 274.4542 -2.8862 5.6113 -0.0396 0.5056 -0.0005 0.8619
39.8476 275.1966 -2.8462 6.0185 -0.0413 0.5075 0.0001 0.8606
39.9513 275.9264 -2.8099 6.4464 -0.0414 0.5091 -0.0016 0.8597
40.0550 276.6229 -2.7646 6.8149 -0.0390 0.5102 -0.0046 0.8591
40.1587 277.3333 -2.7673 7.2435 -0.0351 0.5114 -0.0098 0.8586
40.2624 278.0681 -2.7430 7.6569 -0.0322 0.5119 -0.0114 0.8584
40.3662 278.8241 -2.7071 8.0584 -0.0325 0.5127 -0.0124 0.8579
40.4699 279.5728 -2.6727 8.4771 -0.0343 0.5130 -0.0124 0.8576
40.5735 280.2936 -2.6554 8.8685 -0.0346 0.5135 -0.0102 0.8573
40.6773 281.0377 -2.6365 9.2686 -0.0349 0.5129 -0.0085 0.8577
40.7810 281.8041 -2.5998 9.6797 -0.0356 0.5120 -0.0070 0.8582
40.8848 282.5528 -2.5750 10.0750 -0.0355 0.5103 -0.0064 0.8592
40.9884 283.2917 -2.5406 10.5073 -0.0355 0.5086 -0.0061 0.8603
41.0922 284.0359 -2.5244 10.9356 -0.0364 0.5069 -0.0074 0.8612
41.1958 284.7943 -2.4715 11.3509 -0.0367 0.5050 -0.0079 0.8623
41.2994 285.5601 -2.4462 11.8107 -0.0361 0.5030 -0.0088 0.8635
41.4032 286.2947 -2.4329 12.2262 -0.0342 0.5008 -0.0088 0.8648
41.5068 287.0543 -2.4122 12.7013 -0.0318 0.4982 -0.0088 0.8664
41.6105 287.7988 -2.3798 13.1385 -0.0307 0.4949 -0.0088 0.8684
41.7142 288.5570 -2.3556 13.6191 -0.0311 0.4908 -0.0085 0.8707
41.8179 289.3242 -2.3111 14.0911 -0.0337 0.4873 -0.0074 0.8725
41.9215 290.0552 -2.2806 14.5557 -0.0374 0.4840 -0.0068 0.8743
42.0253 290.8127 -2.2418 15.0416 -0.0412 0.4805 -0.0070 0.8760
42.1289 291.5542 -2.1954 15.5363 -0.0430 0.4768 -0.0062 0.8779
42.2327 292.3055 -2.1668 16.0533 -0.0420 0.4728 -0.0073 0.8801
42.3363 293.0393 -2.1179 16.5564 -0.0383 0.4689 -0.0081 0.8824
42.4400 293.7791 -2.0950 17.0889 -0.0347 0.4648 -0.0102 0.8847
42.5438 294.5227 -2.0548 17.6050 -0.0306 0.4610 -0.0096 0.8868
42.6474 295.2617 -2.0337 18.1612 -0.0274 0.4577 -0.0083 0.8886
42.7512 296.0258 -2.0199 18.6759 -0.0263 0.4537 -0.0052 0.8908
42.8548 296.7623 -1.9993 19.2213 -0.0278 0.4497 -0.0021 0.8928
42.9585 297.4863 -1.9725 19.7791 -0.0299 0.4457 0.0021 0.8947
43.0623 298.2265 -1.9258 20.3532 -0.0314 0.4417 0.0036 0.8966
43.1661 298.9447 -1.8978 20.9467 -0.0325 0.4382 0.0047 0.8983
43.2698 299.6744 -1.8635 21.5611 -0.0337 0.4344 0.0028 0.9001
43.3736 300.3920 -1.8117 22.1342 -0.0353 0.4309 0.0012 0.9017
43.4773 301.1508 -1.7679 22.7337 -0.0368 0.4278 0.0020 0.9031
43.5810 301.8600 -1.7277 23.3436 -0.0363 0.4251 0.0021 0.9044
43.6849 302.5679 -1.6907 23.9565 -0.0338 0.4232 0.0021 0.9054
43.7887 303.2704 -1.6413 24.5637 -0.0317 0.4203 0.0010 0.9068
43.8924 303.9847 -1.6093 25.1767 -0.0316 0.4176 0.0018 0.9081
43.9961 304.6884 -1.5489 25.8395 -0.0343 0.4154 0.0014 0.9090
44.1000 305.4223 -1.4970 26.4684 -0.0366 0.4129 0.0030 0.9100
44.2036 306.1197 -1.4778 27.1148 -0.0367 0.4104 0.0016 0.9112
44.3073 306.8084 -1.4193 27.7351 -0.0353 0.4078 -0.0004 0.9124
44.4110 307.4947 -1.3843 28.3711 -0.0328 0.4052 -0.0015 0.9136
44.5148 308.1974 -1.3402 29.0225 -0.0312 0.4027 0.0008 0.9148
44.6185 308.9239 -1.3255 29.6728 -0.0311 0.4001 0.0028 0.9159
44.7223 309.6121 -1.2849 30.3240 -0.0301 0.3973 0.0054 0.9172
44.8262 310.2837 -1.2508 31.0024 -0.0290 0.3942 0.0076 0.9185
44.9298 310.9671 -1.2155 31.6549 -0.0281 0.3914 0.0102 0.9197
45.0335 311.6595 -1.1686 32.3075 -0.0290 0.3891 0.0105 0.9207
45.1373 312.3315 -1.1299 32.9730 -0.0296 0.3871 0.0101 0.9215
45.2410 313.0025 -1.1119 33.6314 -0.0289 0.3845 0.0100 0.9226
45.3448 313.6595 -1.0418 34.3160 -0.0289 0.3820 0.0092 0.9237
45.4485 314.3480 -1.0316 35.0143 -0.0284 0.3797 0.0107 0.9246
45.5523 314.9906 -0.9742 35.6837 -0.0293 0.3764 0.0107 0.9259
45.6562 315.6468 -0.9490 36.3817 -0.0282 0.3742 0.0110 0.9268
45.7599 316.2989 -0.8951 37.0399 -0.0280 0.3716 0.0121 0.9279
45.8637 316.9412 -0.8713 37.7380 -0.0291 0.3692 0.0126 0.9288
45.9674 317.5666 -0.8085 38.4551 -0.0308 0.3676 0.0114 0.9294
46.0713 318.1899 -0.7864 39.1446 -0.0331 0.3657 0.0084 0.9301
46.1750 318.8163 -0.7285 39.8385 -0.0349 0.3646 0.0116 0.9304
46.2788 319.4488 -0.6852 40.5369 -0.0351 0.3634 0.0113 0.9309
46.3827 320.0605 -0.6485 41.2229 -0.0321 0.3623 0.0117 0.9315
46.4865 320.6974 -0.6193 41.9020 -0.0290 0.3618 0.0089 0.9318
46.5904 321.3359 -0.5701 42.6167 -0.0292 0.3621 0.0087 0.9317
46.6942 321.9536 -0.5256 43.3164 -0.0305 0.3628 0.0089 0.9313
46.7981 322.5875 -0.4978 44.0022 -0.0321 0.3631 0.0110 0.9311
46.9019 323.2460 -0.4413 44.7281 -0.0329 0.3648 0.0110 0.9304
47.0058 323.8944 -0.3786 45.4261 -0.0331 0.3674 0.0101 0.9294
47.1097 324.5421 -0.3537 46.1182 -0.0321 0.3703 0.0074 0.9283
47.2136 325.2015 -0.3046 46.7904 -0.0301 0.3736 0.0067 0.9271
47.3174 325.8703 -0.2699 47.4838 -0.0294 0.3770 0.0057 0.9257
47.4212 326.5371 -0.2290 48.1766 -0.0296 0.3810 0.0059 0.9241
47.5251 327.2143 -0.2041 48.8574 -0.0297 0.3847 0.0061 0.9225
47.6288 327.9126 -0.1524 49.5240 -0.0319 0.3885 0.0050 0.9209
47.7327 328.5979 -0.1110 50.2026 -0.0351 0.3926 0.0059 0.9190
47.8364 329.3048 -0.0368 50.8822 -0.0377 0.3968 0.0062 0.9171
47.9402 330.0086 0.0009 51.5589 -0.0375 0.4008 0.0043 0.9154
48.0439 330.7096 0.0305 52.2201 -0.0346 0.4044 0.0026 0.9139
48.1477 331.4379 0.0742 52.8663 -0.0321 0.4081 0.0017 0.9124
48.2514 332.1785 0.1169 53.5193 -0.0319 0.4112 0.0027 0.9110
48.3550 332.9070 0.1630 54.1506 -0.0326 0.4142 0.0029 0.9096
48.4588 333.6685 0.2141 54.7862 -0.0330 0.4173 0.0031 0.9082
48.5626 334.3929 0.2440 55.4182 -0.0342 0.4198 0.0037 0.9070
48.6662 335.1748 0.2998 56.0932 -0.0352 0.4223 0.0032 0.9058
48.7699 335.9169 0.3474 56.7385 -0.0363 0.4248 0.0021 0.9046
48.8736 336.6926 0.4037 57.3965 -0.0370 0.4271 0.0008 0.9035
48.9773 337.4390 0.4424 58.0011 -0.0373 0.4291 0.0003 0.9025
49.0809 338.2325 0.4856 58.6409 -0.0376 0.4312 -0.0009 0.9015
49.1847 339.0132 0.5342 59.2729 -0.0377 0.4330 -0.0014 0.9006
49.2883 339.8184 0.5752 59.9056 -0.0378 0.4350 -0.0014 0.8996
49.3920 340.5971 0.6257 60.5387 -0.0380 0.4367 -0.0016 0.8988
49.4958 341.3930 0.6776 61.1683 -0.0383 0.4386 -0.0015 0.8978
49.5994 342.1935 0.7128 61.7997 -0.0394 0.4399 -0.0026 0.8972
49.7032 343.0130 0.7673 62.4334 -0.0399 0.4419 -0.0021 0.8962
49.8068 343.7625 0.8140 63.0179 -0.0397 0.4436 -0.0024 0.8953
49.9106 344.5625 0.8501 63.6368 -0.0392 0.4452 -0.0031 0.8946
50.0142 345.3887 0.9018 64.2601 -0.0388 0.4462 -0.0030 0.8941
50.1180 346.1902 0.9529 64.8541 -0.0401 0.4469 -0.0003 0.8937
50.2216 347.0278 1.0179 65.4725 -0.0425 0.4471 0.0035 0.8935
50.3253 347.8196 1.0798 66.0721 -0.0442 0.4476 0.0052 0.8931
50.4290 348.6259 1.1321 66.6785 -0.0436 0.4479 0.0057 0.8930
50.5327 349.4352 1.1781 67.2806 -0.0402 0.4483 0.0052 0.8930
50.6365 350.2327 1.2170 67.8709 -0.0374 0.4487 0.0034 0.8929
50.7402 351.0422 1.2755 68.4842 -0.0356 0.4492 0.0035 0.8927
50.8440 351.8580 1.3240 69.1026 -0.0356 0.4499 0.0054 0.8923
50.9476 352.6530 1.3721 69.7025 -0.0365 0.4505 0.0079 0.8920
51.0512 353.4875 1.4354 70.2943 -0.0378 0.4508 0.0098 0.8918
51.1549 354.3074 1.4942 70.9108 -0.0391 0.4510 0.0107 0.8916
51.2586 355.1250 1.5519 71.5110 -0.0390 0.4512 0.0111 0.8915
51.3623 355.9205 1.5995 72.1018 -0.0380 0.4512 0.0111 0.8915
51.4659 356.7385 1.6458 72.7040 -0.0368 0.4511 0.0110 0.8917
51.5697 357.5532 1.7013 73.3236 -0.0366 0.4513 0.0117 0.8916
51.6733 358.3722 1.7734 73.9021 -0.0371 0.4511 0.0139 0.8916
51.7769 359.1826 1.8273 74.4825 -0.0365 0.4512 0.0160 0.8915
51.8807 359.9993 1.8844 75.1269 -0.0360 0.4517 0.0156 0.8913
51.9843 360.8155 1.9275 75.7325 -0.0352 0.4520 0.0148 0.8912
52.0881 361.6130 1.9854 76.3049 -0.0356 0.4520 0.0148 0.8912
52.1917 362.4238 2.0492 76.8935 -0.0357 0.4520 0.0166 0.8911
52.2954 363.2366 2.0969 77.4994 -0.0360 0.4520 0.0177 0.8911
52.3992 364.0396 2.1540 78.0828 -0.0354 0.4518 0.0205 0.8912
52.5029 364.8501 2.2101 78.6821 -0.0351 0.4514 0.0228 0.8913
52.6067 365.6670 2.2806 79.2792 -0.0338 0.4513 0.0265 0.8913
52.7104 366.4772 2.3221 79.8639 -0.0335 0.4507 0.0290 0.8916
52.8142 367.2945 2.4044 80.4568 -0.0334 0.4504 0.0306 0.8917
52.9179 368.0916 2.4657 81.0572 -0.0338 0.4497 0.0317 0.8920
53.0217 368.8846 2.5312 81.6370 -0.0336 0.4490 0.0339 0.8922
53.1254 369.6610 2.5773 82.2180 -0.0339 0.4484 0.0343 0.8925
53.2292 370.4222 2.6658 82.7925 -0.0342 0.4476 0.0340 0.8929
53.3329 371.1676 2.7161 83.3607 -0.0341 0.4467 0.0348 0.8933
53.4365 371.9118 2.7886 83.9159 -0.0352 0.4462 0.0357 0.8935
53.5403 372.6215 2.8457 84.4871 -0.0375 0.4454 0.0366 0.8938
53.6441 373.3458 2.9101 85.0332 -0.0403 0.4455 0.0379 0.8936
53.7478 374.0433 2.9879 85.5754 -0.0441 0.4453 0.0371 0.8935
53.8516 374.7696 3.0605 86.1212 -0.0476 0.4453 0.0339 0.8935
53.9553 375.4174 3.1353 86.6585 -0.0486 0.4456 0.0325 0.8933
54.0590 376.0973 3.2047 87.1833 -0.0501 0.4461 0.0300 0.8931
54.1628 376.7544 3.2780 87.6756 -0.0516 0.4464 0.0267 0.8929
54.2666 377.3571 3.3403 88.1409 -0.0526 0.4466 0.0234 0.8929
54.3702 377.9989 3.4159 88.6367 -0.0518 0.4471 0.0233 0.8927
54.4739 378.6094 3.4737 89.0912 -0.0503 0.4474 0.0253 0.8925
54.5776 379.2162 3.5365 89.5469 -0.0508 0.4477 0.0244 0.8924
54.6813 379.8252 3.6017 90.0166 -0.0502 0.4486 0.0253 0.8919
54.7851 380.4071 3.6687 90.4510 -0.0510 0.4504 0.0241 0.8910
54.8888 380.9926 3.7390 90.8762 -0.0526 0.4529 0.0222 0.8897
54.9927 381.5942 3.8007 91.3204 -0.0534 0.4556 0.0221 0.8883
55.0964 382.1477 3.8776 91.7255 -0.0537 0.4591 0.0204 0.8865
55.2002 382.7534 3.9175 92.1515 -0.0517 0.4628 0.0191 0.8848
55.3040 383.3418 3.9752 92.5762 -0.0515 0.4660 0.0147 0.8832
55.4078 383.8933 4.0227 92.9801 -0.0503 0.4706 0.0136 0.8808
55.5117 384.4840 4.0879 93.3449 -0.0525 0.4759 0.0122 0.8778
55.6154 385.1235 4.1671 93.7195 -0.0543 0.4807 0.0137 0.8751
55.7192 385.7284 4.2312 94.1068 -0.0572 0.4859 0.0147 0.8720
55.8229 386.3521 4.2967 94.4861 -0.0591 0.4908 0.0154 0.8691
55.9267 386.9910 4.3654 94.8307 -0.0595 0.4956 0.0162 0.8664
56.0304 387.6302 4.4351 95.1871 -0.0587 0.5002 0.0165 0.8638
56.1341 388.2815 4.5002 95.5581 -0.0559 0.5043 0.0173 0.8616
56.2378 388.9151 4.5438 95.9073 -0.0528 0.5073 0.0185 0.8599
56.3416 389.5538 4.6196 96.2681 -0.0506 0.5102 0.0207 0.8583
56.4453 390.2441 4.6686 96.6236 -0.0521 0.5127 0.0234 0.8566
56.5491 390.9558 4.7692 96.9769 -0.0564 0.5149 0.0288 0.8549
56.6529 391.6606 4.8704 97.3395 -0.0640 0.5167 0.0319 0.8532
56.7567 392.3566 5.0100 97.7004 -0.0689 0.5183 0.0355 0.8517
56.8604 393.0271 5.0724 98.0601 -0.0710 0.5209 0.0367 0.8499
56.9643 393.7237 5.1658 98.4039 -0.0720 0.5234 0.0354 0.8483
57.0681 394.4180 5.2623 98.7395 -0.0719 0.5261 0.0347 0.8467
57.1719 395.1718 5.3931 99.1049 -0.0721 0.5287 0.0373 0.8449
57.2756 395.8776 5.5120 99.4581 -0.0713 0.5313 0.0423 0.8431
57.3793 396.5991 5.6143 99.7729 -0.0729 0.5342 0.0446 0.8410
57.4831 397.3120 5.7277 100.1055 -0.0720 0.5366 0.0473 0.8394
57.5868 398.0605 5.8431 100.4274 -0.0731 0.5391 0.0452 0.8378
57.6906 398.7240 5.9493 100.7437 -0.0723 0.5418 0.0460 0.8361
57.7943 399.4273 6.0522 101.0594 -0.0715 0.5449 0.0470 0.8342
57.8982 400.1552 6.1941 101.3545 -0.0725 0.5483 0.0456 0.8319
58.0019 400.8573 6.2827 101.6418 -0.0721 0.5525 0.0467 0.8291
58.1058 401.5542 6.4131 101.9222 -0.0728 0.5567 0.0456 0.8262
58.2097 402.2511 6.5186 102.2058 -0.0729 0.5612 0.0458 0.8232
58.3134 402.9273 6.6216 102.4721 -0.0716 0.5656 0.0484 0.8201
58.4173 403.6135 6.7168 102.6941 -0.0711 0.5699 0.0479 0.8172
58.5211 404.2946 6.8116 102.9494 -0.0676 0.5750 0.0479 0.8139
58.6249 404.9806 6.8893 103.1936 -0.0670 0.5801 0.0423 0.8107
58.7287 405.6567 6.9931 103.3786 -0.0657 0.5864 0.0373 0.8065
58.8327 406.3302 7.0794 103.6025 -0.0642 0.5931 0.0345 0.8018
58.9366 406.9656 7.1655 103.7906 -0.0617 0.6004 0.0341 0.7966
59.0404 407.6817 7.2573 103.9764 -0.0592 0.6093 0.0336 0.7900
59.1443 408.3817 7.3401 104.1081 -0.0553 0.6179 0.0329 0.7836
59.2482 409.0776 7.3989 104.2274 -0.0517 0.6262 0.0321 0.7773
59.3521 409.7769 7.4611 104.3576 -0.0481 0.6338 0.0330 0.7713
59.4558 410.4890 7.5377 104.4574 -0.0466 0.6414 0.0335 0.7650
59.5596 411.1926 7.6023 104.5631 -0.0474 0.6483 0.0360 0.7591
59.6633 411.9633 7.6961 104.6564 -0.0505 0.6544 0.0379 0.7535
59.7669 412.7234 7.7895 104.7456 -0.0515 0.6591 0.0426 0.7491
59.8707 413.4758 7.8555 104.8377 -0.0549 0.6626 0.0441 0.7456
59.9743 414.2476 7.9500 104.9278 -0.0556 0.6658 0.0448 0.7427
60.0781 414.9683 8.0286 105.0268 -0.0576 0.6684 0.0450 0.7402
60.1818 415.6976 8.1305 105.0980 -0.0607 0.6711 0.0450 0.7375
60.2856 416.4735 8.2498 105.1601 -0.0615 0.6739 0.0439 0.7350
60.3893 417.2727 8.3280 105.2481 -0.0617 0.6766 0.0363 0.7328
60.4931 418.0042 8.3845 105.2969 -0.0575 0.6787 0.0286 0.7316
60.5968 418.7499 8.4099 105.3646 -0.0539 0.6809 0.0228 0.7301
60.7006 419.5219 8.5015 105.4226 -0.0547 0.6819 0.0213 0.7291
60.8042 420.3146 8.6211 105.4920 -0.0603 0.6816 0.0213 0.7289
60.9080 421.0911 8.7425 105.5341 -0.0607 0.6814 0.0215 0.7291
61.0116 421.8521 8.7581 105.5855 -0.0594 0.6808 0.0152 0.7299
61.1153 422.5918 8.7868 105.6527 -0.0509 0.6793 0.0071 0.7321
61.2189 423.3125 8.8076 105.7618 -0.0461 0.6776 -0.0002 0.7340
61.3227 424.0513 8.8636 105.8076 -0.0463 0.6758 -0.0009 0.7357
61.4264 424.8409 8.9479 105.8786 -0.0518 0.6751 0.0014 0.7359
61.5302 425.6120 8.9992 105.9409 -0.0541 0.6742 0.0034 0.7365
61.6338 426.3421 9.0305 106.0230 -0.0526 0.6723 0.0033 0.7384
61.7376 427.0136 9.0296 106.0931 -0.0483 0.6716 0.0011 0.7393
61.8413 427.6813 9.0621 106.1539 -0.0448 0.6713 0.0003 0.7398
61.9451 428.4050 9.1116 106.2292 -0.0424 0.6703 0.0012 0.7409
62.0488 429.0788 9.1482 106.3159 -0.0395 0.6703 0.0013 0.7410
62.1526 429.7640 9.1602 106.3826 -0.0375 0.6705 -0.0007 0.7410
62.2564 430.4593 9.1710 106.4625 -0.0368 0.6712 -0.0030 0.7403
62.3601 431.1061 9.1948 106.5595 -0.0371 0.6714 -0.0058 0.7402
62.4640 431.7377 9.2127 106.6035 -0.0377 0.6741 -0.0081 0.7377
62.5679 432.3897 9.2238 106.6333 -0.0380 0.6786 -0.0099 0.7334
62.6718 433.0186 9.2314 106.6684 -0.0381 0.6845 -0.0110 0.7279
62.7758 433.6544 9.2361 106.7118 -0.0372 0.6914 -0.0112 0.7214
62.8798 434.2969 9.2520 106.7288 -0.0358 0.6983 -0.0099 0.7148
62.9837 434.8900 9.2507 106.7268 -0.0347 0.7044 -0.0094 0.7089
63.0876 435.5165 9.2611 106.7029 -0.0335 0.7108 -0.0095 0.7025
63.1914 436.0620 9.2538 106.6861 -0.0330 0.7170 -0.0094 0.6962
63.2954 436.6060 9.2659 106.6409 -0.0335 0.7232 -0.0098 0.6897
63.3993 437.1517 9.2884 106.6035 -0.0343 0.7298 -0.0100 0.6828
63.5032 437.6203 9.2836 106.5577 -0.0343 0.7360 -0.0104 0.6760
63.6071 438.0856 9.2822 106.4834 -0.0311 0.7419 -0.0110 0.6697
63.7108 438.4947 9.2579 106.4147 -0.0261 0.7473 -0.0122 0.6639
63.8147 438.9097 9.2427 106.3512 -0.0206 0.7523 -0.0140 0.6583
63.9184 439.2921 9.2297 106.2903 -0.0175 0.7563 -0.0171 0.6538
64.0222 439.6431 9.2320 106.2380 -0.0158 0.7599 -0.0197 0.6496
64.1260 440.0047 9.2275 106.1701 -0.0140 0.7630 -0.0217 0.6458
64.2297 440.3329 9.2190 106.1053 -0.0121 0.7658 -0.0208 0.6427
64.3333 440.6312 9.2041 106.0304 -0.0087 0.7681 -0.0173 0.6401
64.4371 440.9173 9.1655 105.9586 -0.0068 0.7698 -0.0152 0.6380
64.5407 441.2056 9.1611 105.9043 -0.0079 0.7716 -0.0144 0.6359
64.6444 441.4636 9.1531 105.8457 -0.0106 0.7730 -0.0155 0.6341
64.7481 441.6970 9.1698 105.8077 -0.0134 0.7742 -0.0169 0.6326
64.8517 441.9407 9.1636 105.7795 -0.0148 0.7752 -0.0176 0.6313
64.9553 442.1068 9.1469 105.7311 -0.0140 0.7759 -0.0169 0.6305
65.0591 442.2985 9.1248 105.6948 -0.0116 0.7765 -0.0162 0.6298
65.1627 442.4563 9.1243 105.6374 -0.0096 0.7769 -0.0152 0.6294
65.2663 442.5922 9.1074 105.6201 -0.0082 0.7766 -0.0157 0.6297
65.3701 442.7484 9.1051 105.5979 -0.0081 0.7761 -0.0171 0.6304
65.4737 442.8927 9.1123 105.5624 -0.0071 0.7751 -0.0153 0.6316
65.5774 443.0560 9.0963 105.5310 -0.0056 0.7740 -0.0124 0.6330
65.6811 443.1890 9.1054 105.4615 -0.0042 0.7723 -0.0098 0.6352
65.7848 443.3535 9.0897 105.4493 -0.0029 0.7710 -0.0095 0.6367
65.8886 443.4911 9.0838 105.4389 -0.0033 0.7697 -0.0103 0.6383
65.9922 443.6290 9.0789 105.4257 -0.0040 0.7682 -0.0122 0.6401
66.0959 443.7886 9.0813 105.4244 -0.0043 0.7664 -0.0137 0.6422
66.1997 443.9454 9.0689 105.4006 -0.0043 0.7645 -0.0139 0.6444
66.3033 444.1189 9.0587 105.3662 -0.0045 0.7625 -0.0139 0.6469
66.4071 444.3140 9.0555 105.3478 -0.0073 0.7602 -0.0154 0.6494
66.5107 444.5321 9.0604 105.3517 -0.0111 0.7573 -0.0170 0.6527
66.6143 444.7427 9.0868 105.3305 -0.0136 0.7543 -0.0178 0.6561
66.7181 444.9748 9.0573 105.3016 -0.0134 0.7512 -0.0161 0.6597
66.8217 445.2231 9.0488 105.2832 -0.0114 0.7476 -0.0131 0.6640
66.9254 445.4784 9.0227 105.2585 -0.0107 0.7437 -0.0117 0.6683
67.0291 445.7385 9.0476 105.2466 -0.0090 0.7386 -0.0098 0.6740
67.1328 446.0064 9.0074 105.2279 -0.0083 0.7331 -0.0093 0.6800
67.2364 446.2817 9.0256 105.2299 -0.0082 0.7271 -0.0080 0.6864
67.3401 446.5801 9.0128 105.2342 -0.0084 0.7199 -0.0077 0.6940
67.4437 446.8580 9.0076 105.2513 -0.0083 0.7123 -0.0075 0.7018
67.5473 447.1400 8.9902 105.2740 -0.0083 0.7047 -0.0088 0.7094
67.6511 447.4842 9.0085 105.3085 -0.0092 0.6965 -0.0122 0.7174
67.7547 447.8188 8.9922 105.3552 -0.0099 0.6879 -0.0151 0.7256
67.8583 448.1414 9.0152 105.4152 -0.0103 0.6787 -0.0151 0.7342
67.9621 448.4998 8.9820 105.4738 -0.0100 0.6691 -0.0135 0.7430
68.0657 448.8514 8.9781 105.5438 -0.0096 0.6597 -0.0119 0.7513
68.1693 449.2299 8.9797 105.6138 -0.0099 0.6497 -0.0119 0.7600
68.2731 449.6202 8.9713 105.7137 -0.0103 0.6397 -0.0119 0.7684
68.3767 449.9969 8.9751 105.8397 -0.0106 0.6299 -0.0119 0.7765
68.4803 450.4320 8.9645 105.9365 -0.0105 0.6196 -0.0121 0.7847
68.5841 450.8518 8.9614 106.0642 -0.0103 0.6100 -0.0116 0.7923
68.6878 451.2793 8.9601 106.2312 -0.0102 0.6011 -0.0112 0.7990
68.7916 451.7455 8.9564 106.3742 -0.0104 0.5926 -0.0110 0.8054
68.8953 452.2014 8.9503 106.5708 -0.0101 0.5849 -0.0101 0.8110
68.9991 452.7142 8.9511 106.7429 -0.0100 0.5771 -0.0103 0.8165
69.1028 453.2198 8.9424 106.9414 -0.0094 0.5697 -0.0097 0.8218
69.2066 453.7319 8.9411 107.1669 -0.0085 0.5620 -0.0081 0.8270
69.3103 454.2612 8.9413 107.3967 -0.0071 0.5541 -0.0059 0.8324
69.4139 454.7984 8.9261 107.6305 -0.0062 0.5462 -0.0048 0.8376
69.5177 455.3324 8.9288 107.9103 -0.0057 0.5389 -0.0045 0.8423
69.6214 455.8875 8.9207 108.1903 -0.0056 0.5320 -0.0051 0.8467
69.7253 456.4432 8.9199 108.5012 -0.0058 0.5257 -0.0058 0.8506
69.8291 457.0534 8.9127 108.8175 -0.0063 0.5200 -0.0054 0.8541
69.9328 457.6293 8.9098 109.1482 -0.0073 0.5153 -0.0050 0.8570
70.0367 458.2190 8.9189 109.4965 -0.0086 0.5116 -0.0046 0.8592
70.1406 458.8461 8.9162 109.8331 -0.0094 0.5084 -0.0041 0.8611
70.2443 459.4621 8.9081 110.1854 -0.0099 0.5059 -0.0043 0.8625
70.3482 460.0991 8.9093 110.5584 -0.0105 0.5041 -0.0047 0.8636
70.4519 460.7481 8.9142 110.9336 -0.0108 0.5026 -0.0049 0.8645
70.5558 461.4150 8.9132 111.3177 -0.0108 0.5012 -0.0056 0.8652
70.6596 462.0973 8.9136 111.7122 -0.0103 0.5000 -0.0050 0.8660
70.7633 462.7704 8.9098 112.1343 -0.0096 0.4986 -0.0050 0.8668
70.8672 463.4655 8.9057 112.5257 -0.0091 0.4973 -0.0054 0.8675
70.9708 464.1885 8.9064 112.9413 -0.0082 0.4961 -0.0055 0.8682
71.0747 464.9094 8.9053 113.3813 -0.0074 0.4950 -0.0056 0.8688
71.1784 465.6146 8.8985 113.8236 -0.0064 0.4940 -0.0047 0.8694
71.2822 466.3741 8.8832 114.2733 -0.0054 0.4931 -0.0035 0.8699
71.3859 467.1021 8.8859 114.7087 -0.0046 0.4921 -0.0030 0.8705
71.4896 467.8439 8.8784 115.1632 -0.0040 0.4912 -0.0039 0.8711
71.5933 468.6224 8.8573 115.6165 -0.0023 0.4908 -0.0044 0.8712
71.6972 469.3793 8.8400 116.1103 -0.0014 0.4908 -0.0053 0.8713
71.8010 470.1459 8.8401 116.5883 -0.0022 0.4906 -0.0058 0.8714
71.9047 470.9593 8.8254 117.0901 -0.0033 0.4904 -0.0048 0.8715
72.0085 471.7470 8.8239 117.5756 -0.0043 0.4903 -0.0041 0.8715
72.1122 472.5809 8.8028 118.0613 -0.0036 0.4900 -0.0035 0.8717
72.2160 473.3704 8.7962 118.5763 -0.0027 0.4898 -0.0030 0.8718
72.3197 474.2262 8.7782 119.0842 -0.0017 0.4893 -0.0018 0.8721
72.4235 475.0574 8.7676 119.6014 -0.0016 0.4889 -0.0015 0.8723
72.5272 475.9047 8.7541 120.1385 -0.0014 0.4886 -0.0009 0.8725
72.6309 476.7649 8.7462 120.6689 -0.0012 0.4881 -0.0005 0.8728
72.7347 477.6339 8.7278 121.1966 -0.0011 0.4879 -0.0007 0.8729
72.8385 478.5123 8.7141 121.7435 -0.0009 0.4877 -0.0015 0.8730
72.9422 479.3668 8.7098 122.2887 -0.0012 0.4873 -0.0017 0.8732
73.0460 480.2886 8.6797 122.8669 -0.0016 0.4877 -0.0012 0.8730
73.1497 481.1612 8.6819 123.4119 -0.0029 0.4880 -0.0027 0.8728
73.2535 482.0576 8.6729 123.9892 -0.0030 0.4889 -0.0044 0.8723
73.3572 482.9790 8.6430 124.5696 -0.0026 0.4910 -0.0062 0.8712
73.4611 483.8948 8.6250 125.1272 -0.0028 0.4940 -0.0084 0.8694
73.5649 484.8454 8.6016 125.6923 -0.0036 0.4986 -0.0118 0.8667
73.6688 485.7636 8.5847 126.2367 -0.0038 0.5042 -0.0143 0.8635
73.7727 486.7263 8.5573 126.7735 -0.0047 0.5108 -0.0158 0.8595
73.8767 487.7116 8.5190 127.2833 -0.0060 0.5181 -0.0162 0.8551
73.9806 488.6705 8.5042 127.7700 -0.0082 0.5255 -0.0163 0.8506
74.0845 489.6629 8.4832 128.2737 -0.0090 0.5331 -0.0171 0.8458
74.1885 490.6909 8.4419 128.7458 -0.0080 0.5410 -0.0179 0.8408
74.2923 491.6695 8.4165 129.1899 -0.0072 0.5490 -0.0197 0.8356
74.3962 492.6995 8.3812 129.6442 -0.0069 0.5578 -0.0202 0.8297
74.5001 493.7131 8.3680 130.0422 -0.0077 0.5669 -0.0205 0.8235
74.6038 494.7819 8.3385 130.4121 -0.0078 0.5766 -0.0198 0.8168
74.7078 495.8328 8.2853 130.7701 -0.0068 0.5868 -0.0209 0.8094
74.8117 496.8536 8.2611 131.1003 -0.0059 0.5973 -0.0243 0.8016
74.9155 497.9468 8.1905 131.4026 -0.0037 0.6084 -0.0257 0.7932
75.0193 499.0010 8.1848 131.6689 -0.0041 0.6198 -0.0305 0.7841
75.1233 500.0747 8.0859 131.9089 -0.0019 0.6319 -0.0301 0.7744
75.2271 501.2133 8.0559 132.1099 -0.0023 0.6436 -0.0332 0.7646
75.3310 502.2957 7.9824 132.2765 -0.0001 0.6546 -0.0336 0.7552
75.4348 503.4127 7.9039 132.4169 0.0029 0.6653 -0.0346 0.7458
75.5386 504.4989 7.8256 132.5248 0.0053 0.6749 -0.0347 0.7371
75.6422 505.6141 7.7366 132.5967 0.0068 0.6838 -0.0342 0.7288
75.7459 506.7478 7.6541 132.6770 0.0077 0.6923 -0.0340 0.7208
75.8496 507.8476 7.5811 132.6910 0.0081 0.7001 -0.0351 0.7132
75.9533 508.9449 7.4951 132.7000 0.0089 0.7079 -0.0366 0.7053
76.0570 510.0856 7.3959 132.6887 0.0095 0.7154 -0.0365 0.6977
76.1606 511.2292 7.3089 132.6241 0.0103 0.7216 -0.0341 0.6914
76.2642 512.3727 7.2140 132.5593 0.0118 0.7264 -0.0318 0.6865
76.3677 513.5055 7.1173 132.4925 0.0150 0.7295 -0.0303 0.6832
76.4713 514.6188 7.0212 132.4117 0.0164 0.7314 -0.0309 0.6811
76.5750 515.7640 6.9299 132.3209 0.0167 0.7330 -0.0311 0.6793
76.6786 516.8798 6.8434 132.2469 0.0168 0.7341 -0.0313 0.6781
76.7822 518.0110 6.7491 132.1655 0.0169 0.7354 -0.0323 0.6767
76.8859 519.1616 6.6445 132.0891 0.0184 0.7365 -0.0331 0.6754
76.9896 520.3175 6.5449 131.9741 0.0194 0.7375 -0.0337 0.6742
77.0932 521.5026 6.4241 131.8612 0.0195 0.7386 -0.0333 0.6730
77.1970 522.6874 6.3272 131.7487 0.0191 0.7398 -0.0317 0.6718
77.3006 523.8635 6.2466 131.6721 0.0179 0.7406 -0.0304 0.6711
77.4042 525.0605 6.1471 131.5557 0.0175 0.7410 -0.0316 0.6705
77.5078 526.2792 6.0403 131.4542 0.0185 0.7412 -0.0335 0.6702
77.6116 527.4698 5.9210 131.3385 0.0192 0.7409 -0.0348 0.6704
77.7152 528.6995 5.8152 131.2238 0.0201 0.7411 -0.0340 0.6702
77.8190 529.9179 5.7066 131.1150 0.0196 0.7408 -0.0344 0.6705
77.9227 531.1812 5.5981 130.9911 0.0193 0.7409 -0.0351 0.6704
78.0263 532.4282 5.4872 130.8875 0.0186 0.7412 -0.0364 0.6700
78.1301 533.6847 5.3720 130.7535 0.0184 0.7419 -0.0358 0.6693
78.2338 534.9366 5.2547 130.6396 0.0180 0.7427 -0.0357 0.6684
78.3375 536.2115 5.1356 130.5148 0.0183 0.7436 -0.0356 0.6675
78.4412 537.4743 5.0193 130.3732 0.0186 0.7443 -0.0359 0.6667
78.5448 538.7660 4.9145 130.2488 0.0184 0.7455 -0.0359 0.6653
78.6486 540.0507 4.7841 130.1159 0.0183 0.7466 -0.0358 0.6640
78.7523 541.3380 4.6775 129.9706 0.0175 0.7477 -0.0360 0.6628
78.8560 542.6473 4.5540 129.8079 0.0170 0.7491 -0.0357 0.6613
78.9597 543.9668 4.4365 129.6511 0.0163 0.7501 -0.0360 0.6602
79.0633 545.2803 4.3241 129.4901 0.0161 0.7511 -0.0367 0.6589
79.1671 546.6024 4.2031 129.3194 0.0163 0.7521 -0.0366 0.6579
79.2708 547.9192 4.0871 129.1450 0.0166 0.7529 -0.0364 0.6570
79.3745 549.2782 3.9527 128.9795 0.0168 0.7537 -0.0371 0.6559
79.4782 550.6354 3.8316 128.7911 0.0168 0.7548 -0.0374 0.6547
79.5820 551.9629 3.7119 128.6043 0.0167 0.7558 -0.0374 0.6535
79.6857 553.3057 3.5928 128.4282 0.0166 0.7571 -0.0374 0.6520
79.7895 554.6955 3.4562 128.2065 0.0165 0.7582 -0.0374 0.6507
79.8932 556.0838 3.3294 127.9900 0.0163 0.7595 -0.0375 0.6492
79.9970 557.4908 3.1956 127.7952 0.0168 0.7607 -0.0373 0.6478
80.1006 558.8896 3.0748 127.5635 0.0170 0.7614 -0.0375 0.6470
80.2043 560.2780 2.9394 127.3472 0.0176 0.7622 -0.0374 0.6460
80.3080 561.7038 2.8044 127.1089 0.0176 0.7628 -0.0375 0.6453
80.4117 563.0986 2.6758 126.8812 0.0174 0.7633 -0.0376 0.6447
80.5153 564.5502 2.5389 126.6559 0.0183 0.7638 -0.0370 0.6442
80.6191 565.9766 2.4040 126.4160 0.0187 0.7643 -0.0371 0.6436
80.7227 567.3924 2.2654 126.1776 0.0186 0.7646 -0.0372 0.6432
80.8264 568.8447 2.1371 125.9295 0.0193 0.7649 -0.0359 0.6429
80.9301 570.2707 1.9967 125.6886 0.0190 0.7652 -0.0363 0.6425
81.0338 571.7082 1.8596 125.4468 0.0192 0.7655 -0.0361 0.6421
81.1375 573.2235 1.7168 125.1883 0.0183 0.7660 -0.0360 0.6415
81.2412 574.6896 1.5877 124.9513 0.0182 0.7665 -0.0348 0.6411
81.3449 576.1551 1.4523 124.6884 0.0181 0.7668 -0.0349 0.6407
81.4486 577.6207 1.3130 124.4199 0.0184 0.7667 -0.0355 0.6407
81.5523 579.0820 1.1792 124.1855 0.0194 0.7668 -0.0346 0.6407
81.6561 580.5931 1.0350 123.9194 0.0184 0.7669 -0.0359 0.6405
81.7597 582.0619 0.8931 123.6553 0.0195 0.7668 -0.0346 0.6406
81.8635 583.5638 0.7543 123.4138 0.0191 0.7669 -0.0354 0.6405
81.9671 585.0194 0.6151 123.1554 0.0203 0.7667 -0.0355 0.6407
82.0708 586.4836 0.4627 122.8889 0.0210 0.7664 -0.0355 0.6410
82.1745 587.9932 0.3132 122.6148 0.0214 0.7659 -0.0350 0.6416
82.2782 589.5138 0.1584 122.3555 0.0220 0.7652 -0.0334 0.6425
82.3820 590.9870 0.0218 122.1049 0.0223 0.7646 -0.0326 0.6433
82.4857 592.4538 -0.1259 121.8660 0.0212 0.7644 -0.0332 0.6435
82.5894 593.9612 -0.2677 121.6181 0.0223 0.7641 -0.0320 0.6439
82.6931 595.4328 -0.4097 121.3875 0.0220 0.7638 -0.0325 0.6443
82.7969 596.9015 -0.5545 121.1238 0.0215 0.7637 -0.0329 0.6444
82.9006 598.3498 -0.6921 120.9026 0.0222 0.7635 -0.0321 0.6447
83.0042 599.8758 -0.8446 120.6571 0.0216 0.7632 -0.0327 0.6449
83.1078 601.3465 -0.9782 120.4201 0.0209 0.7630 -0.0329 0.6452
83.2116 602.8564 -1.1277 120.1748 0.0208 0.7630 -0.0325 0.6452
83.3152 604.2936 -1.2625 119.9376 0.0209 0.7629 -0.0313 0.6454
83.4190 605.7866 -1.4011 119.6905 0.0239 0.7627 -0.0281 0.6457
83.5226 607.2660 -1.5338 119.4426 0.0252 0.7621 -0.0283 0.6463
83.6262 608.7573 -1.6901 119.2087 0.0256 0.7621 -0.0298 0.6463
83.7300 610.2025 -1.8325 118.9731 0.0247 0.7619 -0.0308 0.6465
83.8336 611.6973 -1.9714 118.7352 0.0236 0.7616 -0.0308 0.6469
83.9373 613.1777 -2.1102 118.5067 0.0232 0.7612 -0.0310 0.6473
84.0410 614.6549 -2.2434 118.2881 0.0226 0.7609 -0.0317 0.6477
84.1447 616.1335 -2.3892 118.0564 0.0216 0.7607 -0.0326 0.6479
84.2484 617.6183 -2.5296 117.8301 0.0208 0.7606 -0.0330 0.6480
84.3521 619.0884 -2.6647 117.6089 0.0203 0.7605 -0.0328 0.6482
84.4557 620.5624 -2.8130 117.3697 0.0208 0.7605 -0.0325 0.6482
84.5594 622.0236 -2.9451 117.1539 0.0214 0.7607 -0.0324 0.6480
84.6630 623.5240 -3.0957 116.9025 0.0218 0.7605 -0.0318 0.6481
84.7667 624.9805 -3.2293 116.6851 0.0222 0.7603 -0.0303 0.6485
84.8703 626.4400 -3.3640 116.4510 0.0228 0.7596 -0.0306 0.6493
84.9740 627.8868 -3.5209 116.2324 0.0230 0.7592 -0.0331 0.6496
85.0777 629.3353 -3.6598 116.0222 0.0217 0.7590 -0.0338 0.6499
85.1813 630.7835 -3.8086 115.8167 0.0202 0.7585 -0.0342 0.6504
85.2851 632.2329 -3.9512 115.6102 0.0192 0.7583 -0.0337 0.6507
85.3887 633.6235 -4.0863 115.3979 0.0191 0.7582 -0.0318 0.6510
85.4925 635.0629 -4.2201 115.1774 0.0194 0.7581 -0.0308 0.6511
85.5961 636.4843 -4.3602 114.9868 0.0196 0.7582 -0.0304 0.6510
85.6997 637.8704 -4.4888 114.7916 0.0195 0.7585 -0.0311 0.6507
85.8034 639.2600 -4.6173 114.5849 0.0194 0.7587 -0.0309 0.6504
85.9071 640.6325 -4.7506 114.3825 0.0189 0.7590 -0.0311 0.6501
86.0108 642.0047 -4.8816 114.1843 0.0184 0.7591 -0.0314 0.6500
86.1145 643.3541 -5.0146 113.9912 0.0182 0.7594 -0.0312 0.6496
86.2182 644.6565 -5.1327 113.7880 0.0169 0.7598 -0.0303 0.6492
86.3218 645.9595 -5.2543 113.5888 0.0157 0.7600 -0.0292 0.6490
86.4256 647.2265 -5.3642 113.4045 0.0160 0.7603 -0.0296 0.6487
86.5292 648.4309 -5.4945 113.2270 0.0178 0.7604 -0.0310 0.6484
86.6330 649.6606 -5.6070 113.0487 0.0180 0.7605 -0.0313 0.6483
86.7367 650.8501 -5.7344 112.8575 0.0181 0.7604 -0.0301 0.6485
86.8403 651.9992 -5.8340 112.6819 0.0176 0.7599 -0.0291 0.6491
86.9441 653.0923 -5.9463 112.5145 0.0170 0.7595 -0.0290 0.6496
87.0477 654.1902 -6.0487 112.3423 0.0161 0.7589 -0.0292 0.6504
87.1514 655.2367 -6.1536 112.1776 0.0156 0.7581 -0.0277 0.6514
87.2550 656.2507 -6.2450 112.0423 0.0146 0.7575 -0.0260 0.6522
87.3587 657.2252 -6.3126 111.9086 0.0134 0.7571 -0.0262 0.6526
87.4625 658.1587 -6.4194 111.7749 0.0139 0.7569 -0.0261 0.6528
87.5662 659.0463 -6.4963 111.6640 0.0147 0.7567 -0.0268 0.6531
87.6699 659.8890 -6.5725 111.5449 0.0150 0.7566 -0.0269 0.6532
87.7736 660.6798 -6.6526 111.4279 0.0141 0.7565 -0.0277 0.6532
87.8773 661.4564 -6.7163 111.3268 0.0131 0.7574 -0.0287 0.6522
87.9812 662.1700 -6.7847 111.2240 0.0117 0.7603 -0.0301 0.6488
88.0852 662.8503 -6.8445 111.1229 0.0105 0.7658 -0.0317 0.6422
88.1892 663.4978 -6.9006 110.9906 0.0093 0.7731 -0.0333 0.6333
88.2933 664.1161 -6.9609 110.8383 0.0093 0.7821 -0.0346 0.6222
88.3975 664.7203 -7.0229 110.6698 0.0106 0.7925 -0.0355 0.6088
88.5016 665.2849 -7.0985 110.4878 0.0124 0.8041 -0.0353 0.5933
88.6058 665.8457 -7.1451 110.2575 0.0130 0.8171 -0.0353 0.5752
88.7101 666.3831 -7.2008 110.0193 0.0132 0.8315 -0.0351 0.5543
88.8143 666.8904 -7.2641 109.7355 0.0128 0.8457 -0.0343 0.5324
88.9186 667.3797 -7.2959 109.4407 0.0128 0.8600 -0.0340 0.5090
89.0228 667.8436 -7.3532 109.1435 0.0135 0.8750 -0.0339 0.4827
89.1271 668.2701 -7.4345 108.7404 0.0144 0.8896 -0.0348 0.4553
89.2313 668.6582 -7.4690 108.4148 0.0152 0.9039 -0.0364 0.4259
89.3356 669.0129 -7.5217 107.9972 0.0163 0.9172 -0.0385 0.3962
89.4396 669.3445 -7.5665 107.6226 0.0199 0.9296 -0.0394 0.3658
89.5437 669.6194 -7.6599 107.2045 0.0240 0.9409 -0.0380 0.3356
89.6478 669.9139 -7.7030 106.7178 0.0247 0.9512 -0.0378 0.3052
89.7518 670.1333 -7.7305 106.3054 0.0246 0.9607 -0.0378 0.2739
89.8558 670.3610 -7.7718 105.8050 0.0252 0.9690 -0.0376 0.2429
89.9597 670.5213 -7.8391 105.3283 0.0281 0.9764 -0.0366 0.2108
90.0637 670.6581 -7.8942 104.8571 0.0315 0.9825 -0.0376 0.1796
90.1676 670.7585 -7.9395 104.3143 0.0327 0.9877 -0.0408 0.1471
90.2715 670.8726 -7.9934 103.8217 0.0330 0.9919 -0.0442 0.1143
90.3755 670.9121 -8.0362 103.2624 0.0336 0.9951 -0.0458 0.0815
90.4793 670.9112 -8.0810 102.7621 0.0337 0.9972 -0.0453 0.0489
90.5831 670.8965 -8.1332 102.2054 0.0346 0.9983 -0.0446 0.0159
90.6870 670.8328 -8.1955 101.6001 0.0348 0.9982 -0.0457 -0.0177
90.7908 670.7337 -8.2414 101.0613 0.0353 0.9969 -0.0478 -0.0514
90.8946 670.6348 -8.3025 100.4760 0.0354 0.9945 -0.0500 -0.0852
90.9985 670.4658 -8.3460 99.9296 0.0356 0.9909 -0.0521 -0.1191
91.1021 670.2403 -8.3977 99.3428 0.0360 0.9864 -0.0539 -0.1513
91.2058 669.9701 -8.4667 98.7789 0.0375 0.9812 -0.0536 -0.1818
91.3095 669.7009 -8.5303 98.2376 0.0381 0.9753 -0.0546 -0.2107
91.4130 669.3871 -8.5876 97.6665 0.0391 0.9691 -0.0550 -0.2374
91.5166 669.0130 -8.6445 97.1092 0.0396 0.9629 -0.0560 -0.2610
91.6202 668.6199 -8.7065 96.5468 0.0402 0.9567 -0.0580 -0.2825
91.7237 668.2294 -8.7607 95.9940 0.0407 0.9511 -0.0589 -0.3003
91.8272 667.7833 -8.8423 95.4540 0.0418 0.9464 -0.0580 -0.3149
91.9306 667.3252 -8.9042 94.8870 0.0420 0.9423 -0.0554 -0.3273
92.0341 666.8565 -8.9652 94.3194 0.0406 0.9388 -0.0529 -0.3380
92.1377 666.3848 -9.0218 93.7427 0.0390 0.9353 -0.0507 -0.3479
92.2412 665.8812 -9.0871 93.1927 0.0377 0.9320 -0.0487 -0.3572
92.3449 665.3352 -9.1524 92.6220 0.0362 0.9286 -0.0460 -0.3665
92.4486 664.7896 -9.2040 92.0619 0.0331 0.9249 -0.0429 -0.3763
92.5522 664.2424 -9.2572 91.5010 0.0295 0.9210 -0.0393 -0.3865
92.6560 663.6704 -9.2973 90.9521 0.0284 0.9167 -0.0353 -0.3970
92.7597 663.0412 -9.3432 90.4096 0.0258 0.9122 -0.0306 -0.4079
92.8635 662.4678 -9.3788 89.8764 0.0230 0.9072 -0.0255 -0.4194
92.9672 661.8259 -9.4057 89.3634 0.0207 0.9018 -0.0230 -0.4311
93.0710 661.1553 -9.4573 88.8623 0.0190 0.8959 -0.0208 -0.4433
93.1747 660.5032 -9.4760 88.3911 0.0201 0.8900 -0.0195 -0.4551
93.2785 659.8168 -9.4949 87.9242 0.0215 0.8838 -0.0171 -0.4671
93.3821 659.0926 -9.5027 87.4715 0.0233 0.8777 -0.0153 -0.4783
93.4858 658.3932 -9.5366 87.0418 0.0258 0.8726 -0.0139 -0.4875
93.5895 657.6398 -9.5524 86.6044 0.0272 0.8681 -0.0124 -0.4955
93.6931 656.9102 -9.5605 86.1733 0.0271 0.8652 -0.0102 -0.5006
93.7967 656.1758 -9.5627 85.7577 0.0285 0.8634 -0.0078 -0.5037
93.9004 655.4316 -9.5591 85.3227 0.0282 0.8625 -0.0047 -0.5052
94.0040 654.6557 -9.5338 84.8779 0.0261 0.8622 -0.0016 -0.5058
94.1076 653.8687 -9.5253 84.4250 0.0239 0.8626 -0.0008 -0.5054
94.2113 653.1040 -9.5448 83.9585 0.0206 0.8631 -0.0022 -0.5046
94.3150 652.3215 -9.5760 83.4965 0.0169 0.8642 -0.0044 -0.5028
94.4186 651.5348 -9.5754 83.0197 0.0147 0.8658 -0.0065 -0.5002
94.5222 650.7133 -9.5864 82.5260 0.0154 0.8671 -0.0079 -0.4979
94.6260 649.9245 -9.5705 82.0357 0.0171 0.8685 -0.0082 -0.4953
94.7297 649.1208 -9.5756 81.5469 0.0163 0.8696 -0.0082 -0.4934
94.8335 648.3098 -9.6187 81.0489 0.0129 0.8700 -0.0092 -0.4929
94.9372 647.4591 -9.6680 80.5361 0.0079 0.8702 -0.0096 -0.4926
95.0410 646.6241 -9.6605 79.9962 0.0082 0.8703 -0.0098 -0.4923
95.1447 645.7803 -9.6820 79.4970 0.0091 0.8706 -0.0102 -0.4919
95.2484 644.9348 -9.6883 78.9698 0.0105 0.8709 -0.0097 -0.4913
95.3521 644.0672 -9.7320 78.4513 0.0117 0.8713 -0.0083 -0.4906
95.4559 643.2002 -9.7188 77.9365 0.0141 0.8720 -0.0081 -0.4892
95.5595 642.3329 -9.7633 77.3811 0.0128 0.8729 -0.0069 -0.4876
95.6631 641.4616 -9.7853 76.8453 0.0131 0.8737 -0.0071 -0.4863
95.7669 640.6197 -9.8006 76.2927 0.0128 0.8747 -0.0065 -0.4844
95.8705 639.7487 -9.8037 75.7407 0.0169 0.8757 -0.0082 -0.4825
95.9742 638.9255 -9.8370 75.2023 0.0150 0.8769 -0.0074 -0.4803
96.0779 638.0789 -9.8625 74.6569 0.0154 0.8779 -0.0087 -0.4784
96.1816 637.2553 -9.8869 74.1087 0.0136 0.8787 -0.0081 -0.4771
96.2853 636.4071 -9.8900 73.5350 0.0155 0.8793 -0.0081 -0.4760
96.3891 635.5659 -9.8966 72.9819 0.0163 0.8796 -0.0078 -0.4754
96.4929 634.7539 -9.9337 72.4061 0.0149 0.8801 -0.0078 -0.4746
96.5966 633.9384 -9.9779 71.8934 0.0134 0.8804 -0.0079 -0.4740
96.7004 633.1382 -9.9873 71.3539 0.0137 0.8804 -0.0077 -0.4739
96.8040 632.3262 -9.9836 70.7926 0.0154 0.8802 -0.0066 -0.4743
96.9077 631.5197 -10.0175 70.2571 0.0150 0.8804 -0.0057 -0.4740
97.0115 630.7308 -10.0422 69.7513 0.0131 0.8804 -0.0058 -0.4739
97.1151 629.9638 -10.0600 69.2332 0.0142 0.8806 -0.0070 -0.4735
97.2189 629.1980 -10.0827 68.7268 0.0148 0.8811 -0.0071 -0.4727
97.3225 628.4307 -10.0932 68.2102 0.0150 0.8815 -0.0074 -0.4719
97.4262 627.6796 -10.1383 67.6995 0.0135 0.8822 -0.0074 -0.4706
97.5300 626.9356 -10.1415 67.1722 0.0143 0.8829 -0.0074 -0.4693
97.6337 626.2103 -10.1690 66.6696 0.0143 0.8834 -0.0055 -0.4683
97.7375 625.5029 -10.1860 66.1753 0.0156 0.8843 -0.0056 -0.4666
97.8412 624.7992 -10.2059 65.6854 0.0135 0.8849 -0.0065 -0.4656
97.9451 624.1283 -10.2194 65.1941 0.0134 0.8854 -0.0069 -0.4645
98.0487 623.4555 -10.2427 64.7202 0.0122 0.8858 -0.0061 -0.4638
98.1525 622.7797 -10.2732 64.2532 0.0128 0.8861 -0.0060 -0.4633
98.2562 622.1512 -10.2793 63.8118 0.0117 0.8863 -0.0057 -0.4629
98.3600 621.5430 -10.2950 63.3549 0.0107 0.8865 -0.0057 -0.4625
98.4637 620.9394 -10.3203 62.9416 0.0118 0.8869 -0.0049 -0.4618
98.5675 620.3688 -10.3407 62.5335 0.0133 0.8874 -0.0041 -0.4608
98.6712 619.7960 -10.3507 62.1364 0.0137 0.8878 -0.0026 -0.4600
98.7749 619.2864 -10.3619 61.7467 0.0135 0.8883 -0.0018 -0.4591
98.8786 618.7903 -10.3732 61.3773 0.0133 0.8888 -0.0016 -0.4581
98.9823 618.3128 -10.3816 61.0391 0.0135 0.8893 -0.0017 -0.4571
99.0861 617.8705 -10.3935 60.7216 0.0130 0.8897 -0.0024 -0.4564
99.1897 617.4289 -10.4151 60.3988 0.0130 0.8899 -0.0030 -0.4560
99.2935 617.0311 -10.4150 60.1119 0.0137 0.8901 -0.0033 -0.4555
99.3972 616.6681 -10.4267 59.8369 0.0136 0.8903 -0.0045 -0.4552
99.5008 616.3280 -10.4400 59.5621 0.0127 0.8903 -0.0047 -0.4552
99.6046 615.9962 -10.4487 59.2991 0.0127 0.8903 -0.0042 -0.4552
99.7083 615.6944 -10.4629 59.0923 0.0127 0.8906 -0.0037 -0.4546
99.8120 615.4267 -10.4762 58.9079 0.0150 0.8909 -0.0049 -0.4540
99.9157 615.1617 -10.4824 58.7285 0.0150 0.8908 -0.0053 -0.4540
100.0193 614.9191 -10.4862 58.5317 0.0142 0.8910 -0.0055 -0.4538
100.1231 614.7318 -10.4950 58.3642 0.0147 0.8914 -0.0058 -0.4530
100.2267 614.5154 -10.5015 58.2200 0.0149 0.8914 -0.0052 -0.4529
100.3305 614.3269 -10.5023 58.0787 0.0151 0.8913 -0.0054 -0.4531
100.4341 614.1523 -10.5062 57.9374 0.0142 0.8914 -0.0066 -0.4529
100.5379 613.9893 -10.5111 57.8389 0.0140 0.8916 -0.0084 -0.4525
100.6415 613.8200 -10.5336 57.7053 0.0145 0.8915 -0.0093 -0.4527
100.7452 613.6487 -10.5478 57.5942 0.0153 0.8914 -0.0096 -0.4529
100.8489 613.4791 -10.5430 57.4611 0.0153 0.8915 -0.0094 -0.4526
100.9526 613.3201 -10.5447 57.3510 0.0152 0.8916 -0.0091 -0.4525
101.0562 613.1706 -10.5458 57.2396 0.0149 0.8915 -0.0092 -0.4527
101.1600 612.9824 -10.5483 57.0863 0.0140 0.8914 -0.0097 -0.4528
101.2636 612.8183 -10.5505 56.9728 0.0138 0.8915 -0.0098 -0.4527
101.3674 612.6524 -10.5576 56.8566 0.0140 0.8914 -0.0094 -0.4529
101.4710 612.4887 -10.5686 56.7281 0.0144 0.8914 -0.0092 -0.4528
101.5747 612.3438 -10.5779 56.6096 0.0146 0.8916 -0.0091 -0.4525
101.6784 612.1930 -10.5806 56.5085 0.0150 0.8916 -0.0091 -0.4525
101.7821 612.0188 -10.5749 56.3882 0.0146 0.8915 -0.0092 -0.4527
101.8859 611.8595 -10.5738 56.2680 0.0143 0.8915 -0.0092 -0.4526
101.9896 611.7501 -10.5759 56.1809 0.0150 0.8916 -0.0093 -0.4524
102.0932 611.5906 -10.5984 56.0599 0.0158 0.8916 -0.0092 -0.4525
102.1970 611.4658 -10.5987 55.9741 0.0161 0.8915 -0.0091 -0.4527
102.3007 611.3473 -10.6006 55.8833 0.0157 0.8915 -0.0090 -0.4526
102.4045 611.2265 -10.6021 55.7838 0.0149 0.8916 -0.0091 -0.4525
102.5083 611.0899 -10.6036 55.6922 0.0143 0.8916 -0.0092 -0.4526
102.6119 610.9746 -10.6025 55.6024 0.0149 0.8916 -0.0097 -0.4525
102.7156 610.8445 -10.6143 55.5350 0.0154 0.8914 -0.0101 -0.4528
102.8194 610.7449 -10.6152 55.4467 0.0157 0.8914 -0.0100 -0.4528
102.9230 610.6224 -10.6222 55.3706 0.0158 0.8915 -0.0091 -0.4527
103.0267 610.5252 -10.6175 55.2662 0.0138 0.8916 -0.0066 -0.4526
103.1305 610.4273 -10.6183 55.2156 0.0130 0.8915 -0.0064 -0.4528
103.2341 610.3053 -10.6384 55.1101 0.0130 0.8914 -0.0080 -0.4530
103.3379 610.2113 -10.6415 55.0354 0.0131 0.8916 -0.0087 -0.4526
103.4415 610.1384 -10.6404 54.9856 0.0134 0.8915 -0.0086 -0.4527
103.5452 610.0060 -10.6443 54.8999 0.0133 0.8916 -0.0088 -0.4525
103.6490 609.8849 -10.6361 54.7923 0.0131 0.8916 -0.0091 -0.4525
103.7526 609.7777 -10.6503 54.7175 0.0125 0.8918 -0.0094 -0.4522
103.8564 609.6582 -10.6520 54.6242 0.0123 0.8920 -0.0113 -0.4517
103.9601 609.5078 -10.6585 54.5162 0.0120 0.8922 -0.0130 -0.4513
104.0637 609.3505 -10.6588 54.3990 0.0121 0.8925 -0.0147 -0.4507
104.1674 609.1594 -10.6726 54.2461 0.0109 0.8932 -0.0152 -0.4493
104.2710 608.9365 -10.6772 54.0786 0.0105 0.8942 -0.0158 -0.4473
104.3746 608.7216 -10.6832 53.8891 0.0107 0.8953 -0.0168 -0.4450
104.4782 608.4537 -10.6885 53.6935 0.0114 0.8966 -0.0179 -0.4423
104.5820 608.2065 -10.6989 53.4929 0.0108 0.8981 -0.0193 -0.4392
104.6857 607.9412 -10.6954 53.2650 0.0105 0.9001 -0.0194 -0.4352
104.7894 607.6267 -10.7213 53.0110 0.0108 0.9021 -0.0202 -0.4309
104.8930 607.3224 -10.7375 52.7563 0.0125 0.9041 -0.0207 -0.4265
104.9967 606.9838 -10.7568 52.4662 0.0136 0.9064 -0.0201 -0.4218
105.1005 606.6523 -10.7772 52.1483 0.0148 0.9084 -0.0191 -0.4175
105.2041 606.3058 -10.7853 51.8235 0.0136 0.9108 -0.0200 -0.4122
105.3077 605.9299 -10.8045 51.4791 0.0124 0.9129 -0.0203 -0.4076
105.4115 605.5259 -10.8195 51.1158 0.0155 0.9147 -0.0189 -0.4033
105.5153 605.1335 -10.8455 50.7567 0.0169 0.9167 -0.0175 -0.3989
105.6189 604.7301 -10.8547 50.3591 0.0177 0.9185 -0.0165 -0.3948
105.7226 604.3157 -10.8645 49.9223 0.0164 0.9200 -0.0143 -0.3914
105.8265 603.9025 -10.8861 49.4907 0.0171 0.9212 -0.0123 -0.3886
105.9302 603.4445 -10.9054 49.0315 0.0139 0.9222 -0.0110 -0.3864
106.0341 603.0085 -10.9074 48.5725 0.0126 0.9225 -0.0099 -0.3856
106.1379 602.5589 -10.9066 48.0913 0.0115 0.9228 -0.0081 -0.3851
106.2417 602.0789 -10.9298 47.6256 0.0124 0.9233 -0.0082 -0.3838
106.3455 601.5697 -10.9282 47.1309 0.0119 0.9237 -0.0082 -0.3828
106.4492 601.0574 -10.9674 46.5850 0.0122 0.9238 -0.0083 -0.3825
106.5530 600.5773 -10.9844 46.0805 0.0087 0.9245 -0.0104 -0.3809
106.6568 600.0335 -10.9821 45.5017 0.0050 0.9247 -0.0121 -0.3805
106.7605 599.4732 -11.0192 44.9371 0.0027 0.9250 -0.0141 -0.3797
106.8642 598.9464 -11.0482 44.4075 0.0052 0.9253 -0.0150 -0.3790
106.9680 598.3670 -11.0794 43.8178 0.0069 0.9255 -0.0138 -0.3785
107.0718 597.8089 -11.1081 43.2085 0.0056 0.9257 -0.0123 -0.3780
107.1755 597.2227 -11.1173 42.6055 0.0063 0.9261 -0.0116 -0.3770
107.2791 596.6280 -11.1267 41.9867 0.0052 0.9266 -0.0112 -0.3758
107.3829 596.0279 -11.1622 41.3409 0.0061 0.9271 -0.0106 -0.3746
107.4865 595.4186 -11.1887 40.6958 0.0082 0.9278 -0.0104 -0.3728
107.5902 594.7848 -11.2047 40.0341 0.0086 0.9288 -0.0107 -0.3703
107.6939 594.1640 -11.2413 39.3579 0.0093 0.9299 -0.0100 -0.3676
107.7976 593.5328 -11.2604 38.6786 0.0103 0.9309 -0.0093 -0.3650
107.9012 592.9108 -11.2888 37.9803 0.0108 0.9318 -0.0094 -0.3626
108.0050 592.3065 -11.2933 37.3115 0.0103 0.9325 -0.0105 -0.3608
108.1087 591.7043 -11.3450 36.6286 0.0106 0.9330 -0.0119 -0.3596
108.2125 591.0806 -11.3631 35.9346 0.0084 0.9333 -0.0127 -0.3588
108.3162 590.4957 -11.4048 35.2686 0.0088 0.9331 -0.0139 -0.3594
108.4200 589.8792 -11.4451 34.5755 0.0078 0.9330 -0.0137 -0.3596
108.5237 589.2689 -11.4722 33.8882 0.0065 0.9327 -0.0136 -0.3605
108.6275 588.6471 -11.5083 33.2059 0.0068 0.9324 -0.0130 -0.3611
108.7312 588.0231 -11.5311 32.5367 0.0072 0.9320 -0.0131 -0.3622
108.8351 587.4070 -11.5757 31.8576 0.0078 0.9316 -0.0131 -0.3631
108.9389 586.7987 -11.6147 31.1618 0.0075 0.9311 -0.0136 -0.3644
109.0426 586.1614 -11.6545 30.4763 0.0076 0.9306 -0.0148 -0.3656
109.1464 585.5043 -11.6826 29.7897 0.0075 0.9301 -0.0149 -0.3669
109.2501 584.8924 -11.7218 29.1079 0.0077 0.9295 -0.0149 -0.3684
109.3539 584.2426 -11.7617 28.4122 0.0074 0.9291 -0.0146 -0.3695
109.4576 583.5939 -11.8032 27.7089 0.0076 0.9284 -0.0152 -0.3711
109.5612 582.9456 -11.8371 27.0600 0.0076 0.9281 -0.0158 -0.3718
109.6650 582.3072 -11.8845 26.3755 0.0074 0.9277 -0.0169 -0.3729
109.7687 581.6323 -11.9160 25.6694 0.0072 0.9274 -0.0168 -0.3736
109.8724 580.9893 -11.9644 24.9726 0.0072 0.9273 -0.0167 -0.3739
109.9761 580.3314 -11.9918 24.2647 0.0073 0.9272 -0.0162 -0.3741
110.0797 579.6476 -12.0369 23.5679 0.0071 0.9272 -0.0162 -0.3742
110.1835 578.9833 -12.0842 22.8672 0.0069 0.9273 -0.0167 -0.3740
110.2872 578.3285 -12.1293 22.1776 0.0065 0.9274 -0.0168 -0.3736
110.3909 577.6642 -12.1731 21.4596 0.0066 0.9277 -0.0167 -0.3728
110.4946 577.0009 -12.2193 20.7699 0.0066 0.9280 -0.0166 -0.3722
110.5982 576.3336 -12.2445 20.0786 0.0056 0.9284 -0.0174 -0.3712
110.7020 575.6514 -12.3086 19.3373 0.0046 0.9286 -0.0188 -0.3706
110.8056 574.9976 -12.3484 18.6312 0.0038 0.9289 -0.0190 -0.3698
110.9092 574.3290 -12.4012 17.8891 0.0048 0.9293 -0.0185 -0.3689
111.0129 573.6689 -12.4416 17.1915 0.0050 0.9299 -0.0164 -0.3673
111.1166 573.0379 -12.4755 16.4911 0.0050 0.9303 -0.0155 -0.3664
111.2202 572.3799 -12.5332 15.7757 0.0058 0.9307 -0.0160 -0.3655
111.3240 571.7294 -12.5733 15.0592 0.0056 0.9311 -0.0162 -0.3645
111.4276 571.1134 -12.6214 14.3876 0.0061 0.9315 -0.0168 -0.3633
111.5314 570.4593 -12.6688 13.6525 0.0070 0.9318 -0.0178 -0.3624
111.6350 569.8267 -12.7163 12.9513 0.0056 0.9321 -0.0181 -0.3617
111.7387 569.1819 -12.7696 12.2470 0.0047 0.9325 -0.0191 -0.3606
111.8424 568.5493 -12.8160 11.5410 0.0043 0.9330 -0.0186 -0.3594
111.9461 567.9337 -12.8530 10.8386 0.0049 0.9333 -0.0164 -0.3588
112.0497 567.3098 -12.8851 10.1393 0.0046 0.9334 -0.0146 -0.3584
112.1535 566.7303 -12.9463 9.4612 0.0043 0.9335 -0.0143 -0.3584
112.2571 566.1154 -12.9961 8.7841 0.0027 0.9334 -0.0151 -0.3586
112.3609 565.5023 -13.0326 8.0813 0.0020 0.9329 -0.0162 -0.3596
112.4646 564.9120 -13.0893 7.4160 0.0033 0.9325 -0.0176 -0.3607
112.5682 564.2778 -13.1234 6.7370 0.0052 0.9321 -0.0182 -0.3617
112.6720 563.6627 -13.1782 6.0671 0.0062 0.9317 -0.0190 -0.3626
112.7756 563.0663 -13.2157 5.4136 0.0076 0.9313 -0.0196 -0.3637
112.8794 562.4755 -13.2609 4.7950 0.0083 0.9310 -0.0198 -0.3645
112.9830 561.8814 -13.3162 4.1293 0.0079 0.9304 -0.0205 -0.3658
113.0867 561.3380 -13.3475 3.5389 0.0066 0.9299 -0.0221 -0.3671
113.1905 560.7784 -13.4258 2.9036 0.0034 0.9295 -0.0251 -0.3680
113.2941 560.2271 -13.4916 2.2994 0.0004 0.9291 -0.0276 -0.3689
113.3978 559.6666 -13.5419 1.6981 -0.0001 0.9287 -0.0284 -0.3697
113.5015 559.1350 -13.6062 1.1367 -0.0002 0.9285 -0.0272 -0.3704
113.6052 558.6363 -13.6354 0.6169 0.0039 0.9283 -0.0268 -0.3708
113.7090 558.1516 -13.7126 0.0923 0.0040 0.9282 -0.0265 -0.3712
113.8126 557.6739 -13.7261 -0.4140 0.0059 0.9281 -0.0285 -0.3712
113.9164 557.2121 -13.8197 -0.8804 0.0048 0.9279 -0.0305 -0.3715
114.0201 556.8013 -13.8724 -1.3187 0.0039 0.9279 -0.0319 -0.3713
114.1239 556.3532 -13.9128 -1.8120 0.0049 0.9280 -0.0323 -0.3713
114.2276 555.9586 -13.9500 -2.2298 0.0043 0.9280 -0.0315 -0.3711
114.3314 555.5720 -13.9987 -2.6308 0.0037 0.9282 -0.0309 -0.3709
114.4350 555.2329 -14.0335 -2.9914 0.0044 0.9282 -0.0319 -0.3708
114.5387 554.8643 -14.0944 -3.3880 0.0015 0.9280 -0.0329 -0.3712
114.6425 554.5091 -14.1223 -3.7836 -0.0007 0.9279 -0.0330 -0.3715
114.7463 554.1938 -14.1641 -4.1299 -0.0009 0.9280 -0.0329 -0.3712
114.8500 553.8394 -14.2060 -4.5025 -0.0003 0.9279 -0.0322 -0.3713
114.9538 553.5151 -14.2497 -4.8300 0.0011 0.9280 -0.0314 -0.3713
115.0574 553.2016 -14.2931 -5.1938 -0.0007 0.9278 -0.0305 -0.3718
115.1611 552.8753 -14.3255 -5.5370 -0.0020 0.9277 -0.0301 -0.3722
115.2649 552.5899 -14.3608 -5.8356 -0.0022 0.9276 -0.0301 -0.3724
115.3686 552.2735 -14.4093 -6.1582 0.0001 0.9275 -0.0307 -0.3726
115.4724 551.9752 -14.4311 -6.4642 0.0004 0.9274 -0.0311 -0.3727
115.5761 551.6821 -14.4642 -6.7640 0.0007 0.9274 -0.0314 -0.3728
115.6797 551.4082 -14.4966 -7.0453 0.0009 0.9274 -0.0316 -0.3728
115.7835 551.1504 -14.5220 -7.3193 0.0009 0.9274 -0.0319 -0.3728
115.8871 550.8822 -14.5566 -7.5972 0.0013 0.9274 -0.0324 -0.3726
115.9909 550.6236 -14.5823 -7.8629 0.0012 0.9275 -0.0328 -0.3725
116.0946 550.3875 -14.6137 -8.1275 0.0009 0.9276 -0.0337 -0.3721
116.1983 550.1645 -14.6447 -8.3614 0.0004 0.9277 -0.0351 -0.3718
116.3020 549.9255 -14.6886 -8.6047 0.0020 0.9278 -0.0376 -0.3711
116.4056 549.7239 -14.7174 -8.8198 0.0040 0.9281 -0.0392 -0.3702
116.5094 549.5028 -14.7445 -9.0530 0.0042 0.9286 -0.0397 -0.3689
116.6133 549.2984 -14.7636 -9.2760 0.0041 0.9292 -0.0403 -0.3673
116.7167 549.1141 -14.7835 -9.4886 0.0035 0.9298 -0.0406 -0.3659
116.8205 548.9374 -14.8070 -9.6755 0.0010 0.9302 -0.0404 -0.3647
116.9242 548.7827 -14.8362 -9.8625 -0.0009 0.9307 -0.0396 -0.3637
117.0280 548.6210 -14.8534 -10.0385 -0.0012 0.9312 -0.0395 -0.3625
117.1316 548.4657 -14.8855 -10.2109 0.0004 0.9316 -0.0403 -0.3612
117.2354 548.3454 -14.9113 -10.3515 0.0007 0.9320 -0.0402 -0.3601
117.3391 548.2205 -14.9259 -10.4824 0.0007 0.9323 -0.0405 -0.3593
117.4429 548.0954 -14.9436 -10.6346 0.0003 0.9323 -0.0413 -0.3592
117.5467 547.9819 -14.9556 -10.7633 -0.0003 0.9322 -0.0423 -0.3593
117.6504 547.8665 -14.9768 -10.8836 -0.0009 0.9321 -0.0430 -0.3597
117.7540 547.7655 -14.9896 -10.9810 -0.0010 0.9319 -0.0433 -0.3600
117.8577 547.6766 -14.9981 -11.0868 -0.0012 0.9318 -0.0439 -0.3602
117.9615 547.5794 -15.0189 -11.2074 -0.0013 0.9318 -0.0445 -0.3602
118.0651 547.5248 -15.0261 -11.2643 -0.0015 0.9321 -0.0446 -0.3595
118.1689 547.4457 -15.0413 -11.3520 -0.0014 0.9321 -0.0446 -0.3594
118.2725 547.3600 -15.0531 -11.4465 -0.0016 0.9321 -0.0449 -0.3593
118.3763 547.2847 -15.0707 -11.5390 -0.0019 0.9322 -0.0453 -0.3592
118.4799 547.2399 -15.0740 -11.5935 -0.0024 0.9324 -0.0455 -0.3586
118.5836 547.1821 -15.0846 -11.6591 -0.0027 0.9325 -0.0455 -0.3582
118.6872 547.1261 -15.0960 -11.7263 -0.0026 0.9325 -0.0456 -0.3584
118.7910 547.0556 -15.1014 -11.7660 -0.0026 0.9326 -0.0458 -0.3580
118.8948 547.0166 -15.1118 -11.8449 -0.0025 0.9326 -0.0459 -0.3579
118.9985 546.9637 -15.1262 -11.9055 -0.0028 0.9327 -0.0463 -0.3578
119.1021 546.9275 -15.1230 -11.9524 -0.0032 0.9327 -0.0464 -0.3577
119.2059 546.8856 -15.1317 -11.9867 -0.0031 0.9328 -0.0466 -0.3574
119.3096 546.8545 -15.1383 -12.0314 -0.0031 0.9328 -0.0467 -0.3572
119.4132 546.7996 -15.1462 -12.0904 -0.0033 0.9328 -0.0470 -0.3573
119.5170 546.7757 -15.1433 -12.1177 -0.0034 0.9328 -0.0471 -0.3572
119.6207 546.7413 -15.1502 -12.1333 -0.0035 0.9329 -0.0472 -0.3571
119.7244 546.7165 -15.1545 -12.1738 -0.0035 0.9329 -0.0474 -0.3569
119.8281 546.6900 -15.1573 -12.1960 -0.0035 0.9330 -0.0475 -0.3568
119.9319 546.6717 -15.1578 -12.2256 -0.0036 0.9330 -0.0476 -0.3567
120.0355 546.6542 -15.1643 -12.2476 -0.0036 0.9330 -0.0476 -0.3566
120.1392 546.6400 -15.1626 -12.2570 -0.0036 0.9330 -0.0475 -0.3566
120.2429 546.6359 -15.1696 -12.2752 -0.0038 0.9331 -0.0476 -0.3565
120.3466 546.6150 -15.1692 -12.2711 -0.0038 0.9331 -0.0477 -0.3563
120.4502 546.6028 -15.1712 -12.2773 -0.0040 0.9332 -0.0479 -0.3562
120.5540 546.5915 -15.1774 -12.2974 -0.0041 0.9331 -0.0482 -0.3564
120.6576 546.5987 -15.1775 -12.3032 -0.0043 0.9331 -0.0484 -0.3563
120.7614 546.5786 -15.1757 -12.3243 -0.0046 0.9331 -0.0487 -0.3563
120.8650 546.5827 -15.1860 -12.3374 -0.0046 0.9331 -0.0489 -0.3562
120.9686 546.5741 -15.1863 -12.3417 -0.0046 0.9331 -0.0491 -0.3562
121.0724 546.5486 -15.1907 -12.3645 -0.0046 0.9331 -0.0490 -0.3563
121.1760 546.5325 -15.1882 -12.3984 -0.0045 0.9331 -0.0489 -0.3562
121.2797 546.5044 -15.1935 -12.4229 -0.0045 0.9331 -0.0489 -0.3562
121.3834 546.4796 -15.1931 -12.4478 -0.0046 0.9331 -0.0489 -0.3562
121.4871 546.4613 -15.1983 -12.4748 -0.0046 0.9331 -0.0489 -0.3562
121.5909 546.4323 -15.2025 -12.4998 -0.0046 0.9331 -0.0487 -0.3562
121.6945 546.3865 -15.2066 -12.5459 -0.0046 0.9331 -0.0487 -0.3563
121.7982 546.3630 -15.2167 -12.5784 -0.0044 0.9331 -0.0486 -0.3563
121.9020 546.3385 -15.2277 -12.6244 -0.0046 0.9331 -0.0486 -0.3562
122.0056 546.2908 -15.2364 -12.6810 -0.0045 0.9331 -0.0486 -0.3563
122.1094 546.2646 -15.2391 -12.7089 -0.0046 0.9332 -0.0486 -0.3560
122.2131 546.2246 -15.2498 -12.7431 -0.0046 0.9333 -0.0486 -0.3558
122.3168 546.1652 -15.2581 -12.8020 -0.0044 0.9332 -0.0485 -0.3559
122.4205 546.0885 -15.2651 -12.9118 -0.0045 0.9331 -0.0487 -0.3564
122.5243 546.0355 -15.2787 -12.9590 -0.0046 0.9331 -0.0488 -0.3562
122.6280 545.9651 -15.2847 -13.0339 -0.0047 0.9331 -0.0489 -0.3562
122.7316 545.9039 -15.2993 -13.1111 -0.0045 0.9331 -0.0487 -0.3562
122.8352 545.8522 -15.3006 -13.1466 -0.0046 0.9333 -0.0488 -0.3556
122.9390 545.7891 -15.3172 -13.2329 -0.0044 0.9333 -0.0483 -0.3557
123.0426 545.7225 -15.3329 -13.3229 -0.0044 0.9334 -0.0483 -0.3557
123.1462 545.6487 -15.3414 -13.3905 -0.0047 0.9334 -0.0484 -0.3557
123.2500 545.5718 -15.3495 -13.4763 -0.0047 0.9332 -0.0487 -0.3559
123.3536 545.4875 -15.3626 -13.5635 -0.0048 0.9332 -0.0489 -0.3560
123.4574 545.4162 -15.3702 -13.6438 -0.0040 0.9332 -0.0491 -0.3560
123.5610 545.3452 -15.3882 -13.7305 -0.0024 0.9332 -0.0495 -0.3558
123.6648 545.2603 -15.3985 -13.7989 -0.0013 0.9332 -0.0491 -0.3560
123.7685 545.1928 -15.4170 -13.8898 -0.0008 0.9332 -0.0489 -0.3559
123.8721 545.1085 -15.4349 -13.9944 -0.0008 0.9333 -0.0489 -0.3559
123.9759 545.0407 -15.4391 -14.0546 -0.0013 0.9333 -0.0491 -0.3557
124.0796 544.9826 -15.4503 -14.1271 -0.0011 0.9332 -0.0490 -0.3560
124.1832 544.9347 -15.4649 -14.1896 -0.0008 0.9334 -0.0487 -0.3555
124.2870 544.8814 -15.4761 -14.2609 -0.0009 0.9334 -0.0485 -0.3555
124.3906 544.8251 -15.4783 -14.3388 -0.0007 0.9334 -0.0482 -0.3556
124.4944 544.7954 -15.4815 -14.3802 -0.0008 0.9336 -0.0477 -0.3552
