1.0 0.0 0.0 0.0 0.0 1.0 0.0 0.0 0.0 0.0 1.0 0.0
0.9999265 0.012071017 0.0011360628 0.303833 -0.012068488 0.9999247 -0.0022081337 -0.011962891 -0.0011626292 0.0021942635 0.9999969 0.0068359375
0.99983764 0.017979197 0.0012515273 0.58532715 -0.01797247 0.999825 -0.0051950268 -0.029418945 -0.001344712 0.005171696 0.9999857 0.008178711
0.9997744 0.021244591 -0.00038558568 0.89001465 -0.021246979 0.9997431 -0.00790655 -0.040649414 0.0002175397 0.007912955 0.99996865 0.016235352
0.99981767 0.019058324 -0.0012983034 1.2043457 -0.019069254 0.99977773 -0.0090052625 -0.04321289 0.0011264373 0.009028363 0.9999586 0.010009766
0.99993354 0.011162837 -0.0028872867 1.5194092 -0.011194755 0.9998737 -0.011281679 -0.04333496 0.0027609956 0.011313253 0.99993217 0.01171875
0.99999136 3.3633154e-05 -0.0041542766 1.8406982 -8.4533836e-05 0.99992496 -0.012254071 -0.040893555 0.004153552 0.012254317 0.9999163 0.023925781
0.9998412 -0.017301071 -0.004270971 2.1782227 0.017246645 0.99977356 -0.012466995 -0.02355957 0.0044856435 0.012391351 0.99991316 0.022094727
0.9993702 -0.03518294 -0.00470788 2.5229492 0.035143223 0.9993485 -0.008271133 0.0075683594 0.004995681 0.008100544 0.9999547 0.025024414
0.9984686 -0.055054113 -0.0053864457 2.8730469 0.05503189 0.99847555 -0.0041897274 0.04296875 0.0056089116 0.0038868045 0.9999767 0.02734375
0.99714816 -0.07521887 -0.006203783 3.235962 0.0751977 0.99716264 -0.0035778764 0.07788086 0.006455337 0.0031011798 0.99997437 0.029785156
0.9954433 -0.09518584 -0.005757183 3.619629 0.09515619 0.99544907 -0.005220498 0.12939453 0.0062280307 0.004648975 0.9999698 0.03125
0.9932425 -0.11594568 -0.004522483 4.008423 0.11591322 0.9932328 -0.0068787234 0.1796875 0.0052894484 0.006307819 0.99996614 0.037353516
0.99114764 -0.13272917 -0.0037279811 4.4035645 0.1327064 0.9911407 -0.005807968 0.24487305 0.0044656503 0.0052618184 0.99997616 0.04345703
0.9887006 -0.14982909 -0.003898907 4.8218994 0.14980933 0.98869896 -0.0049465233 0.3215332 0.004595953 0.004306227 0.99998015 0.044921875
0.9868812 -0.16139463 -0.003828192 5.2435303 0.1613771 0.9868812 -0.004514086 0.40246582 0.0045064255 0.0038370881 0.9999825 0.05078125
0.98467964 -0.17433812 -0.004031229 5.681885 0.17431599 0.98467743 -0.0053126332 0.48693848 0.004895673 0.004528626 0.99997777 0.056274414
0.98290116 -0.18408549 -0.0056903437 6.1295166 0.1840356 0.9828918 -0.00831654 0.5690918 0.0071236286 0.007127541 0.9999492 0.06530762
0.98152035 -0.19116668 -0.0074026696 6.5944824 0.191111 0.9815295 -0.007622164 0.6641846 0.008723391 0.0060666073 0.99994355 0.06896973
0.98004377 -0.19856592 -0.009449674 7.0750732 0.1985011 0.9800747 -0.007370382 0.77404785 0.010724933 0.005347321 0.9999282 0.06958008
0.9784851 -0.20600945 -0.012189061 7.5614014 0.2059218 0.97854626 -0.008067155 0.88256836 0.013588909 0.0053835544 0.9998931 0.07885742
0.9765962 -0.21466267 -0.013018948 8.069458 0.21451092 0.97664094 -0.0121280225 0.9935303 0.015318213 0.009051357 0.99984163 0.08325195
0.97513276 -0.22122313 -0.012704542 8.586304 0.22098635 0.975108 -0.017733451 1.1021729 0.016312351 0.014483875 0.9997619 0.099121094
0.97309214 -0.22996162 -0.0145854 9.111816 0.22968093 0.97308874 -0.018671565 1.2282715 0.018484976 0.014817887 0.9997192 0.1184082
0.97096556 -0.23833956 -0.020149743 9.646362 0.23807384 0.97112805 -0.0147303725 1.3760986 0.023079291 0.009506618 0.9996885 0.114746094
0.9688381 -0.24647318 -0.024545783 10.184814 0.2462129 0.96912587 -0.013163915 1.5323486 0.027032051 0.006710041 0.999612 0.13208008
0.9662581 -0.25616136 -0.025853375 10.751221 0.25582534 0.96656674 -0.015620993 1.6835938 0.028991658 0.008477345 0.9995436 0.14941406
0.9641104 -0.264137 -0.02678296 11.322388 0.2637415 0.9644333 -0.017422674 1.8406982 0.03043165 0.009733101 0.9994893 0.17236328
0.9620715 -0.27109823 -0.029900514 11.908813 0.2706835 0.9624989 -0.017215692 2.015747 0.033447493 0.00846667 0.99940443 0.19116211
0.959666 -0.27907968 -0.03390205 12.503052 0.27865013 0.96024084 -0.016891154 2.1940918 0.037268117 0.006762866 0.99928236 0.20996094
0.9576506 -0.28522626 -0.0390883 13.097046 0.2847173 0.9584278 -0.018139787 2.3797607 0.0426379 0.006240375 0.99907094 0.23608398
0.9550499 -0.29284465 -0.046135105 13.713867 0.29226792 0.9561519 -0.018934587 2.5761719 0.04965905 0.0046040365 0.99875623 0.27087402
0.9534561 -0.29662138 -0.054300766 14.343994 0.29599196 0.9549975 -0.01947258 2.7803955 0.057633344 0.0024963096 0.9983349 0.30078125
0.95182997 -0.29993427 -0.064059496 14.981934 0.29929733 0.95398253 -0.01954406 2.9904785 0.066972025 -0.00056372304 0.9977551 0.34057617
0.9499 -0.3037733 -0.07357947 15.626709 0.3032212 0.95273495 -0.01883614 3.2026367 0.07582249 -0.004417167 0.9971117 0.3807373
0.9482982 -0.30685285 -0.081161596 16.285522 0.30643982 0.9517309 -0.017805228 3.4240723 0.08270754 -0.00798223 0.9965425 0.4338379
0.94580126 -0.31240204 -0.08836852 16.956177 0.3120748 0.9498608 -0.017852766 3.6557617 0.08951755 -0.0107020065 0.9959273 0.49072266
0.9437292 -0.31677425 -0.09519763 17.630615 0.31679875 0.9483878 -0.015259246 3.897461 0.09511621 -0.015753184 0.9953413 0.5562744
0.94203734 -0.31990328 -0.10115745 18.314209 0.32026768 0.947238 -0.013054721 4.147949 0.09999765 -0.020093566 0.99478656 0.62231445
0.9395262 -0.32575676 -0.1056712 19.017578 0.3264695 0.94513977 -0.0109708235 4.40271 0.10344778 -0.0241896 0.99434143 0.6939697
0.9378245 -0.330047 -0.107531324 19.728882 0.33082774 0.94363034 -0.0110176 4.6644287 0.105104715 -0.02523686 0.9941419 0.7722168
0.9356435 -0.33641356 -0.10689187 20.458374 0.3373623 0.9413412 -0.009631367 4.9381104 0.10385899 -0.027045049 0.9942239 0.8555908
0.9333768 -0.34302804 -0.10556117 21.187256 0.3439624 0.9389349 -0.009798949 5.2110596 0.102476 -0.027164308 0.99436384 0.93933105
0.9317215 -0.34801862 -0.1039117 21.92688 0.3490284 0.9370794 -0.008884214 5.494629 0.10046773 -0.027985025 0.9945477 1.0251465
0.9293115 -0.35535213 -0.10036149 22.6698 0.35623312 0.9343318 -0.009616183 5.781128 0.09718835 -0.026825227 0.9949031 1.1044922
0.92515 -0.36710957 -0.09650285 23.4375 0.3681659 0.9297218 -0.0072650984 6.095093 0.09239012 -0.028804574 0.9953076 1.1816406
0.92299074 -0.3737693 -0.091494374 24.191162 0.37498266 0.9270142 -0.004201338 6.411377 0.08638633 -0.03042903 0.99579763 1.2609863
0.91975206 -0.38220853 -0.08924275 24.952393 0.38361728 0.9234858 -0.0014747679 6.739502 0.08297769 -0.03287734 0.9960093 1.336792
0.91669196 -0.38995218 -0.087192744 25.711426 0.39127362 0.92026615 -0.0020952271 7.0736084 0.081056885 -0.032196242 0.99618936 1.4112549
0.9125509 -0.39938116 -0.087684005 26.490479 0.40093115 0.91607785 6.4766034e-05 7.4161377 0.08029915 -0.0352247 0.99614745 1.4869385
0.9091206 -0.40733638 -0.08715015 27.266113 0.40889552 0.91259104 4.5041554e-05 7.772339 0.07951455 -0.035673514 0.9961953 1.5550537
0.905019 -0.4166597 -0.08576291 28.057129 0.41822928 0.90835196 0.0003607669 8.145752 0.07774864 -0.036190007 0.99631596 1.6225586
0.9023982 -0.42288154 -0.0825771 28.849487 0.4244047 0.90545434 0.0009906273 8.525269 0.07435085 -0.035937164 0.99658537 1.694458
0.8991731 -0.43052384 -0.07868875 29.65503 0.43194678 0.901929 0.0011767908 8.91748 0.07046193 -0.035042737 0.9968984 1.763794
0.8953809 -0.43896693 -0.07424452 30.46997 0.44037148 0.8977629 0.00285077 9.323364 0.06540064 -0.035262138 0.99723476 1.8215332
0.89251935 -0.44559747 -0.06983132 31.279785 0.44686407 0.89461046 0.002838626 9.733032 0.061204765 -0.03373318 0.9975552 1.8929443
0.88860935 -0.45368978 -0.06715435 32.105835 0.45481837 0.8905668 0.0017089987 10.160034 0.05902954 -0.03206832 0.9977405 1.9510498
0.88592136 -0.45917603 -0.06553644 32.94043 0.46034777 0.88773096 0.0031550233 10.598511 0.0567261 -0.0329706 0.9978443 2.0061035
0.8834607 -0.46404457 -0.06374064 33.770264 0.46510655 0.885198 0.0020693468 11.045776 0.055462427 -0.031485047 0.99796385 2.0621338
0.87981546 -0.47132933 -0.061519943 34.618896 0.47230014 0.8814431 0.0014086574 11.508057 0.053559724 -0.030294163 0.9981048 2.1202393
0.8774257 -0.47581893 -0.061004885 35.475952 0.476656 0.8790904 -0.00094401184 11.977905 0.054078598 -0.02825359 0.9981366 2.1741943
0.8759156 -0.47860917 -0.0609008 36.340576 0.47940305 0.8775952 -0.0017860346 12.454834 0.05429941 -0.027630588 0.9981423 2.22937
0.874173 -0.48173195 -0.062034644 37.2135 0.48262435 0.87587947 -0.0006739915 12.94873 0.054660104 -0.029340949 0.9980742 2.284546
0.8737988 -0.48241204 -0.061191782 38.1062 0.48328713 0.8754554 -0.00056135654 13.450562 0.05384455 -0.0290787 0.9981265 2.3415527
0.8737951 -0.48273808 -0.059093982 39.005737 0.4835559 0.87533903 -0.0005221511 13.950806 0.051979225 -0.02811214 0.99825275 2.3961182
0.8732658 -0.48373523 -0.057216696 39.918945 0.48441982 0.8747571 -0.0021619974 14.467773 0.051096074 -0.025839768 0.998359 2.4538574
0.8735091 -0.4833852 -0.056864362 40.838867 0.48398528 0.8750186 -0.0036118818 14.987305 0.051506642 -0.024370262 0.99837554 2.5115967
0.87203956 -0.48622248 -0.056562833 41.764404 0.4867546 0.8735622 -0.004882712 15.5147705 0.051785514 -0.023271037 0.998387 2.5689697
0.8714035 -0.48748317 -0.054518674 42.69873 0.4879421 0.87283385 -0.0054557584 16.037598 0.050244827 -0.021849062 0.9984979 2.6270752
0.86873204 -0.4928525 -0.04987788 43.632324 0.4932346 0.8699311 -0.005195261 16.57727 0.04594741 -0.020085715 0.99874157 2.6861572
0.8657157 -0.49852207 -0.044453003 44.568604 0.49877504 0.86669 -0.0059953323 17.112793 0.041518465 -0.016984604 0.99899334 2.7470703
0.8627508 -0.50377715 -0.042228386 45.49182 0.5039402 0.86365616 -0.0074653463 17.654175 0.040234067 -0.014843181 0.99908006 2.7994385
0.8578072 -0.5122741 -0.043080464 46.41382 0.51237416 0.85877615 -0.0095201805 18.206787 0.041872766 -0.013905964 0.99902594 2.8570557
0.8520198 -0.52154905 -0.04567521 47.32666 0.5215509 0.8531456 -0.012822734 18.762817 0.045653556 -0.012893247 0.9988742 2.915039
0.8458942 -0.5314054 -0.045329016 48.24121 0.5314323 0.846999 -0.012451377 19.343506 0.04501147 -0.013552331 0.99889493 2.9655762
0.84009635 -0.5408487 -0.04147488 49.15161 0.54094577 0.84099966 -0.009811161 19.938599 0.040188074 -0.014193433 0.9990913 3.0161133
0.83626294 -0.54721147 -0.037788324 50.05078 0.54739136 0.8369751 -0.006324337 20.53418 0.035086602 -0.015394003 0.99926543 3.071167
0.83154577 -0.55410326 -0.04015281 50.939453 0.5543327 0.83233887 -0.0061952546 21.137451 0.03684979 -0.017101364 0.99917436 3.1195068
0.82807606 -0.55887854 -0.044584498 51.823975 0.5591152 0.8290759 -0.008133391 21.742554 0.041510396 -0.018190034 0.99897254 3.1676025
0.82473063 -0.5631234 -0.051211365 52.703613 0.5634008 0.8260666 -0.01022937 22.35144 0.048061952 -0.02041869 0.99863553 3.2260742
0.82118297 -0.56817865 -0.052617982 53.583496 0.5684664 0.8225974 -0.010783203 22.971924 0.04941237 -0.021059494 0.99855644 3.2816162
0.8199297 -0.57041293 -0.04871283 54.46582 0.57066214 0.8211418 -0.009994887 23.59082 0.045700513 -0.019605901 0.9987626 3.3458252
0.8158081 -0.57664263 -0.043396212 55.3479 0.5769298 0.8167296 -0.006844516 24.225342 0.039393406 -0.019451417 0.9990348 3.3973389
0.8132326 -0.5805122 -0.041203905 56.2229 0.5807804 0.8140598 -0.006361951 24.862549 0.037232522 -0.01875709 0.9991305 3.4539795
0.8100654 -0.58476514 -0.04262526 57.100098 0.5851416 0.8109032 -0.0043401294 25.5 0.037101913 -0.021430865 0.9990815 3.5048828
0.8057653 -0.5906422 -0.04373064 57.97583 0.5909479 0.8066967 -0.006946967 26.145264 0.039383866 -0.020238854 0.9990197 3.5489502
0.80280614 -0.59469956 -0.04501388 58.844727 0.5950001 0.8038065 -0.007851136 26.794312 0.04085212 -0.020473825 0.99895555 3.6026611
0.79956156 -0.59878105 -0.044951476 59.7041 0.59900993 0.8005937 -0.009681849 27.448242 0.041788984 -0.019182866 0.9989429 3.6534424
0.7943699 -0.60603166 -0.043284334 60.574707 0.6062635 0.7953206 -0.009045261 28.12085 0.039905846 -0.019056326 0.9990215 3.7053223
0.7898419 -0.6118699 -0.042639643 61.438232 0.6120888 0.790769 -0.009249422 28.79126 0.039373077 -0.018797556 0.9990473 3.7562256
0.78407466 -0.61914754 -0.043211445 62.299805 0.6193137 0.7850558 -0.011041224 29.482178 0.040760167 -0.018106582 0.9990049 3.8144531
0.7785832 -0.6260384 -0.043524675 63.158203 0.62619954 0.7795846 -0.011524068 30.17688 0.041141808 -0.018285688 0.9989857 3.862793
0.77367413 -0.63218457 -0.043503914 64.01294 0.63228095 0.7747046 -0.013257365 30.873413 0.042079188 -0.017249275 0.99896514 3.9158936
0.76737964 -0.63966995 -0.04383568 64.86597 0.63973874 0.7684405 -0.014280369 31.59314 0.04281988 -0.017083338 0.9989369 3.9716797
0.76301104 -0.64487815 -0.044045538 65.71533 0.64488745 0.7641076 -0.015902147 32.306885 0.04390941 -0.01626673 0.99890333 4.028076
0.75609547 -0.6531585 -0.043535054 66.56079 0.6531131 0.7571908 -0.017218165 33.039917 0.04421044 -0.015408037 0.99890363 4.0825195
0.75036186 -0.6596836 -0.041194003 67.403076 0.6595559 0.7513745 -0.018546466 33.796265 0.04319148 -0.01325206 0.99897933 4.137207
0.74416775 -0.666691 -0.040161565 68.2334 0.66654253 0.7451428 -0.018944554 34.540405 0.04255691 -0.012672177 0.9990138 4.194336
0.7369815 -0.67466736 -0.039565083 69.06909 0.67445916 0.7379511 -0.020413699 35.30652 0.04296781 -0.011645193 0.9990085 4.248047
0.7314309 -0.68075234 -0.040318664 69.89453 0.68050385 0.73245066 -0.02171588 36.08374 0.044314813 -0.011558732 0.9989504 4.3098145
0.72639483 -0.6861636 -0.040768698 70.71411 0.6859277 0.7274358 -0.021718923 36.864136 0.04456136 -0.012181199 0.9989328 4.3653564
0.7206491 -0.6922971 -0.039981373 71.54175 0.6920953 0.7216474 -0.020920526 37.664185 0.043334637 -0.0125862565 0.9989816 4.4173584
0.7162417 -0.6967744 -0.040552426 72.359375 0.6965829 0.71726745 -0.020999752 38.466797 0.043719716 -0.013205281 0.99895656 4.473633
0.7107094 -0.702385 -0.040623024 73.17529 0.7021981 0.7117412 -0.021106575 39.284546 0.04373568 -0.0135233 0.99895155 4.536255
0.70575315 -0.7071566 -0.042659607 73.98999 0.7069165 0.7069054 -0.023072166 40.112427 0.04646968 -0.013878338 0.9988229 4.595215
0.7001865 -0.7126417 -0.044876333 74.8125 0.7123634 0.7014701 -0.024724327 40.938477 0.049095705 -0.014652472 0.9986865 4.6601562
0.6961889 -0.7164073 -0.045384325 75.61133 0.71613985 0.69750065 -0.024811542 41.780884 0.049425505 -0.015229327 0.99866134 4.7196045
0.6899753 -0.72252935 -0.043564476 76.41821 0.72221565 0.69120884 -0.025429236 42.628662 0.04848791 -0.013910277 0.99872726 4.78125
0.6875779 -0.724856 -0.04164325 77.22754 0.7245489 0.68871325 -0.024840377 43.48523 0.046681255 -0.0130926985 0.9988239 4.8460693
0.6811833 -0.73079115 -0.041673742 78.032715 0.7304544 0.6823341 -0.025687924 44.352295 0.04720978 -0.012947314 0.99880105 4.92041
0.67710257 -0.7347829 -0.04077289 78.84082 0.7343565 0.67823505 -0.027472086 45.227783 0.04783855 -0.0113491835 0.9987901 4.979492
0.6724256 -0.7391224 -0.039610084 79.63965 0.73864335 0.6735155 -0.028462049 46.116577 0.047716103 -0.010124191 0.9988094 5.0460205
0.66808337 -0.7430172 -0.03926391 80.427246 0.7425126 0.6691655 -0.02905585 47.01367 0.04786712 -0.009748701 0.998806 5.104004
0.6657419 -0.7452204 -0.03688782 81.21167 0.74456406 0.66673446 -0.031892277 47.905884 0.04835755 -0.0062425053 0.99881005 5.1698
0.661072 -0.74954814 -0.036541887 82.022705 0.7486404 0.6620747 -0.0369881 48.8042 0.051916264 -0.0028992724 0.9986474 5.2371826
0.65482765 -0.75505936 -0.034698706 82.82349 0.7539254 0.6557458 -0.041370936 49.710693 0.053990263 0.000928401 0.9985408 5.3049316
0.6509135 -0.75855577 -0.02968374 83.61865 0.7572387 0.65155286 -0.045215383 50.630615 0.05364356 0.0069529843 0.99853605 5.3743896
0.64180845 -0.76647896 -0.025065813 84.401855 0.764966 0.64216983 -0.049807947 51.557617 0.054277156 0.012798198 0.99844426 5.4554443
0.63446796 -0.77262247 -0.02178932 85.18335 0.7711559 0.6346694 -0.049837302 52.495605 0.052331943 0.014814534 0.9985196 5.529175
0.6251453 -0.780185 -0.019114643 85.95117 0.7787704 0.6252285 -0.049670782 53.45752 0.05070748 0.016165283 0.99858266 5.592285
0.6150153 -0.7882407 -0.018110279 86.71094 0.78687835 0.61507726 -0.048954066 54.428955 0.049740933 0.015852924 0.9986362 5.66687
0.6067804 -0.7945532 -0.019755267 87.4646 0.79310924 0.6069232 -0.050090276 55.40869 0.05179983 0.0147220325 0.99854887 5.728882
0.5974257 -0.8016901 -0.019250557 88.19678 0.80013317 0.59752446 -0.05240735 56.402588 0.053517736 0.01589855 0.9984398 5.803955
0.587061 -0.8094164 -0.019381862 88.93262 0.80776465 0.58715963 -0.054133963 57.409912 0.055192128 0.016122263 0.99834526 5.8762207
0.57806313 -0.8158918 -0.015387395 89.65405 0.81421834 0.57793087 -0.05583357 58.42798 0.054444585 0.019743174 0.9983213 5.951782
0.5653334 -0.8246286 -0.0127627235 90.365234 0.8230379 0.5650981 -0.055238023 59.45752 0.05276262 0.020720698 0.9983919 6.026245
0.5569497 -0.8305171 -0.011451588 91.0647 0.8289488 0.55666035 -0.055269968 60.498047 0.052281108 0.021281373 0.99840504 6.102661
0.5458455 -0.83765185 -0.012325762 91.75049 0.83599734 0.5455987 -0.056498963 61.54834 0.05405145 0.020536786 0.9983271 6.1760254
0.53624594 -0.8440822 -0.013171353 92.42163 0.8423491 0.536043 -0.057556074 62.617676 0.055640534 0.019766916 0.99825495 6.2543945
0.5256181 -0.8504854 -0.01407796 93.085205 0.8486897 0.5254733 -0.05833159 63.69458 0.057012428 0.018720144 0.9981985 6.3255615
0.51632273 -0.85630816 -0.014914101 93.73413 0.85453236 0.5162573 -0.057684176 64.78296 0.057095964 0.017029237 0.9982229 6.4110107
0.50703627 -0.8618061 -0.014076345 94.38086 0.86018354 0.50698346 -0.055196024 65.87842 0.054697655 0.01587525 0.9983765 6.4941406
0.50065887 -0.86570764 -0.009959733 95.0166 0.864174 0.50040376 -0.054838587 66.989746 0.052445784 0.018837098 0.99844533 6.5649414
0.4921471 -0.87048 -0.009083618 95.640625 0.8689327 0.4918501 -0.055376813 68.10254 0.05266678 0.019362042 0.9984245 6.6412354
0.48276508 -0.87555426 -0.008783544 96.26587 0.87384576 0.48240855 -0.058398727 69.22046 0.055381496 0.020522358 0.99825466 6.7216797
0.47928628 -0.87777555 -0.0075266096 96.883545 0.87592846 0.47880352 -0.061303757 70.343994 0.0574035 0.022788884 0.9980908 6.79895
0.47078735 -0.8822698 -0.007240804 97.48804 0.88023746 0.4702327 -0.06446116 71.476074 0.06027561 0.023960005 0.9978933 6.880615
0.4672352 -0.8841879 -0.0066305506 98.08765 0.88195926 0.4665669 -0.06784357 72.60254 0.06307742 0.025841521 0.9976734 6.9698486
0.46204394 -0.8869623 -0.0042405934 98.6875 0.884805 0.46124387 -0.06766397 73.74243 0.061960097 0.027509887 0.9976993 7.062134
0.45866463 -0.8887462 -0.00040668674 99.26758 0.886797 0.457689 -0.06598664 74.877686 0.05882222 0.029900946 0.9978203 7.1500244
0.4555751 -0.89015913 0.005550046 99.860596 0.8884754 0.45431 -0.06463517 76.013916 0.055011585 0.03438623 0.99789405 7.239502
0.4510446 -0.8925091 0.0070531694 100.436035 0.89091176 0.4497332 -0.0638742 77.14819 0.05382487 0.035087064 0.9979334 7.324707
0.4493012 -0.89338464 0.008628515 101.00635 0.8918521 0.447916 -0.06366752 78.28174 0.053003006 0.036296733 0.99793434 7.4052734
0.4468495 -0.8946465 0.012004011 101.56592 0.8933247 0.44535768 -0.06195426 79.40918 0.050074086 0.038407084 0.9980069 7.484009
0.4435892 -0.89613605 0.014676015 102.131836 0.89491653 0.4419718 -0.061899774 80.53027 0.048983622 0.040588573 0.99797434 7.5612793
0.4415443 -0.8969737 0.016394684 102.68164 0.8957859 0.43981484 -0.062656455 81.64844 0.048977185 0.042368792 0.997902 7.6395264
0.43854332 -0.8985795 0.019139983 103.22046 0.897551 0.43672734 -0.061664123 82.752686 0.047054406 0.044223383 0.997913 7.7110596
0.43755922 -0.8989111 0.023378212 103.76099 0.89807826 0.43555117 -0.061608754 83.85962 0.045203935 0.047949806 0.99782616 7.783203
0.43655038 -0.8992971 0.026305987 104.298584 0.8986085 0.4344159 -0.061549705 84.95752 0.043923814 0.050502338 0.9977574 7.8571777
0.43399185 -0.90038127 0.027606875 104.81299 0.8997707 0.4318231 -0.06114766 86.03735 0.04313889 0.051380377 0.99774706 7.928833
0.43245792 -0.90122175 0.028459147 105.33008 0.9005986 0.43018875 -0.06236965 87.1062 0.043972593 0.052605413 0.99764687 7.995117
0.43244725 -0.90109813 0.02826771 105.84204 0.90038586 0.43009242 -0.06414847 88.17456 0.04565826 0.053215593 0.9975399 8.067383
0.4329294 -0.90104055 0.027162645 106.33276 0.9002633 0.43061706 -0.06430931 89.22168 0.04624477 0.05230211 0.9975605 8.136353
0.43651918 -0.8995206 0.024428967 106.829834 0.8986472 0.43436927 -0.06354565 90.271484 0.046545237 0.04967991 0.99767935 8.204712
0.43905413 -0.898072 0.022059346 107.31714 0.8970707 0.43699485 -0.063926086 91.295166 0.04778556 0.047844652 0.99771005 8.274536
0.44262186 -0.89649624 0.02031353 107.81909 0.89540446 0.4406268 -0.06426796 92.321045 0.048665497 0.04662928 0.99772567 8.344116
0.45051536 -0.8924675 0.01851049 108.32593 0.89136034 0.44864506 -0.06325075 93.33984 0.0481432 0.04500175 0.9978266 8.413086
0.45659372 -0.88947105 0.017314436 108.82471 0.8883861 0.45483145 -0.061918367 94.33423 0.04720889 0.043650795 0.9979305 8.4782715
0.46515116 -0.88515335 0.016331833 109.34082 0.8841169 0.46349353 -0.060330644 95.33447 0.045825195 0.042498536 0.9980449 8.543091
0.4736375 -0.8806195 0.015705954 109.86963 0.8795971 0.47202197 -0.059778582 96.32495 0.045223124 0.042119112 0.9980881 8.60791
0.48230287 -0.8758744 0.014381981 110.38965 0.87481576 0.48074022 -0.059704885 97.302734 0.04537797 0.041368686 0.9981124 8.668335
0.49260432 -0.8702347 0.012772747 110.93042 0.86912614 0.49109933 -0.059768073 98.27417 0.045731835 0.04054813 0.9981308 8.729736
0.50249404 -0.8645918 0.009117787 111.473145 0.8632898 0.5010924 -0.061153136 99.221436 0.04829565 0.03860313 0.9980869 8.793457
0.5127871 -0.858445 0.004570705 112.02612 0.8570339 0.51162314 -0.060285285 100.17285 0.049415432 0.0348341 0.99817073 8.857666
0.52678907 -0.84999204 0.002162232 112.60132 0.8485789 0.525763 -0.059027877 101.114746 0.049042434 0.032928947 0.9982536 8.923218
0.53855985 -0.8426424 0.0013819272 113.17212 0.8413401 0.53763515 -0.056473065 102.03589 0.046842325 0.0315702 0.99840283 8.988037
0.5520435 -0.8339367 0.0015928084 113.770996 0.83279514 0.5511856 -0.05338701 102.95776 0.04364783 0.030795591 0.998572 9.046753
0.56209135 -0.82700115 0.00044538733 114.36963 0.8258565 0.56128496 -0.052903965 103.854004 0.04350118 0.030110639 0.9985998 9.110107
0.5740552 -0.8188271 -9.179674e-05 114.98291 0.81767136 0.5732507 -0.05305145 104.73804 0.04349179 0.030380938 0.9985917 9.167358
0.5856137 -0.81047726 -0.0013646627 115.60986 0.8092495 0.58481795 -0.05405968 105.6084 0.04461539 0.030554375 0.99853694 9.227051
0.59553033 -0.8033032 -0.00058003503 116.23193 0.802063 0.5946505 -0.055125717 106.45752 0.04462828 0.032368425 0.9984794 9.283691
0.6068326 -0.79493856 -0.0011863862 116.87036 0.79374486 0.6060016 -0.053894073 107.296875 0.043562073 0.031760298 0.9985455 9.349487
0.6179966 -0.7861361 -0.0008591795 117.51416 0.78502065 0.61717737 -0.052581284 108.12573 0.04187195 0.031814996 0.9986159 9.406738
0.62714213 -0.77891624 0.00072387117 118.15039 0.77794594 0.6263146 -0.05048684 108.92847 0.038864225 0.03221993 0.9987247 9.45813
0.63821596 -0.7697483 0.00034027512 118.80591 0.7688436 0.63744396 -0.04875256 109.73071 0.03732173 0.031380642 0.9988106 9.51709
0.6478426 -0.7617225 -0.0026252207 119.44458 0.76079625 0.6472176 -0.047192782 110.5083 0.03764448 0.028576307 0.9988826 9.570435
0.65632445 -0.75440544 -0.0053136237 120.09888 0.75342876 0.6558039 -0.04673877 111.27197 0.038744364 0.026673961 0.99889326 9.615967
0.66613054 -0.74586457 -0.006359376 120.76611 0.7448913 0.66565466 -0.046109103 112.02075 0.038612038 0.025977626 0.9989166 9.667358
0.6756612 -0.73715264 -0.005632991 121.42114 0.73630065 0.6752128 -0.043497555 112.757324 0.035877477 0.02523794 0.9990371 9.715942
0.6833066 -0.73008513 -0.0043448047 122.093506 0.7293062 0.68283087 -0.042502116 113.47339 0.03399004 0.025871348 0.9990872 9.759399
0.6925679 -0.7212742 -0.0038254927 122.76831 0.720556 0.6920975 -0.041253585 114.181885 0.032401714 0.02581161 0.99914145 9.811768
0.69939 -0.71465456 -0.00509231 123.427 0.71394575 0.69898224 -0.040113658 114.86865 0.032226555 0.024418417 0.9991823 9.854126
0.70783657 -0.7064229 -0.005542051 124.119385 0.70573723 0.707457 -0.03918797 115.55151 0.031604998 0.02382523 0.9992162 9.901855
0.7147311 -0.69934314 -0.0045466414 124.78369 0.6987843 0.7143928 -0.03586199 116.218994 0.028327208 0.022460006 0.99934655 9.939209
0.72153395 -0.6922717 -0.0037718965 125.45825 0.6918162 0.7212378 -0.03274271 116.877686 0.025390808 0.021014282 0.99945664 9.979126
0.72894675 -0.68467814 -0.0042746 126.134766 0.68425965 0.7286945 -0.030967178 117.52588 0.024312906 0.019648258 0.99951124 10.016357
0.7359045 -0.6769345 -0.004563331 126.79321 0.67654157 0.735678 -0.029768845 118.1416 0.023511859 0.018820357 0.99954647 10.056763
0.74347365 -0.6686589 -0.005313188 127.45801 0.6683169 0.74330837 -0.027038744 118.75098 0.022033077 0.016551228 0.9996202 10.082397
0.7528396 -0.65829647 -0.0044399225 128.14062 0.6580191 0.7526894 -0.024710938 119.3501 0.019608818 0.015678795 0.99968463 10.116699
0.761198 -0.6483251 -0.0034245169 128.80371 0.64813787 0.76108706 -0.020574141 119.92383 0.015948026 0.013440066 0.9997825 10.146606
0.772202 -0.6354059 -0.0033566412 129.48438 0.63525933 0.7721193 -0.018024739 120.49536 0.01404681 0.011785138 0.9998318 10.175171
0.78098917 -0.62456363 -0.0050483705 130.15039 0.62440735 0.780935 -0.017469702 121.03931 0.014851239 0.010491104 0.99983466 10.199707
0.7911821 -0.6115488 -0.0065481537 130.8208 0.6113763 0.7911473 -0.017574098 121.56592 0.015925258 0.009899882 0.99982417 10.223145
0.8011516 -0.5983589 -0.006996078 131.51831 0.59819555 0.80112875 -0.016757349 122.08765 0.015634418 0.009239683 0.9998351 10.243164
0.81088877 -0.5852923 -0.006154279 132.19824 0.5851622 0.8108667 -0.015020376 122.59302 0.013779106 0.008577626 0.9998682 10.267578
0.82010335 -0.57221043 -0.004108391 132.906 0.57212603 0.8200737 -0.0127237495 123.09033 0.010651215 0.008084316 0.9999106 10.2854
0.8299342 -0.5576777 -0.001584629 133.6018 0.55763084 0.8298955 -0.01091071 123.57007 0.0074015497 0.008170185 0.99993914 10.303711
0.8389294 -0.5442268 0.00014170806 134.31812 0.54420584 0.8388947 -0.0090024285 124.03882 0.0047812583 0.007629339 0.9999594 10.3220215
0.846729 -0.5320956 0.0022424054 135.04517 0.5320944 0.84669214 -0.008277617 124.49243 0.0025050705 0.008201787 0.9999632 10.333862
0.8531436 -0.52173686 0.004621633 135.75659 0.52175677 0.8530968 -0.008972907 124.93506 0.0007386282 0.010065941 0.999949 10.347412
0.8596816 -0.51075447 0.0046593742 136.48804 0.51077557 0.8596381 -0.008655697 125.36963 0.000416575 0.009821127 0.9999516 10.3585205
0.8673296 -0.49764475 0.0048339036 137.23828 0.49766678 0.8673089 -0.0060924483 125.80298 -0.0011596526 0.0076903515 0.9999697 10.363037
0.873786 -0.48627427 0.0044382988 137.9768 0.48629203 0.87377423 -0.004790393 126.22461 -0.0015482996 0.006344146 0.99997866 10.370972
0.8792997 -0.47625697 0.005288589 138.73169 0.47627768 0.8792963 -0.0037658424 126.64722 -0.0028569591 0.00583015 0.9999789 10.375122
0.88504666 -0.4655121 0.005159024 139.4851 0.4655338 0.88503915 -0.0044209976 127.0459 -0.0025079744 0.0063139577 0.9999769 10.383301
0.88933665 -0.45725545 0.0050454144 140.25684 0.45727733 0.88932717 -0.0047255247 127.43945 -0.0023267409 0.0065097096 0.9999761 10.390137
0.89466995 -0.44668928 0.004689162 141.04126 0.44671077 0.8946538 -0.0056278985 127.83154 -0.0016813767 0.0071300385 0.9999732 10.397827
0.89734006 -0.44130987 0.004806785 141.81494 0.44133064 0.8973296 -0.004844057 128.22485 -0.0021752915 0.0064678947 0.99997675 10.401001
0.9006646 -0.4343816 0.0082192505 142.61768 0.4344133 0.90068334 -0.0024707727 128.61401 -0.0063296943 0.0057968367 0.99996316 10.404419
0.9037699 -0.42786518 0.010305024 143.42383 0.4278817 0.9038206 0.00065588625 129.00586 -0.009594203 0.0038177418 0.99994665 10.404053
0.90644234 -0.42204964 0.01287051 144.24927 0.42203405 0.9065319 0.004045762 129.40063 -0.013375185 0.0017662593 0.99990904 10.400269
0.9098224 -0.41478187 0.01379051 145.10107 0.41473746 0.90992695 0.0060711512 129.77686 -0.015067097 0.00019603642 0.9998865 10.394897
0.9123021 -0.40917 0.015808161 145.93237 0.4090778 0.9124377 0.008830033 130.17749 -0.018037252 -0.0015864968 0.99983597 10.381592
0.91579795 -0.40128136 0.017998818 146.81396 0.4011666 0.91597325 0.009748338 130.55444 -0.020397395 -0.0017082649 0.99979055 10.371216
0.91999614 -0.39142463 0.02038046 147.70679 0.3912967 0.92022085 0.010095237 130.93286 -0.02270544 -0.0013133646 0.9997413 10.3573
0.92280924 -0.38465384 0.022029871 148.58789 0.38451824 0.92307174 0.01025952 131.3103 -0.024281507 -0.000995629 0.9997045 10.3428955
0.9259056 -0.3770978 0.021519346 149.49268 0.37698105 0.92615557 0.009401055 131.68555 -0.02347551 -0.0005913408 0.99972427 10.316162
0.9302239 -0.3663229 0.023032466 150.44019 0.36625478 0.93050736 0.007260252 132.03711 -0.0240912 0.0016817972 0.9997083 10.308594
0.9333669 -0.35827366 0.021749264 151.36475 0.35825008 0.93361527 0.005106137 132.4065 -0.022134632 0.003025086 0.9997504 10.28833
0.9381205 -0.34564623 0.0201616 152.31958 0.34563446 0.938332 0.004178128 132.76318 -0.02036272 0.0030507394 0.999788 10.273804
0.94301474 -0.33222547 0.018694622 153.29102 0.33216685 0.9432001 0.0062468275 133.11694 -0.019708043 0.00032033492 0.9998056 10.253662
0.94846475 -0.3162943 0.018448595 154.27368 0.31615233 0.9486361 0.010242695 133.46777 -0.020740477 -0.0038816505 0.9997774 10.239624
0.95414394 -0.29860893 0.020728473 155.28784 0.29837558 0.9543445 0.013629688 133.79346 -0.023852773 -0.0068189027 0.9996922 10.214966
0.9601511 -0.27854452 0.022249734 156.31396 0.27820778 0.96035475 0.017074725 134.10254 -0.026124943 -0.010201911 0.9996066 10.197266
0.9663175 -0.25622156 0.023159554 157.36133 0.25581908 0.96651536 0.01897941 134.39478 -0.027248682 -0.012413164 0.9995516 10.179443
0.97155654 -0.23557626 0.02446748 158.44067 0.23509222 0.9717528 0.021103917 134.66528 -0.028747382 -0.014751883 0.99947774 10.154297
0.9765806 -0.21340603 0.027269902 159.50806 0.21286897 0.97684616 0.021307979 134.91602 -0.031186158 -0.015003368 0.999401 10.135498
0.9811986 -0.19052134 0.030796774 160.59717 0.1898448 0.9815291 0.023594428 135.12964 -0.03472458 -0.017304692 0.99924713 10.096558
0.98503625 -0.1687229 0.035151046 161.74976 0.16787274 0.985468 0.025894506 135.35449 -0.03901016 -0.019607019 0.9990466 10.074463
0.9884602 -0.14623313 0.039455727 162.84888 0.14522062 0.9890164 0.027425898 135.52515 -0.043033473 -0.021378975 0.99884486 10.03064
0.99143016 -0.12443529 0.039728064 163.99878 0.1233335 0.99193734 0.029079664 135.6897 -0.043026872 -0.02392967 0.9987871 9.989868
0.99395424 -0.102836356 0.038409974 165.15869 0.10175159 0.99437904 0.029207787 135.82544 -0.041198026 -0.025121862 0.99883515 9.953125
0.9960821 -0.08006007 0.037554815 166.33545 0.079005025 0.9964585 0.028781176 135.92798 -0.03972645 -0.02570138 0.99887997 9.901978
0.99732864 -0.0610297 0.040129926 167.52026 0.05992599 0.9978052 0.028161963 136.00513 -0.04176061 -0.025681995 0.9987979 9.865356
0.9983359 -0.03908525 0.042396493 168.73486 0.03792263 0.9988912 0.027887996 136.05981 -0.043439716 -0.02623365 0.9987116 9.822998
0.9988448 -0.01903409 0.044117346 169.95483 0.017761648 0.99942017 0.029055063 136.09741 -0.04464467 -0.028237954 0.9986036 9.779541
0.9989745 0.00093262864 0.045259926 171.16162 -0.0022937784 0.9995465 0.03002657 136.11523 -0.04521138 -0.030099597 0.99852365 9.729004
0.9986608 0.022568038 0.046561457 172.40771 -0.024045773 0.99921674 0.031422503 136.10693 -0.045815762 -0.03249976 0.99842125 9.680542
0.9980893 0.04047512 0.046673708 173.65503 -0.042069487 0.998546 0.03368986 136.07666 -0.045241732 -0.0355895 0.99834144 9.62854
0.99697024 0.06244428 0.046387985 174.91504 -0.06409461 0.99733067 0.034981914 136.01294 -0.04407962 -0.03784877 0.99831074 9.582031
0.9955923 0.08238268 0.04484392 176.19043 -0.08398278 0.99585086 0.035046153 135.92139 -0.041769892 -0.038656466 0.9983791 9.534546
0.99402064 0.100420214 0.042877965 177.4856 -0.1020569 0.9940584 0.03784247 135.81152 -0.03882225 -0.04199257 0.99836284 9.488525
0.9919693 0.1194423 0.041565027 178.78052 -0.12102918 0.9919195 0.038006175 135.6643 -0.03668828 -0.04273213 0.9984123 9.440918
0.9894302 0.13960929 0.039223805 180.07446 -0.14108615 0.9892752 0.037811056 135.49927 -0.033524 -0.042943884 0.99851495 9.4053955
0.9866225 0.15923682 0.034971144 181.43701 -0.16056135 0.98625535 0.039037764 135.3081 -0.028274655 -0.044130526 0.9986254 9.366699
0.98357403 0.17810658 0.02944815 182.75366 -0.17925172 0.98289454 0.042355355 135.08496 -0.021400928 -0.04693754 0.99866843 9.348633
0.9805691 0.1945718 0.025160655 184.0503 -0.19553818 0.9796925 0.044439517 134.84424 -0.016003987 -0.04849586 0.9986952 9.317627
0.97689956 0.21260719 0.021862881 185.39868 -0.21342748 0.9758328 0.0470207 134.57397 -0.011337206 -0.050599564 0.99865425 9.308228
0.97275704 0.2308814 0.020334134 186.74097 -0.23161936 0.97156996 0.048795894 134.27588 -0.008489414 -0.05217744 0.99860215 9.302246
0.9686364 0.24750836 0.021330394 188.07544 -0.24827673 0.96745414 0.048613742 133.95142 -0.008600851 -0.052386463 0.9985898 9.2960205
0.96426654 0.26405692 0.020481853 189.42944 -0.26475057 0.9631364 0.047237523 133.59277 -0.0072509134 -0.050974 0.998674 9.291992
0.9595673 0.280965 0.017355947 190.76929 -0.2814822 0.95838344 0.047757648 133.21558 -0.0032156399 -0.050711676 0.99870795 9.300903
0.95452243 0.2978643 0.014426468 192.12354 -0.2982119 0.9532336 0.049593937 132.81958 0.001017954 -0.05164008 0.998665 9.303589
0.9493022 0.3139863 0.015084886 193.45801 -0.31434324 0.94791085 0.05140204 132.3977 0.0018441346 -0.05353881 0.9985635 9.313599
0.94359666 0.3307604 0.015317205 194.83008 -0.3310981 0.94207454 0.053687494 131.93945 0.0033239701 -0.05573069 0.9984406 9.326782
0.9365558 0.3503122 0.013904877 196.19336 -0.3505209 0.9348627 0.056716308 131.44312 0.0068623894 -0.05799151 0.99829394 9.341064
0.9294611 0.36866167 0.011538902 197.54199 -0.36868468 0.92769593 0.05826203 130.93433 0.010778159 -0.058407642 0.9982347 9.362427
0.92275083 0.38525426 0.009734002 198.91382 -0.38512808 0.92095137 0.059245463 130.3833 0.01385995 -0.058418937 0.9981962 9.37915
0.9152178 0.40288514 0.00600627 200.27002 -0.40250084 0.9134542 0.059751183 129.79028 0.018589152 -0.05710237 0.99819505 9.417725
0.9063109 0.42264906 0.0023264643 201.58813 -0.42195368 0.9044757 0.062584594 129.21729 0.02434158 -0.057701934 0.99803734 9.465576
0.8974145 0.44127527 0.0010651937 202.93213 -0.4403631 0.8953984 0.06645317 128.60156 0.028376712 -0.060102984 0.9977872 9.51001
0.8836515 0.468045 0.0018114587 204.27368 -0.46702555 0.8814591 0.06946467 127.90405 0.030925754 -0.06222568 0.9975822 9.560425
0.8708217 0.4914861 0.0023970022 205.63477 -0.49031836 0.8683968 0.07328119 127.187744 0.033941455 -0.06498723 0.99730855 9.616333
0.85614955 0.5167456 0.0033764415 206.91504 -0.51541317 0.85343367 0.077648275 126.46582 0.037242636 -0.06822149 0.9969748 9.676025
0.84218997 0.53923297 0.0034348601 208.16724 -0.53772354 0.83932024 0.080388926 125.71875 0.040459845 -0.06954798 0.9967576 9.746948
0.82657874 0.5627622 0.0031381832 209.44946 -0.56108516 0.82365745 0.08194685 124.90454 0.043537818 -0.069501124 0.9966316 9.82019
0.8105324 0.5858473 0.0029480306 210.71045 -0.58399755 0.8075513 0.08360826 124.0271 0.046605423 -0.06948364 0.9964917 9.894531
0.7941864 0.6075619 0.0002572029 211.93823 -0.60535985 0.7912716 0.08541033 123.13403 0.05169087 -0.06799321 0.99634695 9.984375
0.7778244 0.62839794 -0.0016682937 213.12305 -0.6258695 0.77492774 0.08757064 122.23389 0.05634204 -0.06706539 0.996155 10.075439
0.76083016 0.6491287 -0.0036962603 214.29541 -0.6462773 0.7579975 0.08949006 121.267334 0.06087477 -0.06569568 0.9959808 10.169434
0.7439482 0.6681257 -0.00482704 215.47314 -0.6650701 0.74120086 0.09045158 120.26709 0.064003274 -0.0640795 0.9958911 10.279541
0.7279699 0.6855995 -0.005281976 216.61572 -0.6824006 0.72527593 0.09122274 119.243164 0.06636213 -0.06280619 0.99581784 10.387573
0.7118779 0.7022379 -0.005627126 217.7351 -0.6989177 0.7092479 0.0917546 118.19141 0.068437725 -0.061378203 0.99576443 10.501587
0.6975549 0.71636194 -0.0073897634 218.82031 -0.7128456 0.6950836 0.092339404 117.12671 0.071282804 -0.059149202 0.9957021 10.61792
0.6830368 0.7302346 -0.009925236 219.88037 -0.72642714 0.68074644 0.09363786 116.034424 0.075149566 -0.05675824 0.9955568 10.739136
0.66836274 0.74372166 -0.011894468 220.92236 -0.73954964 0.6661536 0.09632537 114.90039 0.07956273 -0.055585735 0.99527913 10.876221
0.65342647 0.7568642 -0.012857135 221.95776 -0.75243187 0.6512686 0.09833848 113.75 0.082807645 -0.054594267 0.99507034 11.003662
0.6376476 0.77032566 -0.012235087 222.95361 -0.76586866 0.6355238 0.0984884 112.59668 0.083630554 -0.053422075 0.9950628 11.144531
0.62032956 0.78421694 -0.0094266385 223.9524 -0.77973497 0.6179851 0.100017704 111.39868 0.08426725 -0.054705046 0.9949419 11.292358
0.60311425 0.7977315 -0.0054282397 224.9104 -0.7933783 0.6005063 0.100443564 110.198 0.08339766 -0.05626321 0.99492544 11.437378
0.5840135 0.8117529 7.3076226e-05 225.8396 -0.8076034 0.5810169 0.10104822 108.96777 0.081990115 -0.059086245 0.9948816 11.575195
0.56687886 0.82372874 0.0043813977 226.74194 -0.81966543 0.5635394 0.102339804 107.749756 0.08182913 -0.061601512 0.9947404 11.720947
0.5483585 0.8363031 0.0064926385 227.58105 -0.8320387 0.54474586 0.10538088 106.51587 0.084574685 -0.06317592 0.9944111 11.868286
0.52994835 0.84781414 0.0097686965 228.39429 -0.8433247 0.5258824 0.10947163 105.27734 0.08768035 -0.06625398 0.99394315 12.015625
0.51170886 0.8590919 0.01228125 229.1936 -0.85466486 0.5075029 0.1096377 104.01709 0.08797454 -0.06659808 0.9938935 12.172241
0.4888195 0.87221444 0.017139807 229.94043 -0.8681441 0.48441765 0.10798505 102.75073 0.08587947 -0.06765546 0.9940048 12.321289
0.46939442 0.882702 0.020094851 230.64697 -0.8789787 0.46502087 0.10512884 101.49243 0.08345453 -0.067019746 0.99425626 12.464844
0.4495915 0.89300954 0.02379094 231.3169 -0.88954216 0.44508034 0.10382272 100.22656 0.082120255 -0.06782128 0.99431026 12.608765
0.42417988 0.90508014 0.025547802 231.97778 -0.90170836 0.4197029 0.10258411 98.9021 0.08215064 -0.06656503 0.9943954 12.75354
0.40376523 0.9143502 0.026911179 232.5503 -0.91104287 0.39931235 0.10168868 97.6521 0.0822365 -0.06558877 0.99445325 12.886841
0.3829682 0.9232317 0.02752017 233.12256 -0.91989243 0.3785647 0.10131775 96.36426 0.08312806 -0.06410821 0.9944736 13.021606
0.359626 0.9326353 0.025941283 233.66235 -0.9291874 0.35550788 0.10019056 95.06592 0.084245816 -0.06015339 0.9946291 13.166382
0.34032065 0.9399261 0.026139237 234.13867 -0.9363825 0.33624265 0.10046668 93.79541 0.08564454 -0.058683522 0.9945975 13.301392
0.31796023 0.9477422 0.025482606 234.60034 -0.9443355 0.3142021 0.09730316 92.502686 0.08421712 -0.05498336 0.9949275 13.440186
0.2986767 0.954164 0.025500119 235.02417 -0.9506913 0.2949921 0.09719267 91.22388 0.08521702 -0.053241342 0.9949367 13.573853
0.27734578 0.9604806 0.026909119 235.41943 -0.95661426 0.27338192 0.10156427 89.95654 0.09021081 -0.053904384 0.9944627 13.71167
0.2573701 0.9659469 0.02895825 235.79175 -0.96134055 0.25285718 0.109599724 88.69214 0.09855582 -0.05601681 0.99355125 13.854004
0.23954886 0.970466 0.03159003 236.13452 -0.9650749 0.23438065 0.1178155 87.44556 0.106937364 -0.058715604 0.9925317 14.005005
0.22047593 0.9748398 0.035502084 236.44116 -0.9691923 0.21478169 0.121295325 86.19385 0.110611066 -0.061126254 0.99198014 14.15979
0.19763437 0.97937244 0.039684594 236.73242 -0.9737561 0.19155015 0.12213095 84.936035 0.11203748 -0.06280901 0.99171966 14.316284
0.17888434 0.9829298 0.044178277 236.9939 -0.9775805 0.1724596 0.121221736 83.70117 0.1115507 -0.064878404 0.99163985 14.476929
0.15922965 0.9859879 0.049124174 237.22949 -0.98090065 0.1523998 0.12061155 82.45337 0.111434944 -0.06738677 0.9914837 14.638184
0.1406321 0.98882586 0.050585367 237.42896 -0.9837741 0.13377345 0.11997381 81.22583 0.11190545 -0.06659266 0.9914818 14.787476
0.12247634 0.9910834 0.05252197 237.59863 -0.98621285 0.11559558 0.11841713 80.01245 0.11132983 -0.06629488 0.99156994 14.937378
0.103323124 0.9932406 0.053115062 237.73975 -0.98821723 0.09644127 0.118975975 78.7832 0.11300493 -0.06479718 0.9914798 15.098389
0.086104825 0.9945349 0.059011057 237.87402 -0.989387 0.07840423 0.12232186 77.58911 0.116997726 -0.06890783 0.9907371 15.248291
0.0667432 0.9958716 0.06174875 237.97803 -0.9906035 0.058725826 0.12362065 76.39038 0.1194767 -0.06940834 0.9904067 15.411621
0.04864407 0.9967821 0.06344506 238.05835 -0.99189496 0.04075033 0.12023439 75.188965 0.11727789 -0.06881554 0.99071586 15.559448
0.034908354 0.9974735 0.062116534 238.11328 -0.9929276 0.027550817 0.11560079 74.01465 0.11359474 -0.065695435 0.9913513 15.715942
0.01915217 0.9977737 0.063793674 238.15454 -0.9937177 0.01196289 0.11124213 72.84302 0.11021715 -0.065539464 0.9917455 15.871582
0.0071674054 0.99807423 0.061557136 238.17554 -0.9941393 0.0004729616 0.10811383 71.69287 0.107844025 -0.062012024 0.99223465 16.012817
-0.004109259 0.998087 0.06164362 238.18018 -0.9941956 -0.010707619 0.10707329 70.549805 0.107530154 -0.060900673 0.99233955 16.150269
-0.0128452685 0.9979329 0.06295324 238.18433 -0.99379873 -0.019697431 0.10945207 69.43384 0.1104674 -0.061186332 0.9919972 16.302002
-0.017536754 0.9977626 0.0642987 238.18042 -0.9934827 -0.024628634 0.11117005 68.333984 0.11253885 -0.06194382 0.9917167 16.434692
-0.024358867 0.9976338 0.06432311 238.1643 -0.9928804 -0.03164959 0.11485229 67.236084 0.11663213 -0.061072472 0.9912966 16.560669
-0.030601142 0.99729365 0.06711916 238.1377 -0.99181694 -0.03863442 0.121854655 66.159424 0.124109305 -0.06287124 0.9902775 16.726074
-0.034695506 0.9969465 0.07007359 238.10669 -0.9912517 -0.04326165 0.12474388 65.102295 0.12736194 -0.06510404 0.9897136 16.874023
-0.03926074 0.9969317 0.06771287 238.07007 -0.9920329 -0.0470078 0.116905384 64.01782 0.1197181 -0.06261749 0.990834 17.006226
-0.04255116 0.9969884 0.06499802 238.03198 -0.9930216 -0.049366474 0.10720812 62.958008 0.11003733 -0.05997922 0.99211437 17.136353
-0.043747663 0.996952 0.064430356 238.0105 -0.99331456 -0.050300002 0.10382846 61.914795 0.106768005 -0.0594961 0.9925058 17.277954
-0.044541713 0.9968433 0.06573642 237.9585 -0.9931311 -0.05130589 0.10514254 60.879883 0.10814963 -0.06056415 0.9922842 17.398438
-0.042580724 0.99696743 0.06516898 237.91772 -0.99285454 -0.049503684 0.108620666 59.846436 0.11149182 -0.060101256 0.99194753 17.52185
-0.04116142 0.9969297 0.066917144 237.9065 -0.9927368 -0.048396826 0.11034747 58.81909 0.11325603 -0.061912756 0.9916375 17.656982
-0.039737698 0.99687105 0.068242244 237.8628 -0.99264526 -0.04719675 0.11141612 57.81494 0.11429715 -0.06329969 0.99142694 17.779053
-0.035622116 0.9969158 0.06980195 237.82275 -0.9927377 -0.043330193 0.11215733 56.80127 0.11488168 -0.06532123 0.9912323 17.905151
-0.032325383 0.99696404 0.07116784 237.80444 -0.99271417 -0.04030848 0.11377239 55.789062 0.116279766 -0.06698645 0.99095625 18.034302
-0.02415836 0.9970679 0.072346054 237.78882 -0.99286807 -0.032371044 0.11457959 54.792236 0.1165961 -0.06906982 0.9907756 18.158813
-0.018828271 0.9972107 0.07219641 237.7793 -0.9931074 -0.027006986 0.11405338 53.79248 0.11567025 -0.06956755 0.9908497 18.279297
-0.014767762 0.99742293 0.07027492 237.76562 -0.9934463 -0.022605544 0.11211283 52.789062 0.113378495 -0.06818705 0.9912111 18.408936
-0.0061115106 0.99773926 0.066981845 237.76392 -0.9936677 -0.013574599 0.11156205 51.802002 0.11220403 -0.065860786 0.9914985 18.533691
0.0013060569 0.9977717 0.066702515 237.7732 -0.9936564 -0.006209255 0.112265795 50.81494 0.11248488 -0.06641806 0.9914318 18.654419
0.007924081 0.99784684 0.065131515 237.78271 -0.9937094 0.00058090617 0.11198489 49.828613 0.111719415 -0.06559094 0.9915716 18.7771
0.0145946145 0.99770164 0.066095315 237.79663 -0.99377954 0.0071738344 0.1111124 48.85083 0.11040255 -0.0673399 0.9916066 18.894043
0.019859552 0.9976326 0.06578672 237.82837 -0.99394095 0.012590468 0.10917237 47.862183 0.108044975 -0.06756273 0.99184734 19.014282
0.027828334 0.99753624 0.06432627 237.85791 -0.9939969 0.020809771 0.10736755 46.886475 0.10572489 -0.06691679 0.9921395 19.127808
0.03377336 0.9973783 0.064168274 237.88159 -0.99385333 0.026738346 0.10751019 45.899414 0.10550319 -0.06738037 0.9921313 19.241455
0.040270034 0.9971703 0.06349486 237.9314 -0.99345773 0.0331645 0.10928291 44.93164 0.106837936 -0.067467615 0.99198306 19.358032
0.04809505 0.9968775 0.06256186 237.97754 -0.99296284 0.040939204 0.111064926 43.96704 0.10813274 -0.067426674 0.9918434 19.466187
0.054720163 0.9965047 0.063264094 238.031 -0.992548 0.047368106 0.11236755 43.000366 0.108981125 -0.06896159 0.9916509 19.581543
0.059276875 0.99608815 0.06521277 238.10791 -0.99223554 0.051650222 0.11298782 42.04773 0.109172985 -0.07144286 0.99145544 19.691895
0.06770014 0.99553967 0.065560736 238.18774 -0.9917739 0.06000656 0.11295475 41.080444 0.10851697 -0.07263751 0.99143416 19.804932
0.074323766 0.9950832 0.065440774 238.25977 -0.9916768 0.066830754 0.11002548 40.115845 0.105143964 -0.0730715 0.99176896 19.914795
0.07943714 0.9946893 0.06499468 238.35083 -0.99150395 0.07212907 0.107966974 39.178955 0.10270336 -0.07300785 0.9920278 20.026733
0.087885976 0.99407375 0.06419198 238.44434 -0.9909416 0.08066708 0.107459866 38.218506 0.10168228 -0.07302621 0.9921308 20.136475
0.0929147 0.9936368 0.06352895 238.54492 -0.99043614 0.08570868 0.1080473 37.270508 0.10190143 -0.07296051 0.9921151 20.24353
0.10124283 0.9929518 0.06158297 238.64404 -0.989507 0.09408909 0.10964351 36.317993 0.103096254 -0.07205857 0.99206 20.342041
0.108797796 0.9923104 0.058845066 238.74683 -0.9885736 0.10179908 0.111086875 35.37451 0.10425601 -0.0702707 0.9920661 20.454102
0.11823362 0.99133587 0.057277493 238.86719 -0.9873587 0.11123555 0.11291386 34.44348 0.10557338 -0.06987111 0.99195075 20.560425
0.12706733 0.99024665 0.056402247 238.99341 -0.98617667 0.12006044 0.113865785 33.50244 0.10596653 -0.070131026 0.9918968 20.664917
0.13652991 0.98892576 0.057191916 239.12988 -0.9850969 0.12948185 0.11273532 32.577393 0.104079485 -0.07175868 0.99197906 20.77002
0.14221692 0.98814046 0.058022033 239.27075 -0.98462313 0.13521802 0.11064338 31.640015 0.10145396 -0.07282456 0.99216706 20.873047
0.14540689 0.9875107 0.05972294 239.41748 -0.98412824 0.13820757 0.11084126 30.699097 0.10117801 -0.074927315 0.99204564 20.975342
0.149109 0.9869719 0.05993419 239.56812 -0.98342204 0.14172094 0.11286947 29.755493 0.102882035 -0.07578419 0.9918034 21.08252
0.15162103 0.9866793 0.059176918 239.72363 -0.9829226 0.14417672 0.11443132 28.808228 0.10442484 -0.07548996 0.99166155 21.185059
0.15533479 0.98624736 0.057874795 239.87744 -0.98253214 0.14809676 0.11335659 27.853027 0.10323937 -0.07442105 0.99186414 21.288452
0.15714987 0.98607826 0.055271965 240.03003 -0.9822737 0.150235 0.11251328 26.895996 0.10267081 -0.071931995 0.9921077 21.402344
0.16082662 0.9854178 0.05465413 240.19556 -0.9814946 0.1538862 0.11355596 25.927246 0.10350311 -0.0719493 0.99202746 21.50708
0.16390717 0.9849917 0.053586107 240.36499 -0.9809369 0.15701365 0.11425836 24.968994 0.104161546 -0.07130307 0.9920023 21.6167
0.16763754 0.98437494 0.053643283 240.53687 -0.98050606 0.1608321 0.11275956 24.007202 0.10238969 -0.071505554 0.9921715 21.722656
0.17135198 0.9839068 0.050488036 240.70728 -0.9803406 0.16519588 0.10781449 23.02002 0.09776993 -0.06797139 0.99288553 21.822021
0.17505611 0.98335236 0.049860436 240.88501 -0.9799546 0.16908562 0.10586958 22.049072 0.095649764 -0.06736355 0.99313027 21.92627
0.18117923 0.98221594 0.04877224 241.06665 -0.97859395 0.17515332 0.107843354 21.090576 0.09740964 -0.067290336 0.9929691 22.036499
0.18532647 0.9815102 0.04735106 241.25854 -0.9775746 0.17926525 0.110289745 20.116333 0.099738896 -0.06672451 0.99277306 22.142334
0.19326635 0.98004067 0.045438375 241.44702 -0.97611517 0.18741696 0.109420516 19.14441 0.09874357 -0.06552435 0.99295545 22.239868
0.19996317 0.97878665 0.044799633 241.64185 -0.9749613 0.19422168 0.108373046 18.174316 0.09736698 -0.065349706 0.99310076 22.342651
0.20842282 0.9771495 0.04291853 241.84814 -0.97343564 0.20295674 0.10645524 17.203735 0.095290706 -0.063944116 0.9933916 22.447754
0.21675412 0.97542214 0.04016418 242.05884 -0.9714963 0.21146469 0.10731955 16.239868 0.096177556 -0.062251285 0.9934129 22.553223
0.22745632 0.97309506 0.03622381 242.28394 -0.96895593 0.22248207 0.10765825 15.279297 0.096693225 -0.059590694 0.99352896 22.653076
0.2387287 0.9706066 0.034386374 242.51978 -0.9664858 0.23392594 0.10692005 14.306885 0.095731445 -0.058749452 0.99367166 22.758667
0.25122786 0.967358 0.0344974 242.77808 -0.9635685 0.24652684 0.104146905 13.346924 0.09226192 -0.059417985 0.9939619 22.852905
0.26062852 0.9648651 0.033587623 243.03955 -0.9612002 0.25606227 0.10267719 12.39502 0.09049696 -0.059039563 0.9941449 22.9552
0.2716858 0.9617388 0.034733243 243.31226 -0.9580026 0.26684338 0.10481373 11.452515 0.091554664 -0.061756786 0.9938838 23.051147
0.28092748 0.9590305 0.035373326 243.59277 -0.95518404 0.2758559 0.1069558 10.513916 0.0928178 -0.06384337 0.99363476 23.154663
0.2941849 0.9551246 0.03591504 243.89282 -0.95132726 0.28897256 0.10754649 9.583374 0.092330694 -0.06578675 0.9935511 23.249756
0.30338883 0.95206213 0.037875928 244.20654 -0.94854426 0.2980301 0.10651074 8.642578 0.090125956 -0.06825021 0.9935897 23.347778
0.31197107 0.9491353 0.03894784 244.52222 -0.9458413 0.3065647 0.10540866 7.70874 0.0880963 -0.06975491 0.99366915 23.448608
0.32047075 0.946588 0.038746536 244.844 -0.9434419 0.31514266 0.104057916 6.7818604 0.08631522 -0.06989096 0.99381244 23.540405
0.3289356 0.94361156 0.039439395 245.17578 -0.94066244 0.32360336 0.10292674 5.8563232 0.0843584 -0.07097243 0.9939066 23.639648
0.3367552 0.94069606 0.040278994 245.51245 -0.93798643 0.33144855 0.101298735 4.9327393 0.08193112 -0.071903676 0.99404174 23.73108
0.3445578 0.9379823 0.040385574 245.8584 -0.93530613 0.33920163 0.10149244 4.0145264 0.08152864 -0.07273057 0.9940125 23.822998
0.35444582 0.9343661 0.039700523 246.20801 -0.93161875 0.34905094 0.10243873 3.10083 0.081848964 -0.073270895 0.9939459 23.91333
0.36042902 0.931848 0.040181562 246.56543 -0.9289899 0.35481277 0.10465456 2.1982422 0.083254315 -0.07505319 0.9936984 24.001465
0.3692017 0.92857593 0.039625473 246.92822 -0.9258357 0.36370015 0.103345275 1.2979736 0.081565246 -0.07483467 0.99385387 24.090088
0.3773422 0.92528284 0.039444707 247.2998 -0.9226847 0.37193102 0.10202866 0.40551758 0.07974804 -0.07489884 0.99399745 24.175781
0.38546103 0.9218266 0.040027346 247.67773 -0.91952896 0.3801831 0.09936252 -0.4798584 0.07640563 -0.07511677 0.9942437 24.261719
0.39296234 0.918605 0.040641308 248.06226 -0.91666836 0.38790175 0.09571069 -1.3671875 0.07213634 -0.07486724 0.99458134 24.349487
0.40259784 0.9145602 0.040878266 248.45728 -0.9128636 0.3976792 0.09329753 -2.238037 0.06907769 -0.074866064 0.994797 24.425537
0.40997022 0.91106206 0.04301614 248.86426 -0.90955067 0.40487674 0.09356007 -3.1021729 0.06778936 -0.07746701 0.9946871 24.497314
0.41944999 0.9066839 0.04371242 249.26343 -0.90527517 0.4142811 0.093670696 -3.9648438 0.06683184 -0.07887613 0.99464256 24.570435
0.4272661 0.9031164 0.0444098 249.67163 -0.9019271 0.42218623 0.09183506 -4.8199463 0.064188816 -0.07929173 0.99478275 24.639893
0.4350213 0.89942193 0.044663016 250.09717 -0.8983935 0.4300418 0.090270706 -5.670166 0.061971843 -0.07937461 0.99491537 24.708984
0.44477487 0.8947073 0.04479124 250.53076 -0.89370364 0.43972412 0.090904705 -6.5201416 0.061631244 -0.08043185 0.9948505 24.779419
0.45266378 0.8906377 0.04376314 250.95361 -0.88962513 0.44770315 0.090457626 -7.353882 0.060981497 -0.079875626 0.99493706 24.839111
0.46124834 0.8862126 0.04376605 251.39478 -0.8852031 0.45621887 0.09118655 -8.196289 0.060854968 -0.080790155 0.99487025 24.915283
0.4692964 0.881971 0.044139847 251.84595 -0.8810667 0.4642753 0.090721644 -9.020996 0.05951198 -0.081462346 0.9948982 24.974243
0.4762871 0.87811464 0.04397417 252.29956 -0.87738156 0.4714682 0.08825795 -9.845093 0.056784548 -0.08063873 0.99512565 25.037476
0.48344514 0.8743076 0.04419477 252.76587 -0.8737921 0.47884965 0.08531446 -10.679443 0.05339891 -0.07985773 0.9953759 25.101196
0.4871659 0.8718998 0.046730034 253.23242 -0.87173766 0.48263913 0.08280685 -11.495972 0.04964932 -0.081082396 0.9954703 25.164429
0.49231634 0.8689892 0.04878567 253.71777 -0.8691165 0.48784637 0.080883995 -12.328003 0.046498675 -0.082240336 0.9955283 25.211426
0.4957284 0.86706805 0.04966301 254.19263 -0.8674319 0.49149287 0.077580325 -13.15271 0.04285121 -0.08154673 0.99574894 25.256592
0.49741453 0.86585647 0.051457174 254.66675 -0.86651576 0.49338675 0.07416431 -13.96228 0.038823456 -0.081505015 0.9959187 25.308228
