1.0 0.0 0.0 0.0 0.0 1.0 0.0 0.0 0.0 0.0 1.0 0.0
0.99994653 0.010274547 0.001122134 0.303833 -0.010271444 0.99994344 -0.002736705 -0.009277344 -0.0011502032 0.0027250322 0.99999565 0.009277344
0.99984515 0.017529514 0.0014953446 0.5864258 -0.017521095 0.99983144 -0.0054673906 -0.021484375 -0.001590984 0.0054403376 0.9999839 0.0073242188
0.99978054 0.020953033 -0.00034051374 0.8898926 -0.020955004 0.99975216 -0.007531394 -0.028442383 0.00018267348 0.0075368737 0.99997157 0.009033203
0.99982464 0.018668609 -0.0014814982 1.2020264 -0.018682456 0.9997759 -0.009960894 -0.036743164 0.0012952607 0.009986827 0.99994934 0.0072021484
0.999925 0.011974873 -0.0025772492 1.5203857 -0.012002852 0.99986607 -0.011131716 -0.03918457 0.002443649 0.011161801 0.99993473 0.0034179688
0.9999921 -9.846423e-05 -0.00398429 1.8464355 4.955932e-05 0.9999247 -0.012266157 -0.03967285 0.003985198 0.012265863 0.9999168 0.020507812
0.9998728 -0.01531403 -0.0044446173 2.1767578 0.01525782 0.99980646 -0.012419029 -0.017333984 0.0046339375 0.012349623 0.99991304 0.025390625
0.99936604 -0.03526944 -0.004905295 2.5228271 0.035227172 0.9993438 -0.008450523 0.0078125 0.0052000307 0.008272365 0.99995226 0.02709961
0.99848014 -0.05477632 -0.0061036637 2.8757324 0.054745242 0.99848723 -0.005147207 0.045898438 0.0063763633 0.004805235 0.9999681 0.02734375
0.9972628 -0.07366386 -0.0063733035 3.2410889 0.073635034 0.99727446 -0.0046450202 0.084106445 0.006698164 0.0041630007 0.9999689 0.029418945
0.99544215 -0.09518395 -0.005882531 3.6237793 0.09514564 0.9954421 -0.006479356 0.13134766 0.0064725894 0.005890024 0.9999617 0.03100586
0.99339455 -0.11461114 -0.005078567 4.0093994 0.11457211 0.9933844 -0.007407905 0.18261719 0.005894038 0.006777032 0.99995965 0.03564453
0.99121004 -0.13223766 -0.004243306 4.4140625 0.13220853 0.9912014 -0.0065385667 0.24865723 0.005070516 0.0059201177 0.9999696 0.040527344
0.9889581 -0.14818299 -0.0033415698 4.828491 0.14816448 0.98895264 -0.005238453 0.32287598 0.0040808422 0.004685628 0.9999807 0.045288086
0.9869416 -0.1610232 -0.0035487222 5.253418 0.16100666 0.9869402 -0.0045387475 0.40319824 0.004233434 0.0039082705 0.99998343 0.049682617
0.98484784 -0.17336439 -0.004444229 5.6937256 0.17333713 0.98484486 -0.0059250286 0.48950195 0.0054040826 0.0050650765 0.9999726 0.057495117
0.9830582 -0.18319538 -0.0057649985 6.1413574 0.18314467 0.98304904 -0.008356554 0.571167 0.0071979724 0.0071590175 0.9999485 0.06774902
0.9815642 -0.1909817 -0.0077822753 6.609497 0.1909256 0.981578 -0.0074141836 0.6652832 0.009054849 0.005791816 0.99994224 0.072387695
0.980248 -0.19755302 -0.009670815 7.0845947 0.19748612 0.9802808 -0.0074506174 0.7717285 0.010951934 0.0053934064 0.99992543 0.07006836
0.97853273 -0.20574754 -0.0124137085 7.574707 0.20565829 0.9785967 -0.008098768 0.8820801 0.0138138775 0.005372579 0.99989015 0.07824707
0.97658277 -0.21467458 -0.0138907 8.075317 0.2145085 0.9766377 -0.012526035 0.99194336 0.016255843 0.009253372 0.99982506 0.08483887
0.975075 -0.22147897 -0.01289816 8.593628 0.22123349 0.9750482 -0.018099943 1.1008301 0.016584713 0.014794964 0.9997531 0.09838867
0.9730311 -0.23021218 -0.014858617 9.118164 0.22992754 0.97303283 -0.018667305 1.2252197 0.018755239 0.014747715 0.9997153 0.12011719
0.97111815 -0.23770908 -0.020493079 9.650024 0.23743264 0.97128564 -0.015043881 1.3729248 0.023480166 0.009743444 0.9996769 0.11828613
0.9687227 -0.24692851 -0.024416056 10.202637 0.24669147 0.9690123 -0.012334477 1.5286865 0.026705075 0.0059248544 0.9996258 0.13024902
0.96637124 -0.2558223 -0.026299194 10.762451 0.25547662 0.9666911 -0.015814181 1.6790771 0.029468916 0.008564048 0.999529 0.14953613
0.9641639 -0.26390806 -0.027264893 11.333618 0.2635258 0.96450686 -0.016837236 1.8352051 0.030740716 0.009049135 0.9994865 0.16992188
0.9620696 -0.27120706 -0.030058613 11.922119 0.27081305 0.96250737 -0.016563209 2.01062 0.033422973 0.0077974936 0.999411 0.19189453
0.95990187 -0.27825895 -0.03410144 12.510498 0.27785027 0.9604884 -0.016283505 2.190918 0.037283726 0.0061516333 0.9992853 0.21032715
0.9575847 -0.2855511 -0.039059237 13.115112 0.2850666 0.95836425 -0.017577924 2.3781738 0.04245016 0.005699238 0.9990822 0.23828125
0.95517 -0.2925741 -0.045917965 13.731567 0.29201198 0.95626295 -0.018656254 2.5706787 0.0493654 0.004415567 0.998771 0.26831055
0.95365375 -0.29582837 -0.054727055 14.359741 0.29521143 0.9552202 -0.019215383 2.7731934 0.057963647 0.0021664798 0.99831665 0.29956055
0.9519282 -0.29955164 -0.06368974 14.996338 0.29892042 0.9540571 -0.019447204 2.982788 0.06658951 -0.0005334364 0.99777967 0.34033203
0.9500747 -0.30340165 -0.072690696 15.645386 0.30282548 0.9528448 -0.019087354 3.2001953 0.0750546 -0.0038852794 0.9971706 0.3753662
0.9482703 -0.30705854 -0.080557734 16.303955 0.30663443 0.9516542 -0.0178904 3.4281006 0.08215768 -0.0077370848 0.9965896 0.428833
0.9460325 -0.31204635 -0.0877365 16.967407 0.31182584 0.9500187 -0.016553827 3.6577148 0.08851743 -0.011686751 0.9960075 0.48986816
0.94403064 -0.31621572 -0.09400679 17.645264 0.3161627 0.94858366 -0.015846875 3.8951416 0.09418531 -0.01475427 0.99544674 0.5518799
0.94216317 -0.31971282 -0.10054277 18.336426 0.31997854 0.9473202 -0.013914283 4.147949 0.099694 -0.019060455 0.99483615 0.61743164
0.939751 -0.32520506 -0.10560772 19.037964 0.32600817 0.94533575 -0.010046905 4.4051514 0.10310215 -0.024977993 0.994358 0.6894531
0.9380931 -0.32936358 -0.107412234 19.752686 0.330216 0.9438708 -0.01026703 4.666748 0.10476348 -0.02583683 0.99415976 0.7615967
0.93601984 -0.33540338 -0.10656821 20.479126 0.33639312 0.94167125 -0.009097767 4.9387207 0.10340205 -0.027338639 0.9942626 0.8499756
0.9340571 -0.3412082 -0.105707265 21.211304 0.34223413 0.9396074 -0.008838804 5.2094727 0.10233852 -0.02791781 0.99435586 0.9296875
0.93166417 -0.34799498 -0.10421698 21.95166 0.3488742 0.93709123 -0.010259438 5.4902344 0.10123427 -0.0268046 0.9945023 1.0128174
0.92995375 -0.35370386 -0.1003208 22.68689 0.35467723 0.93494076 -0.0085611325 5.7790527 0.09682287 -0.027620347 0.99491894 1.0976562
0.92560756 -0.36609697 -0.09607862 23.452393 0.3671867 0.9301281 -0.006730466 6.0915527 0.09182684 -0.029051092 0.9953501 1.1749268
0.92343944 -0.37254512 -0.09168085 24.209106 0.37376645 0.9274787 -0.004121224 6.401367 0.08656591 -0.030468114 0.9957801 1.2531738
0.92002994 -0.3815596 -0.08945182 24.973633 0.3830249 0.9237615 -0.00083657145 6.7338867 0.082954414 -0.03348695 0.99599105 1.3287354
0.9168814 -0.38948652 -0.08760908 25.738403 0.39095554 0.9204331 -0.0004161829 7.064209 0.08080113 -0.033857644 0.9961563 1.4060059
0.9127085 -0.39903572 -0.08817993 26.516357 0.4006005 0.9162764 5.4999255e-05 7.412842 0.08077584 -0.035372593 0.99610406 1.4782715
0.9095488 -0.4063029 -0.08710326 27.291016 0.40793744 0.91298085 0.0010616258 7.7668457 0.07909449 -0.036505047 0.99619853 1.5452881
0.90538543 -0.41590723 -0.08551599 28.08374 0.41762087 0.908628 0.0023756279 8.143066 0.07671408 -0.03786996 0.9963324 1.6138916
0.9018516 -0.42386833 -0.083615124 28.876953 0.4254921 0.90495664 0.0017765714 8.518555 0.07491623 -0.037183568 0.99649596 1.6864014
0.8991614 -0.43044052 -0.078780904 29.676392 0.43184295 0.9019346 0.0008555376 8.905518 0.07068915 -0.034789108 0.9968922 1.7583008
0.8955217 -0.4388015 -0.07393529 30.493164 0.440233 0.89786327 0.0034366022 9.316895 0.06487231 -0.035637528 0.9972554 1.8166504
0.8926497 -0.44541568 -0.06950478 31.305298 0.44666532 0.89472574 0.0027456172 9.725952 0.060963247 -0.03349792 0.99757683 1.8858643
0.8888495 -0.4531707 -0.06732653 32.131104 0.45438647 0.89076954 0.0031199013 10.156006 0.058558177 -0.033362012 0.9977271 1.9399414
0.88573223 -0.4595396 -0.065872855 32.96399 0.46072912 0.88755393 0.003281597 10.592163 0.056958135 -0.033243157 0.9978241 2.0002441
0.8829682 -0.46504185 -0.06415191 33.80713 0.46611384 0.88472885 0.0019963856 11.035034 0.05583123 -0.031662468 0.99793845 2.0506592
0.8799918 -0.470818 -0.062481944 34.65381 0.47179866 0.88168234 0.001067555 11.501465 0.054585308 -0.03042108 0.99804556 2.1096191
0.8779509 -0.4747641 -0.061477084 35.510376 0.47566405 0.87961453 5.5641867e-06 11.96936 0.054074228 -0.029250335 0.9981084 2.1654053
0.87623346 -0.47802985 -0.061136805 36.379395 0.47893828 0.8778689 0.00023294939 12.449707 0.05355806 -0.029485133 0.99812907 2.2235107
0.8748291 -0.4804175 -0.062208403 37.257202 0.48131335 0.8765464 -0.00066421134 12.940918 0.054848015 -0.029360835 0.998063 2.2766113
0.87463593 -0.48084697 -0.06133797 38.146973 0.4817139 0.8763078 -0.0007481857 13.441162 0.054108784 -0.028896712 0.99811655 2.3358154
0.87433034 -0.48172113 -0.05942373 39.04944 0.4825681 0.87588084 -0.0001085049 13.94043 0.05210046 -0.0285766 0.998233 2.3950195
0.8736633 -0.48313898 -0.0580649 39.9657 0.48390585 0.8751663 -0.0009676684 14.461914 0.051284075 -0.02724549 0.99831253 2.4509277
0.87398237 -0.48249507 -0.05742014 40.88684 0.48316702 0.87549245 -0.0024619394 14.973145 0.051460154 -0.025594868 0.99834716 2.5075684
0.87221676 -0.48569593 -0.05781215 41.81653 0.48625538 0.87380487 -0.0049066376 15.496826 0.052899603 -0.023825204 0.99831617 2.571167
0.8716349 -0.48706746 -0.054884396 42.751953 0.4875529 0.8730761 -0.00508104 16.024658 0.050391804 -0.022335706 0.9984791 2.6275635
0.86880606 -0.49245942 -0.050945874 43.688965 0.49286294 0.8700549 -0.005189636 16.561768 0.04688219 -0.02060803 0.99868745 2.6871338
0.8660225 -0.4977493 -0.04637059 44.600464 0.49808627 0.8670558 -0.0048018293 17.099121 0.042598467 -0.018940195 0.99891305 2.749878
0.8631994 -0.5030528 -0.044211738 45.535522 0.50332755 0.8641535 -0.0054896185 17.640991 0.040966164 -0.01750872 0.99900705 2.7955322
0.85772914 -0.5120752 -0.044992283 46.460327 0.5122186 0.85877377 -0.009157608 18.193848 0.043328974 -0.015192876 0.99894536 2.8521729
0.8525136 -0.5205614 -0.046520125 47.373535 0.5205885 0.8536743 -0.012493195 18.74707 0.046216536 -0.013572692 0.998839 2.914917
0.8459826 -0.5311897 -0.04637841 48.286865 0.53124267 0.8471318 -0.012201133 19.325684 0.045768365 -0.014314384 0.9988495 2.9664307
0.84103125 -0.5392152 -0.04217538 49.1958 0.53933185 0.8419591 -0.0095441 19.917236 0.04065604 -0.014722359 0.99906474 3.0180664
0.8364938 -0.5464748 -0.03903007 50.097168 0.54666865 0.8372528 -0.006473778 20.518799 0.03621641 -0.015931047 0.9992166 3.0717773
0.8322091 -0.5529451 -0.041518804 50.988525 0.55322444 0.83304054 -0.005466224 21.113892 0.037612267 -0.018416008 0.999123 3.1209717
0.8280392 -0.5588476 -0.045412533 51.873047 0.5590977 0.8290747 -0.008180431 21.717651 0.042221345 -0.018615732 0.9989348 3.1705322
0.8258254 -0.5615682 -0.05244059 52.755615 0.56189054 0.82721233 -0.009780057 22.32898 0.048867755 -0.02138532 0.998576 3.230713
0.821866 -0.56709236 -0.05354185 53.64087 0.56741863 0.823318 -0.010372619 22.946411 0.049965292 -0.021858562 0.9985118 3.2855225
0.8192917 -0.5711004 -0.050061926 54.52124 0.57140976 0.82055146 -0.009312779 23.564209 0.046396922 -0.020975986 0.9987032 3.345581
0.8154891 -0.5771441 -0.044219807 55.404053 0.5774802 0.8164267 -0.0060361396 24.208496 0.039588675 -0.020604463 0.9990042 3.399292
0.8133586 -0.5802134 -0.04235013 56.28662 0.5805621 0.81419766 -0.0047933473 24.845581 0.037265573 -0.020687545 0.99909157 3.458252
0.81004864 -0.5848416 -0.043132644 57.166748 0.5852382 0.81089985 -0.004089811 25.479858 0.037367698 -0.021925163 0.99906117 3.501587
0.8063526 -0.5897112 -0.044597823 58.035156 0.59008515 0.8072923 -0.0056686737 26.131592 0.03934393 -0.021749003 0.9989888 3.5461426
0.80353975 -0.59351456 -0.045423973 58.89331 0.5937932 0.8045716 -0.008557623 26.777222 0.04162201 -0.020093612 0.99893135 3.612915
0.7988093 -0.5999071 -0.044600166 59.77124 0.6001364 0.79982466 -0.00954459 27.426636 0.0414002 -0.019143987 0.9989593 3.6600342
0.79434776 -0.60590875 -0.043832168 60.639893 0.60615104 0.79531986 -0.009043535 28.101685 0.04034143 -0.019380085 0.99899834 3.708374
0.7898138 -0.6118768 -0.04349576 61.50464 0.61213225 0.7907649 -0.008736061 28.776123 0.039739445 -0.019725539 0.9990151 3.7609863
0.7840514 -0.619002 -0.044050004 62.365234 0.6192178 0.7850513 -0.010214927 29.458496 0.040902913 -0.019272707 0.9989771 3.8164062
0.7792132 -0.6252327 -0.04394395 63.21753 0.6253996 0.7802323 -0.011539254 30.150757 0.04150075 -0.018489713 0.99896735 3.8677979
0.77396184 -0.6315797 -0.04449204 64.07324 0.63169926 0.77503127 -0.0131025165 30.84497 0.04275943 -0.01796524 0.998924 3.921753
0.769311 -0.6372998 -0.04516882 64.927 0.6373894 0.77042973 -0.014258483 31.564209 0.04388506 -0.017817756 0.99887776 3.9750977
0.76327664 -0.64443344 -0.045267154 65.77319 0.6444213 0.764443 -0.016816504 32.283203 0.045440584 -0.016334716 0.9988336 4.0318604
0.7569066 -0.6520317 -0.044212937 66.6189 0.65198046 0.7580373 -0.017554872 33.01111 0.044961102 -0.0155344205 0.99886817 4.0863037
0.75032914 -0.6595449 -0.04240064 67.45947 0.6594858 0.7513777 -0.017353512 33.756348 0.04330794 -0.014950607 0.9989498 4.1429443
0.74557006 -0.6651721 -0.04023859 68.298096 0.6650566 0.7465377 -0.018143222 34.503906 0.042106055 -0.013234851 0.9990255 4.2041016
0.7376432 -0.67391646 -0.04054553 69.130615 0.6737076 0.73865813 -0.020677049 35.26709 0.043881644 -0.012066338 0.99896383 4.2574463
0.73228055 -0.6798027 -0.041115686 69.95679 0.6795496 0.7333387 -0.021999069 36.04004 0.04510518 -0.01183303 0.998912 4.3188477
0.72727853 -0.6851537 -0.04105965 70.782715 0.6849198 0.7283326 -0.021726903 36.82617 0.04479126 -0.012319924 0.99892044 4.375366
0.7209977 -0.6918918 -0.040145602 71.61328 0.6916696 0.7220097 -0.021427326 37.62976 0.04380659 -0.012318996 0.99896383 4.432251
0.71642214 -0.69647485 -0.04095425 72.42822 0.69633496 0.71745056 -0.019937465 38.43689 0.043266263 -0.014233786 0.99896216 4.4886475
0.7110578 -0.70179754 -0.041235287 73.24829 0.70162714 0.71211344 -0.020903185 39.25232 0.044039916 -0.014075033 0.99893075 4.548462
0.7063018 -0.70657164 -0.04307702 74.06494 0.7063387 0.7074719 -0.023016756 40.06909 0.04674339 -0.014166306 0.9988069 4.607544
0.701843 -0.71099734 -0.045577627 74.88013 0.7107241 0.703162 -0.024773465 40.89868 0.049655735 -0.015009125 0.998653 4.6691895
0.6961102 -0.71642286 -0.046894785 75.68628 0.7161642 0.6975022 -0.025112227 41.741455 0.050692737 -0.016103072 0.99858415 4.7404785
0.69110596 -0.72141063 -0.04402155 76.499756 0.721105 0.6923605 -0.02535404 42.598267 0.04877279 -0.014223412 0.99870867 4.800659
0.6869501 -0.7253537 -0.042434145 77.30542 0.7250102 0.6881362 -0.025844382 43.450806 0.047948062 -0.013015002 0.9987651 4.8669434
0.6815021 -0.73049206 -0.042579085 78.1084 0.7300939 0.68271554 -0.027192373 44.322754 0.04893641 -0.01256148 0.9987228 4.9404297
0.6780266 -0.7338045 -0.041765634 78.92236 0.7333749 0.6792091 -0.027753165 45.198364 0.048732046 -0.011815589 0.99874187 4.9992676
0.6729429 -0.73857296 -0.040915612 79.71802 0.7380796 0.6741016 -0.029026333 46.08667 0.049014352 -0.01067024 0.9987407 5.06604
0.66826814 -0.7428767 -0.039343104 80.51611 0.74236137 0.66935617 -0.029299142 46.97693 0.04809577 -0.009630266 0.998796 5.130005
0.66607773 -0.7450138 -0.03792843 81.31421 0.74431753 0.6671267 -0.032831594 47.868652 0.04975209 -0.0063627264 0.9987409 5.1955566
0.66166955 -0.74881256 -0.036794014 82.11182 0.7479368 0.6626826 -0.03637656 48.769043 0.051622625 -0.003450538 0.9986608 5.2630615
0.65538913 -0.75443774 -0.035856865 82.89697 0.7533318 0.6563687 -0.040842477 49.68335 0.05434797 -0.00023480412 0.9985226 5.324585
0.6510842 -0.7583826 -0.03051056 83.69629 0.75708073 0.6517696 -0.044838946 50.604248 0.053891383 0.006104341 0.9985288 5.4002686
0.64112383 -0.76706177 -0.02657598 84.4834 0.76554114 0.64157206 -0.049621914 51.528564 0.055102985 0.011469821 0.9984146 5.4726562
0.6337908 -0.7731873 -0.02340224 85.26196 0.77170837 0.6340814 -0.04963646 52.473633 0.05321475 0.013397733 0.998493 5.5529785
0.6244854 -0.7808218 -0.020159604 86.02661 0.7794047 0.6246275 -0.04939054 53.43579 0.05115813 0.015130465 0.99857587 5.612915
0.6149632 -0.7882466 -0.019325107 86.789795 0.7868353 0.61507726 -0.049558934 54.405273 0.05095576 0.015267938 0.9985841 5.687866
0.6069214 -0.79442763 -0.021777593 87.53955 0.79297227 0.6071737 -0.049786747 55.384033 0.052773807 0.012956324 0.99852294 5.762207
0.59605783 -0.80258566 -0.020897932 88.274414 0.8010297 0.59625435 -0.051952586 56.380127 0.054152835 0.014234524 0.99843174 5.831665
0.58696526 -0.80927783 -0.022181984 89.005615 0.8076169 0.58722836 -0.053561386 57.38257 0.056373008 0.013528973 0.99831843 5.9033203
0.5778117 -0.8159725 -0.01711807 89.72998 0.8143422 0.5777995 -0.054457687 58.40039 0.05432353 0.017532602 0.9983698 5.9831543
0.5664165 -0.8239641 -0.014369808 90.44043 0.8223631 0.56627244 -0.054827332 59.431885 0.05331056 0.019234134 0.99839246 6.0567627
0.5547975 -0.8318288 -0.013825711 91.13989 0.8301793 0.5546258 -0.055883244 60.479004 0.054160513 0.019530313 0.9983416 6.1342773
0.54691577 -0.83705395 -0.014982782 91.828125 0.8353686 0.54681927 -0.056120094 61.529297 0.05516232 0.01817378 0.9983118 6.2059326
0.53452915 -0.8451139 -0.015584854 92.503174 0.84335804 0.534473 -0.057154763 62.593506 0.05662989 0.017402777 0.9982432 6.283081
0.5262609 -0.85021836 -0.016404122 93.16382 0.8484501 0.52626926 -0.057132166 63.66626 0.057201497 0.01614234 0.9982317 6.362549
0.5145783 -0.8574605 -0.016904866 93.80786 0.85565877 0.5146326 -0.05759405 64.756836 0.058064133 0.015174489 0.9981974 6.444702
0.5052673 -0.86288995 -0.01634987 94.456055 0.86123574 0.5053443 -0.055158384 65.85327 0.05584357 0.013786421 0.99834406 6.5201416
0.49962428 -0.8660993 -0.012273843 95.09253 0.86457235 0.4995081 -0.053939838 66.96387 0.052851163 0.016333831 0.9984685 6.596924
0.49110064 -0.8710409 -0.011751242 95.7168 0.86951417 0.49096948 -0.054092124 68.07715 0.052871514 0.016352702 0.99846745 6.6798096
0.48196703 -0.87598556 -0.011167306 96.33447 0.8742727 0.48175922 -0.057642642 69.200195 0.05589089 0.018018395 0.9982743 6.7542725
0.47848207 -0.8780789 -0.009973453 96.95068 0.8762196 0.47815755 -0.060596928 70.3147 0.0579718 0.020250876 0.9981124 6.8380127
0.4699832 -0.88252354 -0.009130696 97.55737 0.8804559 0.46954703 -0.064334705 71.44751 0.061074205 0.022206683 0.99788684 6.921631
0.46542653 -0.8849026 -0.008347814 98.157715 0.8826535 0.46487987 -0.06748596 72.572266 0.06361309 0.02404544 0.9976852 7.0113525
0.46196645 -0.8868904 -0.0065509393 98.75122 0.88467497 0.46131188 -0.067611516 73.71289 0.06299168 0.02543517 0.99768966 7.102539
0.45634407 -0.8898026 -0.0023831052 99.3374 0.88777333 0.4554808 -0.0663354 74.85669 0.060108937 0.028158251 0.9977948 7.192993
0.4534779 -0.8912721 0.0034778505 99.9209 0.8895153 0.45233232 -0.06463619 75.98486 0.056034192 0.032395877 0.99790263 7.2851562
0.44847876 -0.89366704 0.0055463007 100.49585 0.89204973 0.44727477 -0.06322775 77.12207 0.054031957 0.033302672 0.99798363 7.3673096
0.44747728 -0.8943523 0.00677009 101.061035 0.8927653 0.44620338 -0.063412964 78.256836 0.053680044 0.0344209 0.997965 7.451416
0.44452852 -0.89562976 0.010031195 101.625 0.89421314 0.44312742 -0.062284436 79.39111 0.05135426 0.036657587 0.9980075 7.532715
0.44355005 -0.896285 0.012190238 102.17456 0.89499223 0.44207516 -0.06139681 80.51099 0.04963726 0.038133033 0.99803865 7.6088867
0.4399948 -0.8976963 0.014271478 102.724365 0.8964707 0.43841523 -0.061575666 81.63428 0.049028173 0.039897986 0.9980008 7.6862793
0.43899506 -0.8984354 0.01649698 103.26636 0.89729553 0.43730634 -0.06163107 82.73389 0.0481524 0.041853994 0.99796253 7.7593994
0.4364882 -0.89923507 0.020416453 103.80469 0.8982769 0.4346321 -0.06130494 83.84253 0.046255246 0.045114215 0.9979112 7.8355713
0.43547893 -0.899931 0.022414958 104.33447 0.8990969 0.43356863 -0.060506634 84.94849 0.044738553 0.046486694 0.9979156 7.910034
0.4334657 -0.90089405 0.02407009 104.85156 0.9000967 0.4314416 -0.061366517 86.00635 0.044905446 0.04827031 0.9978246 7.982544
0.43292707 -0.9009409 0.025389664 105.36621 0.9001843 0.4308205 -0.061872493 87.08447 0.044804513 0.049650345 0.9977616 8.051758
0.4313746 -0.9016522 0.024921082 105.884766 0.9007868 0.42919987 -0.06367563 88.1543 0.046733323 0.049942218 0.9976593 8.122681
0.43086123 -0.9021456 0.02338409 106.37305 0.9011908 0.42874724 -0.063908935 89.20581 0.047649354 0.04861328 0.99768037 8.194214
0.43391335 -0.90086126 0.021316342 106.86841 0.89985585 0.4319371 -0.06304723 90.25415 0.04758129 0.04653213 0.9977828 8.263794
0.43901426 -0.89827913 0.018989623 107.35205 0.8971512 0.43711963 -0.06360442 91.27881 0.04882136 0.044949085 0.9977952 8.335205
0.44257647 -0.8963745 0.016885329 107.84839 0.8951648 0.44078308 -0.063548125 92.30322 0.04951955 0.043247003 0.9978368 8.403687
0.4497014 -0.8929268 0.014920117 108.3562 0.8916634 0.44800848 -0.063234486 93.32666 0.04978192 0.041752327 0.9978878 8.473633
0.4565361 -0.8894575 0.014125219 108.858154 0.8882095 0.45490336 -0.0625063 94.32178 0.049174257 0.04108599 0.9979451 8.541504
0.4633405 -0.8861518 0.013204421 109.36621 0.88497716 0.46182558 -0.060459483 95.326416 0.047475364 0.039693378 0.9980832 8.607544
0.4735831 -0.8807147 0.012596794 109.89282 0.8795433 0.47209185 -0.06025779 96.315674 0.047112893 0.03961179 0.99810386 8.671875
0.48152113 -0.8765077 0.011408968 110.41797 0.8753397 0.4801055 -0.0594681 97.29932 0.046639588 0.03861343 0.99816483 8.740845
0.49228036 -0.8704632 0.009016788 110.95752 0.8692136 0.49095646 -0.059645794 98.27173 0.047475606 0.037196442 0.9981795 8.80481
0.50267977 -0.8643377 0.00581644 111.495605 0.8629116 0.501439 -0.06118431 99.21973 0.049970813 0.035775375 0.9981097 8.868164
0.5134131 -0.85823864 0.0016340092 112.04956 0.856665 0.51235473 -0.061531797 100.16846 0.051966872 0.032987613 0.9981036 8.932983
0.52670693 -0.850118 -0.0013790261 112.61743 0.8486135 0.5258699 -0.058630068 101.11377 0.05056759 0.029707167 0.99827856 9.001953
0.53753847 -0.84311414 -0.0021588197 113.19287 0.84171796 0.5367921 -0.056215294 102.03662 0.048556667 0.02840748 0.9984168 9.069214
0.5521769 -0.83369714 -0.001923942 113.792725 0.8324181 0.55145496 -0.054154206 102.95557 0.04620107 0.0283018 0.99853116 9.129761
0.5620211 -0.82723224 -0.0025752857 114.39282 0.8259949 0.5613455 -0.0530158 103.84717 0.045295496 0.027669176 0.99859035 9.1936035
0.5733073 -0.8193172 -0.0034600068 115.00171 0.8180571 0.5726501 -0.053177707 104.73755 0.04555615 0.027659662 0.9985789 9.251831
0.5846501 -0.81130415 -0.0045469743 115.63086 0.8099967 0.58400923 -0.053748004 105.60571 0.04626046 0.027737852 0.99854404 9.316772
0.5954444 -0.8033678 -0.0037419328 116.25293 0.8019905 0.59468395 -0.055956073 106.45557 0.04717293 0.030326596 0.99842685 9.374634
0.605864 -0.795621 -0.004912861 116.884766 0.7942685 0.6051725 -0.054881 107.29663 0.046631675 0.02935347 0.9984811 9.442383
0.61729 -0.7866518 -0.003998865 117.52661 0.7854331 0.6166021 -0.052732084 108.12671 0.043951742 0.029408129 0.9986006 9.501221
0.6264487 -0.77956814 -0.0022501054 118.163086 0.7784773 0.62571996 -0.051154256 108.936035 0.04127826 0.030289615 0.9986882 9.557251
0.63710123 -0.77069944 -0.0033853347 118.82178 0.7696555 0.6364555 -0.04942506 109.73584 0.04024384 0.028885432 0.9987725 9.613037
0.64674604 -0.76259875 -0.0059249373 119.45972 0.76155835 0.64623463 -0.047774307 110.50537 0.04026498 0.026388941 0.9988407 9.667847
0.65604025 -0.7546269 -0.008794585 120.1084 0.7535393 0.6556461 -0.047265466 111.270996 0.041438013 0.024375642 0.9988434 9.717285
0.6658788 -0.7459727 -0.009098648 120.78003 0.7449551 0.66552526 -0.045518074 112.028076 0.040002316 0.023536736 0.99892265 9.770386
0.6734315 -0.7391966 -0.008765931 121.43848 0.73827493 0.6731057 -0.04333967 112.75635 0.037928045 0.02271558 0.99902236 9.82251
0.6828483 -0.730481 -0.0076301675 122.1062 0.7296137 0.6824835 -0.04269688 113.47803 0.03639505 0.023591116 0.9990592 9.873901
0.69174063 -0.7221433 -0.006858048 122.781006 0.7213429 0.6913673 -0.041462097 114.19336 0.034679834 0.023738196 0.99911666 9.925049
0.69837123 -0.7155868 -0.008638916 123.44336 0.714779 0.6980732 -0.040579915 114.87744 0.035069443 0.022160148 0.999139 9.968872
0.7066553 -0.7074296 -0.008250623 124.12891 0.70665693 0.706349 -0.03991433 115.566895 0.034071684 0.022373373 0.9991688 10.017578
0.71301925 -0.7010415 -0.007333372 124.78638 0.7004044 0.7127521 -0.036440827 116.234375 0.030772742 0.02085133 0.9993091 10.054565
0.71966535 -0.6942486 -0.006150181 125.4646 0.6937214 0.7194166 -0.033583336 116.89331 0.027737036 0.01989816 0.99941707 10.103516
0.7281971 -0.6853807 -0.005705586 126.13916 0.6848997 0.72795534 -0.03231153 117.541504 0.026293227 0.019617096 0.99946165 10.138306
0.7351614 -0.67781085 -0.006371956 126.79761 0.6773612 0.73496234 -0.030710699 118.156006 0.025495745 0.018263156 0.99950826 10.179565
0.74272555 -0.6694254 -0.007910196 127.46997 0.6690055 0.74259716 -0.028557576 118.767334 0.024991933 0.015917258 0.99956095 10.20874
0.7524657 -0.6585928 -0.0065640183 128.14575 0.6582718 0.7523508 -0.025276784 119.36914 0.021582406 0.0146983955 0.999659 10.247803
0.7608352 -0.64875096 -0.005102205 128.80762 0.64850974 0.7607286 -0.022391204 119.94385 0.01840993 0.013727736 0.9997363 10.275879
0.771521 -0.636295 -0.005200351 129.48828 0.6361125 0.7714551 -0.019004876 120.51172 0.016099349 0.011356507 0.999806 10.306763
0.7804887 -0.6251005 -0.006424486 130.15015 0.62491506 0.78044665 -0.018412748 121.04785 0.016523615 0.010355157 0.99980986 10.33252
0.7902077 -0.61276567 -0.008687777 130.82349 0.61254877 0.79019654 -0.018945627 121.58667 0.018473797 0.009651162 0.9997828 10.3573
0.8005106 -0.5991855 -0.008783322 131.5149 0.5989954 0.8005119 -0.017408932 122.11133 0.017463952 0.008675296 0.9998099 10.379639
0.8098193 -0.5865639 -0.0075854766 132.19678 0.58640486 0.80980873 -0.016160836 122.60693 0.015624202 0.008639514 0.9998406 10.401733
0.8202279 -0.57186824 -0.0059488406 132.90454 0.57175064 0.82020766 -0.014255518 123.1084 0.013033284 0.008291586 0.9998807 10.428101
0.829345 -0.5585727 -0.004182061 133.59644 0.55848706 0.82931393 -0.012835188 123.583984 0.010639336 0.008307539 0.99990886 10.451416
0.8378121 -0.5459961 -0.0013538576 134.30469 0.5459522 0.8377715 -0.010849216 124.052246 0.0070584603 0.008351014 0.9999402 10.465332
0.8471297 -0.5313631 0.00045591453 135.04443 0.53133976 0.847084 -0.010117933 124.51294 0.004989755 0.008812935 0.9999488 10.480957
0.85288084 -0.52227527 0.0025540418 135.75195 0.5222713 0.8528233 -0.010425769 124.961914 0.0032662652 0.010225328 0.9999424 10.495728
0.8591662 -0.51183796 0.0025384827 136.48413 0.5118357 0.8591129 -0.010005926 125.3938 0.0029395674 0.009895721 0.9999467 10.510986
0.86683065 -0.4987034 0.0016117287 137.23169 0.49870086 0.86680233 -0.007357634 125.823975 0.0022712587 0.0071813846 0.9999716 10.521851
0.87237686 -0.48873994 0.0015452164 137.9607 0.48874012 0.87235916 -0.0057451637 126.25879 0.0014611278 0.0057670986 0.99998236 10.532349
0.879548 -0.47579983 0.0019784225 138.7351 0.47580358 0.8795348 -0.004868528 126.66528 0.00057716947 0.005223198 0.9999862 10.535156
0.8845273 -0.46655554 0.0020987522 139.4707 0.4665598 0.8845116 -0.0053130323 127.07373 0.00062253047 0.0056785103 0.9999837 10.550049
0.88934374 -0.45720053 0.0018632975 140.24512 0.45720282 0.8893236 -0.006090611 127.46777 0.0011272402 0.0062687695 0.9999798 10.550903
0.8946752 -0.44676507 0.0010234215 141.0354 0.44676286 0.89465696 -0.005979998 127.85547 0.0017558812 0.005807222 0.9999816 10.55896
0.89740235 -0.44121805 0.0014751276 141.80762 0.44121882 0.8973845 -0.005788511 128.2522 0.001229957 0.0058456967 0.9999822 10.57373
0.9003576 -0.4351671 0.0049261847 142.6128 0.43518516 0.9003558 -0.0034552934 128.6438 -0.0029322067 0.005255154 0.9999819 10.575439
0.9034213 -0.4286445 0.007327259 143.43042 0.42865506 0.90344614 0.00014209701 129.02637 -0.0066806404 0.0030134732 0.9999732 10.575806
0.90680003 -0.4214507 0.009465449 144.23413 0.4214413 0.9068486 0.0030639754 129.43481 -0.009875318 0.0012102812 0.9999505 10.576294
0.9097649 -0.41497827 0.010336116 145.07275 0.41494572 0.90982354 0.005216903 129.8169 -0.011569298 -0.00045751454 0.999933 10.579834
0.91235614 -0.40924075 0.012420741 145.92114 0.4091676 0.912438 0.00806235 130.21313 -0.01463227 -0.0022729444 0.9998903 10.565186
0.91590357 -0.4011157 0.01497952 146.80005 0.40102023 0.9160233 0.009042626 130.5852 -0.017348478 -0.002274183 0.9998469 10.558228
0.91933393 -0.39314106 0.016930569 147.6709 0.39303097 0.9194875 0.009540992 130.96484 -0.019318234 -0.002117808 0.99981123 10.549072
0.92212665 -0.3864189 0.018182766 148.56812 0.3863086 0.9223045 0.009373001 131.34692 -0.020392241 -0.0016176583 0.9997907 10.541504
0.9253205 -0.3787631 0.018207036 149.479 0.37867147 0.9254992 0.008374652 131.72754 -0.020022454 -0.00085382175 0.99979913 10.521851
0.9296688 -0.3679218 0.01940897 150.41992 0.3678742 0.92987007 0.006100435 132.07544 -0.0202922 0.0014682969 0.99979293 10.51416
0.933836 -0.35718957 0.018336434 151.37183 0.35716003 0.9340141 0.0049751434 132.44116 -0.018903555 0.0019038003 0.9998195 10.494629
0.9377546 -0.34696776 0.016722016 152.31909 0.34694454 0.937902 0.00436325 132.80249 -0.017197406 0.0017077317 0.99985063 10.490601
0.9425236 -0.33370632 0.01617465 153.28271 0.33364385 0.9426619 0.006499706 133.15259 -0.017416954 -0.0007309171 0.9998481 10.473511
0.9482366 -0.3171724 0.016059166 154.27246 0.31705177 0.9483637 0.009637335 133.50317 -0.0182873 -0.004048617 0.9998246 10.456665
0.9543482 -0.29821143 0.017960802 155.28467 0.2979901 0.95448345 0.014005511 133.82275 -0.021319281 -0.008015448 0.99974054 10.438599
0.9600873 -0.2791375 0.019091286 156.31812 0.27884954 0.96022016 0.01642597 134.14575 -0.022915188 -0.010448295 0.9996829 10.424561
0.9658207 -0.25836176 0.020062102 157.37402 0.25799978 0.9659395 0.018958561 134.43701 -0.024279423 -0.013133417 0.999619 10.405029
0.97127545 -0.23703371 0.021269528 158.396 0.2366134 0.9713939 0.020516833 134.71753 -0.0255242 -0.01489549 0.9995632 10.379395
0.9764292 -0.21443659 0.024202108 159.51855 0.21394712 0.9766043 0.021300513 134.95947 -0.028204203 -0.015619652 0.99948025 10.364746
0.9809789 -0.19209608 0.028059162 160.61035 0.1914612 0.9812151 0.023813402 135.18237 -0.032106318 -0.01798891 0.99932265 10.332886
0.9849837 -0.16958241 0.032568116 161.73975 0.16878165 0.98531693 0.025962595 135.38647 -0.036492083 -0.020078583 0.9991327 10.305298
0.9884937 -0.1469433 0.035871588 162.87354 0.1460029 0.9888991 0.02757477 135.56201 -0.039525546 -0.022019858 0.9989759 10.267578
0.991594 -0.12418507 0.03637162 164.00537 0.12316088 0.9919594 0.0291749 135.73047 -0.03970176 -0.024451058 0.99891263 10.230469
0.9939622 -0.10415824 0.034544367 165.1792 0.1031829 0.99424386 0.028916413 135.86035 -0.0373563 -0.025177753 0.9989847 10.189575
0.9960267 -0.082035206 0.034600057 166.33911 0.080998294 0.9962487 0.030385545 135.96265 -0.03696367 -0.02746202 0.99893945 10.1484375
0.9975624 -0.05955843 0.036353916 167.55176 0.05853851 0.99787754 0.028512046 136.05396 -0.037974823 -0.026314469 0.9989324 10.11731
0.99841803 -0.040623654 0.038877472 168.73657 0.039513394 0.9988007 0.02891198 136.11328 -0.04000535 -0.027330264 0.9988255 10.078125
0.9990022 -0.01865826 0.040580876 169.969 0.017433973 0.9993883 0.030319432 136.146 -0.04112171 -0.029581804 0.9987162 10.036011
0.99917006 -0.00038763045 0.040737998 171.20654 -0.00086377433 0.9995282 0.03070096 136.16016 -0.040730692 -0.030710662 0.9986983 9.9991455
0.99888635 0.020969745 0.04225826 172.43604 -0.022337666 0.9992333 0.03214963 136.15015 -0.04155165 -0.033057857 0.9985887 9.95105
0.99826163 0.041098185 0.04225719 173.69775 -0.042508077 0.9985502 0.033033106 136.1211 -0.04083849 -0.034771536 0.99856085 9.90625
0.99723905 0.060997713 0.042348806 174.9607 -0.06252513 0.9974039 0.035716854 136.05493 -0.040059663 -0.03826632 0.9984637 9.862793
0.9958485 0.08168047 0.040186748 176.23364 -0.08310109 0.9959245 0.035046786 135.96997 -0.037159614 -0.038240068 0.9985773 9.81958
0.9942951 0.099326104 0.038872696 177.51538 -0.10078608 0.9941977 0.037581436 135.85107 -0.03491351 -0.041285235 0.9985367 9.776611
0.99220294 0.118811436 0.037632704 178.83203 -0.12022732 0.99202234 0.037893705 135.71924 -0.032829456 -0.04212305 0.99857265 9.748535
0.9896356 0.13917626 0.03523872 180.13379 -0.14048849 0.98934877 0.03797787 135.54517 -0.02957581 -0.042536445 0.9986567 9.716309
0.98690736 0.15827869 0.031010881 181.46655 -0.15945204 0.98639756 0.039941996 135.35059 -0.024267692 -0.044364486 0.99872065 9.678955
0.983955 0.17662622 0.025220454 182.77515 -0.1775709 0.98320717 0.042106245 135.14185 -0.017361088 -0.04590837 0.99879503 9.656372
0.9811799 0.19190362 0.02107534 184.09937 -0.19268458 0.9802136 0.045155197 134.89453 -0.011990907 -0.0483672 0.9987575 9.638306
0.97737825 0.21074516 0.017524714 185.45288 -0.21134897 0.97627985 0.04687491 134.62329 -0.0072278045 -0.049518805 0.99874663 9.634277
0.9730605 0.22994792 0.01656055 186.81152 -0.230496 0.971805 0.049634587 134.31274 -0.0046796966 -0.052114777 0.99863005 9.630981
0.9690646 0.24611811 0.01769214 188.13599 -0.24670066 0.9678435 0.048909165 134.00366 -0.0050857794 -0.051762197 0.9986469 9.6311035
0.96444076 0.2638226 0.016874354 189.48535 -0.26433584 0.96327406 0.047578912 133.64575 -0.0037082732 -0.05034691 0.9987254 9.638672
0.9590819 0.28280637 0.01285939 190.8418 -0.28309643 0.9579059 0.047491528 133.2649 0.0011145074 -0.0491897 0.99878895 9.655151
0.9547999 0.297081 0.009957768 192.18262 -0.29720014 0.9535125 0.049851105 132.86646 0.005314452 -0.050556745 0.9987071 9.658081
0.9489727 0.3151636 0.010032121 193.5271 -0.3152543 0.94762135 0.05106152 132.44458 0.0065848865 -0.051619034 0.99864566 9.670532
0.9439401 0.3299441 0.011456256 194.89551 -0.33006907 0.9424265 0.053882588 131.98877 0.0069825654 -0.054642566 0.9984812 9.686401
0.93695253 0.34931177 0.009645602 196.25952 -0.34927177 0.93526375 0.057289876 131.50342 0.010992633 -0.05704537 0.9983108 9.709473
0.92973185 0.36820123 0.008262526 197.61133 -0.3680315 0.92798793 0.058594722 130.99438 0.01390237 -0.057519004 0.998248 9.738281
0.92278165 0.385295 0.0056353933 198.98462 -0.3849283 0.9210337 0.059485257 130.42676 0.01772344 -0.057061534 0.9982141 9.761475
0.9160325 0.40107626 0.0014390326 200.30273 -0.40044713 0.9143828 0.05938693 129.875 0.022501191 -0.05497705 0.9982345 9.801392
0.90715766 0.4207893 -0.0014097486 201.63037 -0.419869 0.9053862 0.06314122 129.28882 0.02784482 -0.056685224 0.99800366 9.849609
0.89629686 0.44339848 -0.0030649295 203.00098 -0.44224152 0.89441705 0.06631448 128.65527 0.03215764 -0.05807968 0.9977927 9.903076
0.8846964 0.46613535 -0.0025376324 204.32593 -0.4648583 0.8826503 0.06934905 127.99072 0.034575768 -0.060171753 0.9975881 9.957886
0.870754 0.49172872 -0.0014025522 205.66602 -0.49031052 0.8684534 0.07346289 127.25952 0.037337895 -0.06327762 0.9972974 10.020752
0.8572479 0.5149702 -0.000704037 206.97144 -0.51336586 0.8546834 0.077723585 126.542725 0.04061933 -0.0662663 0.996975 10.084473
0.84073627 0.5415344 -0.0003752103 208.2417 -0.5397555 0.8380294 0.080429986 125.76465 0.04385867 -0.0674211 0.99676085 10.155762
0.82593066 0.5639558 -8.748728e-06 209.51465 -0.56203717 0.82312095 0.082407594 124.94922 0.046474315 -0.068056926 0.9965976 10.238159
0.81015307 0.58603376 -0.0004270065 210.75146 -0.5839556 0.8073411 0.08356817 124.10449 0.04932487 -0.06745998 0.99650335 10.314575
0.7934755 0.6087265 -0.002795044 211.99048 -0.60631436 0.7907214 0.085447736 123.194336 0.05421518 -0.06611388 0.99633884 10.407959
0.7775372 0.6287999 -0.005615123 213.1792 -0.62601393 0.77487385 0.08753745 122.28174 0.059394743 -0.064549945 0.9961456 10.506226
0.75988895 0.65007323 -0.006712751 214.34155 -0.6470373 0.7572622 0.089251526 121.323 0.06310476 -0.06347291 0.9959854 10.601929
0.7434572 0.66866916 -0.008522324 215.54443 -0.66534394 0.7409195 0.0909706 120.31763 0.06715007 -0.061962333 0.995817 10.717773
0.72695625 0.68665916 -0.008461064 216.73047 -0.6833119 0.7245262 0.09047914 119.23242 0.06824761 -0.060000807 0.9958638 10.835327
0.71136993 0.7026978 -0.009370275 217.77783 -0.69918656 0.7090324 0.09127759 118.2417 0.07078685 -0.058382522 0.9957818 10.949707
0.6966656 0.7173666 -0.0107965255 218.87671 -0.71369576 0.6944807 0.09170022 117.163086 0.07327511 -0.05617919 0.9957282 11.07019
0.68037426 0.7327397 -0.013238704 219.95923 -0.7287956 0.6783914 0.09291986 116.06128 0.07706631 -0.053569004 0.99558544 11.196167
0.66602516 0.7458314 -0.01550464 220.9668 -0.74153906 0.66417485 0.09531211 114.94751 0.08137981 -0.05197534 0.995326 11.327148
0.65124226 0.7586567 -0.016332123 222.00854 -0.7541302 0.64944845 0.09721068 113.79614 0.08435259 -0.050999418 0.9951312 11.458984
0.63480115 0.7725466 -0.015274547 223.02197 -0.7679493 0.63296455 0.09820238 112.63257 0.08553172 -0.050614435 0.99504966 11.610474
0.6192972 0.78492415 -0.013440246 224.0039 -0.78028274 0.6173366 0.09935409 111.43384 0.08629263 -0.05104257 0.9949617 11.753418
0.60211486 0.79825556 -0.00866588 224.95557 -0.79379857 0.59983444 0.099571876 110.21826 0.084684275 -0.05307567 0.9949935 11.898315
0.58453417 0.8113241 -0.0035544364 225.89868 -0.80702114 0.58187383 0.100389674 108.987305 0.0835263 -0.055809982 0.9949413 12.041382
0.56606364 0.8243719 0.00049135834 226.78296 -0.82013327 0.56309277 0.10161634 107.76489 0.0834879 -0.057923988 0.99482393 12.188599
0.5461493 0.83770937 0.0030659745 227.6272 -0.833284 0.5428821 0.10469935 106.54175 0.08603511 -0.059727985 0.99449927 12.33667
0.52984744 0.8481281 0.006364828 228.4436 -0.84355766 0.5261815 0.107912794 105.29883 0.088161625 -0.06255466 0.9941411 12.490234
0.51065147 0.859906 0.009410244 229.2185 -0.8553773 0.50677294 0.10864373 104.03784 0.08862432 -0.06352847 0.99403745 12.643677
0.48969418 0.8719089 0.012829014 229.97656 -0.8677205 0.48578042 0.106164195 102.77734 0.086304836 -0.06312023 0.9942675 12.792847
0.46927562 0.8828136 0.016058624 230.67773 -0.87888926 0.46529 0.10439253 101.508545 0.084698945 -0.063114166 0.9944067 12.942749
0.44774717 0.89396644 0.021017475 231.35864 -0.8904167 0.44355914 0.10253445 100.22534 0.08231158 -0.06463496 0.99450994 13.086914
0.4240945 0.90522295 0.022270238 232.00073 -0.90168744 0.41992992 0.1019799 98.94238 0.08297487 -0.06332986 0.99453706 13.227173
0.40369135 0.9144671 0.02393218 232.59082 -0.91101867 0.39952335 0.10109751 97.66577 0.08288759 -0.062636346 0.99459046 13.3671875
0.3812961 0.92399365 0.024186991 233.15991 -0.9205461 0.37725347 0.10006961 96.370605 0.083353646 -0.060440637 0.99468696 13.504639
0.35844737 0.93330824 0.023278473 233.69336 -0.9297431 0.35459176 0.09966311 95.079834 0.08476032 -0.057368208 0.9947487 13.643066
0.3407836 0.93990475 0.022712657 234.17432 -0.93633103 0.33710632 0.09856068 93.80493 0.084973566 -0.054854352 0.99487215 13.783936
0.31676838 0.9482323 0.023264877 234.63135 -0.9447791 0.31325158 0.09640426 92.50415 0.0841064 -0.05250283 0.9950713 13.919556
0.29744157 0.9543729 0.022565532 235.05225 -0.950804 0.2940464 0.096536666 91.239746 0.08550378 -0.050186437 0.9950743 14.05481
0.2773043 0.9604165 0.024565708 235.4519 -0.9565524 0.2736252 0.10020339 89.96655 0.089516066 -0.051301457 0.99466455 14.190796
0.25491652 0.96657884 0.026747672 235.82227 -0.96190363 0.2506689 0.10899827 88.70166 0.09863343 -0.05351107 0.99368346 14.333374
0.23705757 0.9709606 0.029357698 236.16235 -0.9654885 0.2321754 0.1172759 87.45581 0.10705924 -0.05616696 0.99266666 14.483154
0.21913378 0.97519076 0.032177456 236.4707 -0.9693834 0.21384121 0.120903686 86.21338 0.11101044 -0.057668056 0.9921428 14.643677
0.19753538 0.979691 0.03675425 236.75464 -0.9739342 0.19181076 0.12172361 84.954834 0.11218971 -0.059784792 0.99188143 14.797974
0.18064451 0.98271596 0.042118344 237.01758 -0.97723335 0.17443621 0.1213363 83.71509 0.11188277 -0.06307086 0.99171734 14.956299
0.1585725 0.98626226 0.04704282 237.24805 -0.9809993 0.15195727 0.12091426 82.46826 0.112112656 -0.06532681 0.9915466 15.117554
0.14244252 0.98859984 0.048233014 237.44507 -0.9834438 0.13585585 0.11974166 81.24097 0.11181965 -0.06454802 0.9916352 15.269897
0.123012364 0.99117196 0.05038183 237.62207 -0.9862003 0.11639184 0.1181114 80.019775 0.11120207 -0.06419602 0.9917206 15.423096
0.10325908 0.9933628 0.050998338 237.77002 -0.9882083 0.09662134 0.11886931 78.79712 0.11316763 -0.06261343 0.9915959 15.579712
0.08545757 0.9947246 0.05650111 237.90723 -0.98952305 0.078117386 0.121342525 77.59985 0.11628167 -0.066329226 0.9910036 15.728027
0.06670284 0.9959902 0.05948756 237.99927 -0.9906792 0.059017677 0.12272565 76.3999 0.11870959 -0.06714374 0.99065816 15.8897705
0.0492323 0.99687046 0.061897576 238.07788 -0.9919724 0.04157746 0.11943123 75.20166 0.11646327 -0.06725308 0.9909123 16.038818
0.034248468 0.9975977 0.06026828 238.14087 -0.99293804 0.027106348 0.11551868 74.028076 0.11364093 -0.0638057 0.9914724 16.201904
0.019713636 0.9979446 0.06092445 238.17212 -0.993766 0.012874248 0.11072889 72.8562 0.10967867 -0.0627362 0.99198514 16.342407
0.007149396 0.99818736 0.059701595 238.19507 -0.9942562 0.0007227088 0.10703032 71.69653 0.10674841 -0.06015944 0.99246633 16.48523
-0.0035324136 0.99823356 0.059365734 238.2063 -0.9942444 -0.009862658 0.10669352 70.568115 0.107088305 -0.058621652 0.9925177 16.631104
-0.012247089 0.998052 0.061169814 238.20142 -0.9938879 -0.018860692 0.108750105 69.44336 0.10969315 -0.059441276 0.9921846 16.773315
-0.017558224 0.99788535 0.062465496 238.19702 -0.99359936 -0.024381878 0.1101843 68.33765 0.11151103 -0.06007984 0.9919419 16.908081
-0.023144841 0.9977779 0.06251217 238.18066 -0.99295473 -0.030211212 0.11462148 67.240234 0.11621476 -0.059440203 0.9914446 17.038696
-0.029249907 0.9974563 0.065046266 238.15723 -0.9918529 -0.037040353 0.12191538 66.163086 0.12405485 -0.06097102 0.9904036 17.20105
-0.03329265 0.99710786 0.068481565 238.1289 -0.99145746 -0.041601658 0.12375846 65.10571 0.1262107 -0.063830875 0.9899517 17.345337
-0.037875652 0.99712986 0.06557469 238.09814 -0.9922058 -0.04532624 0.116093166 64.02002 0.11876043 -0.060682546 0.9910692 17.477173
-0.040540814 0.997198 0.06285457 238.05493 -0.9931515 -0.047114734 0.106932454 62.96216 0.109568015 -0.058118746 0.9922804 17.614502
-0.04253006 0.9972041 0.06188382 238.02588 -0.9934741 -0.04878283 0.103361234 61.91162 0.10605872 -0.057073087 0.9927191 17.7406
-0.043166164 0.9970894 0.062492665 237.98877 -0.99330705 -0.049526453 0.104104795 60.873535 0.10689992 -0.057541534 0.9926001 17.854858
-0.041786794 0.99703646 0.064500764 237.95117 -0.992977 -0.04859734 0.10783187 59.834473 0.11069491 -0.05957944 0.99207145 17.98938
-0.039126873 0.99705344 0.06580208 237.91675 -0.99285275 -0.046214465 0.10989659 58.816162 0.11262025 -0.060995672 0.9917611 18.114136
-0.038480166 0.99704134 0.06692659 237.88647 -0.99286675 -0.045725115 0.11037229 57.80371 0.11306391 -0.062228497 0.9916384 18.231567
-0.034378886 0.997073 0.06838946 237.85474 -0.99288994 -0.0418843 0.11152921 56.79248 0.11405262 -0.064120546 0.9914075 18.36438
-0.028859973 0.9971108 0.07018885 237.83667 -0.9929814 -0.03665686 0.11243349 55.777832 0.11469432 -0.0664965 0.9911771 18.490112
-0.024170397 0.99716216 0.07121825 237.81592 -0.99295115 -0.032211427 0.11401735 54.779053 0.11598596 -0.06796567 0.9909231 18.611572
-0.019455314 0.997287 0.0711348 237.80762 -0.99322104 -0.027440907 0.11306246 53.775635 0.11470498 -0.068475336 0.9910388 18.73584
-0.012747405 0.9975585 0.06873292 237.8086 -0.9936336 -0.020335201 0.11086649 52.77539 0.11197966 -0.06689717 0.9914571 18.861084
-0.0047167484 0.99781317 0.06593657 237.7976 -0.9937967 -0.012002946 0.11053813 51.789795 0.111104034 -0.06497495 0.99167997 18.98706
0.0019261241 0.9978662 0.06520776 237.81201 -0.9938169 -0.005329608 0.11088803 50.816162 0.11101291 -0.065042526 0.99169075 19.10669
0.0085427165 0.9979177 0.06395804 237.81543 -0.99383205 0.0013999941 0.11088571 49.835693 0.110579774 -0.0644943 0.99177134 19.222778
0.014578164 0.99779665 0.064795546 237.83716 -0.9938523 0.0073453197 0.1104788 48.850098 0.10977782 -0.065971226 0.99176157 19.342896
0.021244526 0.9976812 0.064746 237.8689 -0.99408835 0.014181315 0.10768319 47.868652 0.10650113 -0.06663255 0.9920756 19.45691
0.027849017 0.9975547 0.0639206 237.89941 -0.9941394 0.02096385 0.10598559 46.897095 0.104360476 -0.06654071 0.99231434 19.568481
0.034398556 0.99738556 0.06354697 237.92578 -0.99394774 0.027505754 0.10635052 45.92273 0.10430646 -0.06681404 0.9922975 19.685303
0.04027229 0.9972264 0.062556684 237.97046 -0.9935672 0.03334296 0.10817868 44.938477 0.10575391 -0.06646746 0.99216384 19.800903
0.04946214 0.9968424 0.06196547 238.02148 -0.99301904 0.04243791 0.109975204 43.96692 0.1069799 -0.06697468 0.99200267 19.901245
0.05595577 0.99645686 0.06293756 238.09204 -0.9926129 0.048720308 0.11116273 43.010986 0.10769678 -0.068649516 0.9918067 20.017334
0.061255753 0.99598205 0.06549388 238.15356 -0.9922589 0.053659916 0.11206754 42.04834 0.10808481 -0.07181361 0.9915407 20.126465
0.06845795 0.99553174 0.06516013 238.2312 -0.9919072 0.060910527 0.111444205 41.08484 0.1070241 -0.07224154 0.99162734 20.244507
0.07492865 0.9950551 0.06502509 238.3147 -0.99167347 0.067513354 0.109564744 40.12317 0.104640454 -0.07270421 0.99185014 20.353027
0.080177546 0.9947038 0.06428578 238.40308 -0.99161184 0.07303298 0.106643595 39.171387 0.10141169 -0.07232537 0.99221504 20.462646
0.08849645 0.99405426 0.063969634 238.49536 -0.9909926 0.081359684 0.10664785 38.214478 0.10082719 -0.07278963 0.9922343 20.56958
0.09364195 0.9935646 0.063532636 238.59155 -0.9903915 0.086441524 0.10787185 37.27466 0.10171195 -0.07307464 0.9921314 20.674438
0.10185932 0.9928756 0.061663944 238.69287 -0.98953766 0.09476757 0.10869162 36.313965 0.10206467 -0.072085984 0.9921619 20.777466
0.11131197 0.99206585 0.05858852 238.80127 -0.9884249 0.10439891 0.11016615 35.37549 0.103155024 -0.07017583 0.9921867 20.885742
0.11957115 0.99119246 0.057602912 238.91968 -0.9873751 0.11261459 0.11174893 34.441895 0.10428502 -0.07024952 0.9920649 20.992065
0.12897794 0.9899848 0.056555923 239.04541 -0.9860325 0.122011356 0.112963185 33.496582 0.10491694 -0.07034903 0.9919903 21.09851
0.13784747 0.9888246 0.057926003 239.18604 -0.9851125 0.13075428 0.11219935 32.579712 0.103385925 -0.07254061 0.99199414 21.20398
0.14349495 0.98794013 0.057658624 239.33374 -0.98440665 0.13652293 0.110691465 31.643433 0.10146445 -0.072671354 0.9921836 21.311035
0.14728144 0.98722667 0.059596535 239.47998 -0.9838969 0.14012495 0.110335544 30.703125 0.10057563 -0.07489733 0.9921068 21.41272
0.14910182 0.98697585 0.059521295 239.62744 -0.9834053 0.14176671 0.1127412 29.758057 0.102815546 -0.0753289 0.99184203 21.517822
0.15163527 0.98667 0.059533898 239.7854 -0.9829725 0.14417253 0.114177026 28.805908 0.104111195 -0.07585965 0.99167144 21.624878
0.1553422 0.9861496 0.058210216 239.94043 -0.9824582 0.14806634 0.11339933 27.851074 0.103222355 -0.07478959 0.9918412 21.727417
0.15772897 0.985909 0.055192064 240.0935 -0.9820923 0.1508086 0.112695135 26.904541 0.10278241 -0.07201943 0.99209684 21.832886
0.16326337 0.9850286 0.05496595 240.25806 -0.9811226 0.15627478 0.11371055 25.94519 0.10339438 -0.07245959 0.9919938 21.939209
0.1657623 0.98476994 0.05358368 240.427 -0.98075634 0.15888533 0.1139566 24.98462 0.10371613 -0.071412094 0.9920376 22.05017
0.16949546 0.9840658 0.053655867 240.60254 -0.9802696 0.16272126 0.11220489 24.00879 0.10170122 -0.071642675 0.9922348 22.154541
0.17318211 0.9835509 0.050068945 240.77612 -0.9799611 0.16705845 0.1078886 23.037964 0.09775209 -0.06775675 0.992902 22.259155
0.17632055 0.9830611 0.050196003 240.95288 -0.9796753 0.1702948 0.1060863 22.072998 0.09575326 -0.0678921 0.99308836 22.36267
0.18172073 0.9822345 0.048041202 241.13525 -0.97848916 0.17571434 0.10861097 21.101196 0.09824594 -0.066739805 0.9929217 22.468872
0.18838358 0.9809893 0.046942964 241.32202 -0.9769989 0.18231909 0.110728644 20.128418 0.10006738 -0.066702895 0.9927406 22.571533
0.19384228 0.979985 0.045095485 241.51685 -0.97609633 0.18806437 0.10884861 19.161133 0.09818659 -0.06512346 0.99303555 22.67456
0.20177549 0.9784699 0.044538856 241.71484 -0.974673 0.19607322 0.108013704 18.187866 0.0969735 -0.065211505 0.99314946 22.779419
0.20898503 0.97694045 0.043040574 241.9231 -0.9731951 0.20347703 0.106902644 17.21289 0.09565794 -0.06421434 0.99333936 22.880127
0.2192173 0.97489035 0.040225048 242.13647 -0.9710118 0.21392657 0.107027344 16.251953 0.09575622 -0.06252374 0.99343985 22.989014
0.22978933 0.97257864 0.03594472 242.36157 -0.9684255 0.224827 0.10774002 15.284912 0.09670067 -0.059555516 0.993529 23.087036
0.24051173 0.97014874 0.03425197 242.59839 -0.966102 0.23576154 0.106161095 14.319336 0.09489103 -0.058609094 0.9937597 23.190552
0.25179845 0.9671926 0.035153255 242.85425 -0.9634304 0.24702765 0.10430007 13.366455 0.092192404 -0.060128897 0.99392414 23.286133
0.26115426 0.9646194 0.03325636 243.11914 -0.9608659 0.25657016 0.1034785 12.409302 0.09130238 -0.05898754 0.99407506 23.39148
0.2728434 0.9615609 0.033881404 243.39233 -0.95777446 0.2680718 0.10485647 11.461914 0.091753446 -0.06106524 0.99390846 23.487183
0.28376913 0.9582304 0.03397955 243.67578 -0.9542551 0.27877775 0.1075491 10.533447 0.093592696 -0.062954895 0.99361897 23.587402
0.2947046 0.9549035 0.035932254 243.97119 -0.95100886 0.2894178 0.10864858 9.593384 0.09331489 -0.06618106 0.9934335 23.685791
0.3061939 0.95130527 0.036719773 244.28906 -0.94765747 0.30088198 0.10724211 8.651367 0.09094823 -0.06762648 0.9935561 23.783813
0.3147729 0.9484954 0.038267314 244.60693 -0.94510055 0.30936268 0.10614007 7.716797 0.0888398 -0.06956229 0.9936128 23.8833
0.32159233 0.9461341 0.038572937 244.92114 -0.94290096 0.3162108 0.10499591 6.793457 0.08716257 -0.07013111 0.99372196 23.975952
0.33004785 0.9431662 0.039005633 245.25537 -0.94012684 0.32469398 0.103673525 5.8635254 0.08514531 -0.070890896 0.99384356 24.071045
0.33673263 0.94064265 0.039970305 245.59814 -0.9378235 0.33137736 0.10234876 4.9367676 0.083009966 -0.071954675 0.993948 24.16504
0.34619743 0.93737704 0.040282927 245.94263 -0.9346792 0.3408257 0.10177799 4.020996 0.08168799 -0.07286923 0.9939889 24.257935
0.35330978 0.9346646 0.03936699 246.29395 -0.93180144 0.34787026 0.103463255 3.0992432 0.083015084 -0.073222466 0.99385303 24.344116
0.36101615 0.9317573 0.03996695 246.64966 -0.92890805 0.35543308 0.10437832 2.213623 0.08306666 -0.07479866 0.9937319 24.4375
0.3691885 0.92843777 0.039361253 247.01709 -0.92563385 0.36366707 0.103909075 1.3131104 0.08217279 -0.074816905 0.99380744 24.525757
0.37784916 0.924919 0.039191645 247.39111 -0.9222958 0.37245062 0.10214308 0.42248535 0.07988377 -0.07474364 0.99399793 24.611328
0.38704464 0.9211685 0.039395653 247.77515 -0.918831 0.3818118 0.09939708 -0.46020508 0.07651591 -0.07468514 0.9942688 24.697266
0.39559737 0.91755193 0.03954397 248.16455 -0.91547954 0.39054322 0.096598506 -1.3540039 0.07318784 -0.074385434 0.9945374 24.785889
0.40366536 0.91403174 0.04051457 248.54907 -0.9123367 0.39879376 0.09299757 -2.2235107 0.06884422 -0.07451585 0.9948419 24.864746
0.41365603 0.90935606 0.042682413 248.9602 -0.9078711 0.40861228 0.09308539 -3.0928955 0.06721954 -0.07724424 0.9947422 24.929443
0.42050204 0.9062742 0.04314187 249.36768 -0.90486735 0.41541865 0.09305004 -3.9639893 0.06641551 -0.07817021 0.9947256 25.004272
0.42935035 0.90219 0.043206945 249.7771 -0.9009539 0.42438838 0.09128523 -4.8153076 0.0640214 -0.07812996 0.99488634 25.076416
0.43758067 0.89799124 0.04369206 250.20361 -0.89688194 0.43263423 0.09056957 -5.663574 0.062444303 -0.078813404 0.99493074 25.14087
0.44656107 0.89370847 0.043978184 250.63623 -0.8926934 0.44161344 0.09024736 -6.5147705 0.061216857 -0.07956676 0.99494934 25.214478
0.45443937 0.8897866 0.043275658 251.06812 -0.8887799 0.44955182 0.089891076 -7.345093 0.060536154 -0.079310305 0.9950098 25.278564
0.46375018 0.8850195 0.04247393 251.51343 -0.883954 0.45884383 0.09064327 -8.181152 0.060703922 -0.07956865 0.99497926 25.348877
0.47103682 0.8810568 0.042373307 251.96265 -0.880081 0.4662003 0.08969967 -9.001099 0.059291102 -0.07954663 0.995066 25.40857
0.476752 0.878037 0.04202871 252.41724 -0.8771871 0.47209877 0.08760758 -9.821045 0.057062004 -0.07863156 0.9952698 25.477783
0.4854268 0.87324506 0.042652793 252.88843 -0.8726744 0.48099178 0.08427739 -10.6571045 0.05308539 -0.07814303 0.99552846 25.537231
0.48960987 0.87093073 0.044132084 253.35132 -0.8705998 0.48525444 0.08227877 -11.469849 0.050232433 -0.078697555 0.995632 25.592407
0.4940279 0.8681137 0.046499185 253.84009 -0.86805683 0.48965466 0.08103255 -12.3029785 0.04758243 -0.08041974 0.9956264 25.651611
0.49790326 0.8659508 0.04831413 254.31396 -0.86624277 0.4937794 0.076933585 -13.126343 0.04274971 -0.080152564 0.99586576 25.700806
0.49984837 0.86478305 0.050052334 254.79077 -0.8653133 0.49582773 0.07476944 -13.9436035 0.039826937 -0.080668986 0.99594456 25.741821
