0.0000 -0.0000 0.0000 0.0000 0.0000 -0.0000 -0.0000 1.0000
0.1039 -0.0917 -0.0098 0.0149 0.0001 0.0072 -0.0001 1.0000
0.2077 -0.1085 -0.0156 0.0232 0.0002 0.0150 -0.0008 0.9999
0.3119 0.0046 0.0070 0.4207 -0.0007 0.0319 -0.0026 0.9995
0.4159 0.0170 0.0144 0.5484 -0.0016 0.0479 -0.0021 0.9989
0.5200 0.1615 0.0149 0.8235 -0.0024 0.0676 -0.0010 0.9977
0.6241 0.1428 -0.0177 0.8964 -0.0029 0.0862 0.0010 0.9963
0.7282 0.2628 -0.0046 1.1616 -0.0032 0.1086 0.0010 0.9941
0.8325 0.3401 0.0031 1.3263 -0.0050 0.1326 0.0007 0.9912
0.9366 0.5174 0.0247 1.6195 -0.0082 0.1575 0.0018 0.9875
1.0408 0.6319 0.0007 1.8109 -0.0116 0.1822 0.0059 0.9832
1.1449 0.8075 -0.0063 2.0489 -0.0136 0.2092 0.0081 0.9778
1.2490 0.9975 -0.0036 2.2812 -0.0154 0.2370 0.0084 0.9714
1.3531 1.1557 0.0292 2.5080 -0.0175 0.2652 0.0084 0.9640
1.4571 1.4065 0.0267 2.7547 -0.0193 0.2939 0.0102 0.9556
1.5611 1.6047 0.0245 2.9420 -0.0204 0.3227 0.0124 0.9462
1.6651 1.8733 0.0346 3.1387 -0.0212 0.3505 0.0140 0.9362
1.7690 2.1940 0.0422 3.3988 -0.0211 0.3781 0.0153 0.9254
1.8729 2.4782 0.0513 3.5663 -0.0215 0.4043 0.0158 0.9142
1.9768 2.8290 0.0851 3.8179 -0.0229 0.4301 0.0149 0.9024
2.0805 3.1493 0.1032 4.0115 -0.0238 0.4538 0.0145 0.8907
2.1841 3.5383 0.1250 4.2148 -0.0244 0.4753 0.0144 0.8793
2.2879 3.9777 0.1335 4.4280 -0.0252 0.4952 0.0151 0.8683
2.3915 4.3610 0.1591 4.6300 -0.0256 0.5137 0.0144 0.8575
2.4951 4.8246 0.1848 4.7980 -0.0251 0.5309 0.0140 0.8469
2.5988 5.3403 0.2016 4.9939 -0.0232 0.5464 0.0142 0.8371
2.7023 5.8432 0.2251 5.1702 -0.0210 0.5600 0.0144 0.8281
2.8059 6.3846 0.2487 5.3535 -0.0194 0.5715 0.0142 0.8203
2.9094 6.9637 0.2709 5.5334 -0.0184 0.5803 0.0145 0.8141
3.0129 7.5491 0.3028 5.7161 -0.0179 0.5866 0.0151 0.8095
3.1165 8.1562 0.3207 5.9224 -0.0180 0.5919 0.0159 0.8056
3.2201 8.7898 0.3519 6.0946 -0.0191 0.5962 0.0162 0.8025
3.3237 9.4672 0.3846 6.2766 -0.0204 0.6005 0.0163 0.7992
3.4274 10.1580 0.4128 6.4666 -0.0213 0.6049 0.0167 0.7959
3.5310 10.8611 0.4436 6.6721 -0.0223 0.6091 0.0171 0.7926
3.6348 11.5856 0.4697 6.8399 -0.0230 0.6133 0.0175 0.7893
3.7384 12.3830 0.5027 7.0407 -0.0236 0.6176 0.0177 0.7859
3.8421 13.1287 0.5358 7.2202 -0.0250 0.6215 0.0185 0.7828
3.9458 13.8919 0.5837 7.3815 -0.0271 0.6259 0.0190 0.7792
4.0495 14.6855 0.6199 7.5469 -0.0284 0.6312 0.0204 0.7748
4.1532 15.4711 0.6606 7.6989 -0.0295 0.6360 0.0210 0.7709
4.2570 16.2904 0.6998 7.8454 -0.0298 0.6414 0.0211 0.7664
4.3608 17.0707 0.7350 7.9725 -0.0298 0.6470 0.0205 0.7617
4.4645 17.8771 0.7731 8.0942 -0.0296 0.6534 0.0198 0.7562
4.5684 18.6856 0.8159 8.1840 -0.0297 0.6615 0.0187 0.7491
4.6723 19.5157 0.8574 8.2657 -0.0304 0.6706 0.0170 0.7410
4.7761 20.3497 0.8984 8.3266 -0.0312 0.6820 0.0157 0.7305
4.8801 21.1871 0.9379 8.3391 -0.0316 0.6940 0.0149 0.7191
4.9841 22.0274 0.9735 8.3414 -0.0315 0.7064 0.0142 0.7070
5.0881 22.8801 1.0046 8.2913 -0.0310 0.7184 0.0137 0.6948
5.1920 23.7249 1.0357 8.2344 -0.0307 0.7297 0.0123 0.6829
5.2959 24.5379 1.0774 8.1598 -0.0298 0.7408 0.0107 0.6710
5.3998 25.3726 1.1024 8.0373 -0.0270 0.7515 0.0103 0.6592
5.5036 26.2111 1.1182 7.8889 -0.0235 0.7620 0.0100 0.6471
5.6074 27.0772 1.1371 7.6955 -0.0191 0.7720 0.0103 0.6353
5.7113 27.9031 1.1479 7.5041 -0.0153 0.7813 0.0104 0.6238
5.8150 28.6922 1.1757 7.2794 -0.0102 0.7900 0.0116 0.6129
5.9188 29.5263 1.1688 7.0365 -0.0050 0.7985 0.0101 0.6018
6.0224 30.2991 1.1627 6.7590 0.0010 0.8063 0.0057 0.5915
6.1261 31.0715 1.1288 6.4618 0.0063 0.8138 -0.0012 0.5811
6.2298 31.8631 1.0999 6.1895 0.0104 0.8215 -0.0081 0.5700
6.3335 32.6086 1.0648 5.8794 0.0147 0.8290 -0.0115 0.5590
6.4371 33.3984 1.0154 5.5277 0.0172 0.8361 -0.0119 0.5482
6.5409 34.1175 0.9680 5.1737 0.0175 0.8428 -0.0109 0.5379
6.6445 34.8745 0.9400 4.8153 0.0177 0.8488 -0.0075 0.5283
6.7483 35.5969 0.9106 4.3965 0.0193 0.8542 -0.0036 0.5195
6.8519 36.2949 0.8577 4.0192 0.0204 0.8583 -0.0022 0.5128
6.9555 36.9840 0.8022 3.6194 0.0220 0.8615 -0.0025 0.5072
7.0590 37.6962 0.7597 3.2318 0.0232 0.8644 -0.0032 0.5023
7.1628 38.3931 0.7012 2.8416 0.0212 0.8675 -0.0058 0.4970
7.2664 39.0779 0.6896 2.4099 0.0203 0.8707 -0.0061 0.4914
7.3701 39.7620 0.6497 1.9903 0.0212 0.8732 -0.0057 0.4869
7.4738 40.4334 0.5983 1.5526 0.0231 0.8753 -0.0053 0.4831
7.5774 41.1306 0.5677 1.0982 0.0243 0.8763 -0.0066 0.4811
7.6810 41.8444 0.5135 0.6638 0.0244 0.8761 -0.0079 0.4814
7.7847 42.5699 0.4787 0.1986 0.0254 0.8752 -0.0070 0.4830
7.8883 43.3324 0.4339 -0.2400 0.0247 0.8737 -0.0072 0.4858
7.9919 44.0755 0.3875 -0.6944 0.0238 0.8716 -0.0075 0.4896
8.0956 44.8594 0.3408 -1.1768 0.0230 0.8695 -0.0081 0.4933
8.1994 45.6775 0.2908 -1.6231 0.0218 0.8677 -0.0088 0.4966
8.3031 46.4879 0.2500 -2.0887 0.0201 0.8664 -0.0097 0.4989
8.4070 47.3175 0.2130 -2.5283 0.0179 0.8660 -0.0106 0.4996
8.5108 48.1554 0.1570 -3.0356 0.0163 0.8661 -0.0107 0.4996
8.6146 49.0083 0.1144 -3.5219 0.0155 0.8663 -0.0109 0.4991
8.7184 49.8787 0.0633 -4.0183 0.0153 0.8665 -0.0106 0.4988
8.8221 50.7539 0.0201 -4.5250 0.0151 0.8664 -0.0103 0.4990
8.9259 51.6444 -0.0295 -5.0371 0.0150 0.8665 -0.0099 0.4989
9.0296 52.5290 -0.0832 -5.5420 0.0147 0.8666 -0.0098 0.4986
9.1335 53.4122 -0.1298 -6.0469 0.0138 0.8667 -0.0099 0.4986
9.2373 54.3220 -0.1831 -6.5529 0.0135 0.8668 -0.0098 0.4985
9.3410 55.2194 -0.2288 -7.0681 0.0129 0.8666 -0.0099 0.4988
9.4448 56.1283 -0.2864 -7.5959 0.0124 0.8661 -0.0096 0.4995
9.5485 57.0149 -0.3421 -8.0869 0.0118 0.8656 -0.0082 0.5005
9.6522 57.9087 -0.3885 -8.5929 0.0118 0.8649 -0.0072 0.5017
9.7559 58.8013 -0.4423 -9.1279 0.0114 0.8640 -0.0071 0.5033
9.8596 59.6935 -0.4903 -9.6190 0.0117 0.8635 -0.0070 0.5041
9.9635 60.5658 -0.5367 -10.0986 0.0119 0.8633 -0.0072 0.5045
10.0673 61.4829 -0.5802 -10.6058 0.0120 0.8634 -0.0080 0.5043
10.1711 62.3472 -0.6264 -11.0996 0.0122 0.8642 -0.0095 0.5030
10.2750 63.2492 -0.6816 -11.5790 0.0121 0.8655 -0.0106 0.5006
10.3789 64.1356 -0.7223 -12.0853 0.0117 0.8671 -0.0099 0.4980
10.4828 64.9813 -0.7821 -12.6026 0.0119 0.8687 -0.0074 0.4952
10.5865 65.8350 -0.8273 -13.1029 0.0104 0.8702 -0.0077 0.4925
10.6904 66.6641 -0.8810 -13.6015 0.0112 0.8716 -0.0083 0.4900
10.7941 67.4929 -0.9242 -14.1506 0.0120 0.8730 -0.0093 0.4875
10.8980 68.3485 -0.9713 -14.6490 0.0117 0.8744 -0.0101 0.4849
11.0017 69.1716 -1.0194 -15.1596 0.0116 0.8755 -0.0109 0.4829
11.1054 69.9667 -1.0874 -15.6815 0.0110 0.8764 -0.0106 0.4813
11.2091 70.8239 -1.1257 -16.2208 0.0099 0.8773 -0.0064 0.4799
11.3129 71.6313 -1.1463 -16.7340 0.0081 0.8779 -0.0017 0.4789
11.4166 72.4453 -1.1703 -17.2582 0.0077 0.8784 -0.0001 0.4778
11.5204 73.2563 -1.2199 -17.7625 0.0085 0.8786 -0.0028 0.4774
11.6240 74.0514 -1.2773 -18.2861 0.0098 0.8791 -0.0054 0.4766
11.7278 74.8542 -1.3023 -18.8234 0.0134 0.8792 -0.0048 0.4763
11.8315 75.6554 -1.3398 -19.3395 0.0147 0.8791 -0.0034 0.4764
11.9353 76.4148 -1.3766 -19.8578 0.0137 0.8791 -0.0021 0.4764
12.0389 77.2388 -1.4072 -20.3838 0.0117 0.8789 -0.0006 0.4770
12.1426 78.0398 -1.4286 -20.8810 0.0098 0.8786 0.0018 0.4775
12.2464 78.8727 -1.4581 -21.4126 0.0052 0.8785 0.0006 0.4777
12.3501 79.6629 -1.4871 -21.8837 0.0014 0.8780 -0.0012 0.4787
12.4539 80.4654 -1.5046 -22.3825 0.0027 0.8775 0.0003 0.4795
12.5576 81.2662 -1.5311 -22.9007 0.0048 0.8766 0.0014 0.4812
12.6614 82.0423 -1.5633 -23.3767 0.0058 0.8752 0.0001 0.4838
12.7651 82.8266 -1.5790 -23.8561 0.0079 0.8729 0.0017 0.4878
12.8688 83.6364 -1.6141 -24.3674 0.0107 0.8705 0.0042 0.4921
12.9724 84.4303 -1.6236 -24.8127 0.0110 0.8677 0.0039 0.4970
13.0762 85.2512 -1.6540 -25.2773 0.0087 0.8645 0.0032 0.5026
13.1799 86.0541 -1.6752 -25.7367 0.0082 0.8612 0.0053 0.5082
13.2837 86.8594 -1.6931 -26.1501 0.0079 0.8580 0.0058 0.5136
13.3874 87.7104 -1.7154 -26.5596 0.0074 0.8544 0.0059 0.5195
13.4911 88.5341 -1.7282 -26.9773 0.0093 0.8508 0.0068 0.5254
13.5949 89.3624 -1.7592 -27.3557 0.0096 0.8473 0.0051 0.5310
13.6988 90.1986 -1.7751 -27.7539 0.0133 0.8439 0.0015 0.5363
13.8025 91.0349 -1.8075 -28.1117 0.0150 0.8402 -0.0005 0.5420
13.9063 91.8589 -1.8275 -28.4986 0.0135 0.8366 -0.0002 0.5476
14.0100 92.7156 -1.8807 -28.8194 0.0119 0.8331 0.0018 0.5530
14.1138 93.5616 -1.9126 -29.1660 0.0111 0.8300 0.0002 0.5577
14.2176 94.4037 -1.9308 -29.4990 0.0115 0.8279 -0.0036 0.5608
14.3215 95.2402 -1.9614 -29.8116 0.0114 0.8263 -0.0087 0.5631
14.4254 96.0963 -2.0039 -30.1141 0.0116 0.8253 -0.0109 0.5644
14.5293 96.9416 -2.0483 -30.4554 0.0110 0.8242 -0.0114 0.5661
14.6331 97.7955 -2.0958 -30.7497 0.0107 0.8228 -0.0114 0.5681
14.7369 98.6238 -2.1414 -31.0473 0.0092 0.8211 -0.0105 0.5706
14.8408 99.4992 -2.1876 -31.3787 0.0076 0.8195 -0.0090 0.5730
14.9445 100.3550 -2.2392 -31.6699 0.0063 0.8177 -0.0083 0.5755
15.0483 101.2045 -2.2720 -31.9529 0.0043 0.8160 -0.0100 0.5779
15.1520 102.0420 -2.3020 -32.2075 0.0007 0.8141 -0.0145 0.5806
15.2558 102.8918 -2.3473 -32.4934 0.0027 0.8120 -0.0148 0.5835
15.3595 103.7881 -2.3976 -32.7711 0.0043 0.8097 -0.0155 0.5867
15.4633 104.5948 -2.4305 -33.0378 0.0028 0.8078 -0.0155 0.5893
15.5671 105.4501 -2.4587 -33.2930 0.0024 0.8056 -0.0132 0.5923
15.6709 106.3375 -2.4952 -33.5312 0.0026 0.8033 -0.0115 0.5955
15.7746 107.2073 -2.5436 -33.7849 0.0022 0.8013 -0.0139 0.5981
15.8784 108.0562 -2.5878 -34.0359 0.0023 0.7994 -0.0155 0.6006
15.9822 108.9020 -2.6026 -34.2506 0.0031 0.7973 -0.0157 0.6034
16.0861 109.7935 -2.6479 -34.5033 0.0029 0.7950 -0.0150 0.6064
16.1898 110.6485 -2.6863 -34.7165 0.0033 0.7927 -0.0142 0.6095
16.2935 111.4947 -2.7470 -34.9283 0.0046 0.7900 -0.0132 0.6129
16.3973 112.3492 -2.7857 -35.1362 0.0057 0.7881 -0.0124 0.6154
16.5010 113.1973 -2.8071 -35.3254 0.0037 0.7860 -0.0143 0.6181
16.6048 114.0914 -2.8524 -35.5221 0.0017 0.7840 -0.0153 0.6205
16.7086 114.9448 -2.9041 -35.7246 0.0013 0.7826 -0.0152 0.6223
16.8124 115.7942 -2.9350 -35.9075 0.0023 0.7812 -0.0141 0.6241
16.9162 116.7052 -2.9721 -36.1052 0.0032 0.7796 -0.0148 0.6261
17.0200 117.5259 -3.0104 -36.2884 0.0049 0.7779 -0.0118 0.6283
17.1238 118.4583 -3.0594 -36.4725 0.0067 0.7762 -0.0082 0.6304
17.2275 119.3000 -3.0968 -36.6585 0.0071 0.7745 -0.0068 0.6325
17.3314 120.1801 -3.1328 -36.8195 0.0076 0.7731 -0.0077 0.6342
17.4351 121.0532 -3.1639 -36.9681 0.0072 0.7719 -0.0096 0.6356
17.5390 121.9199 -3.2113 -37.1372 0.0066 0.7714 -0.0097 0.6362
17.6429 122.7669 -3.2492 -37.2898 0.0062 0.7710 -0.0095 0.6367
17.7466 123.6632 -3.2651 -37.4551 0.0056 0.7707 -0.0072 0.6372
17.8505 124.5449 -3.3125 -37.6248 0.0034 0.7703 -0.0057 0.6376
17.9543 125.4055 -3.3498 -37.7687 0.0035 0.7701 -0.0037 0.6380
18.0581 126.2874 -3.3714 -37.9260 0.0045 0.7697 -0.0060 0.6384
18.1619 127.1245 -3.4226 -38.0929 0.0048 0.7697 -0.0085 0.6383
18.2658 127.9430 -3.4413 -38.2346 0.0054 0.7698 -0.0078 0.6382
18.3696 128.7770 -3.4748 -38.3865 0.0049 0.7696 -0.0083 0.6385
18.4734 129.6684 -3.5036 -38.5597 0.0066 0.7692 -0.0059 0.6389
18.5772 130.5518 -3.5447 -38.7195 0.0058 0.7690 -0.0084 0.6392
18.6810 131.3384 -3.5696 -38.8493 0.0039 0.7690 -0.0120 0.6391
18.7849 132.2107 -3.6211 -38.9535 0.0028 0.7689 -0.0143 0.6392
18.8885 133.0625 -3.6527 -39.1278 0.0046 0.7687 -0.0152 0.6394
18.9924 133.8712 -3.6979 -39.2717 0.0053 0.7686 -0.0147 0.6396
19.0960 134.6787 -3.7474 -39.4183 0.0061 0.7680 -0.0152 0.6403
19.1999 135.5248 -3.7703 -39.5651 0.0083 0.7673 -0.0117 0.6411
19.3035 136.3346 -3.8207 -39.7106 0.0085 0.7664 -0.0092 0.6422
19.4074 137.1662 -3.8626 -39.8806 0.0079 0.7658 -0.0058 0.6429
19.5112 137.9416 -3.8935 -40.0188 0.0085 0.7646 -0.0046 0.6444
19.6148 138.7177 -3.9398 -40.1479 0.0103 0.7629 -0.0066 0.6464
19.7184 139.4791 -3.9758 -40.2835 0.0100 0.7610 -0.0088 0.6487
19.8221 140.2997 -4.0041 -40.3898 0.0107 0.7582 -0.0088 0.6519
19.9257 141.1234 -4.0151 -40.4985 0.0121 0.7551 -0.0047 0.6555
20.0294 141.9036 -4.0532 -40.5909 0.0154 0.7511 0.0001 0.6600
20.1329 142.6810 -4.1149 -40.7008 0.0126 0.7467 -0.0040 0.6650
20.2366 143.5133 -4.1524 -40.7537 0.0132 0.7418 -0.0043 0.6705
20.3404 144.2805 -4.1716 -40.8297 0.0148 0.7371 -0.0027 0.6756
20.4440 145.0430 -4.2105 -40.8732 0.0166 0.7326 -0.0021 0.6805
20.5478 145.8156 -4.2535 -40.9009 0.0180 0.7275 -0.0048 0.6858
20.6515 146.6352 -4.2956 -40.9396 0.0178 0.7232 -0.0114 0.6903
20.7553 147.3829 -4.3404 -40.9168 0.0185 0.7186 -0.0168 0.6950
20.8591 148.1200 -4.3832 -40.9341 0.0195 0.7136 -0.0169 0.7001
20.9629 148.8935 -4.4338 -40.9320 0.0176 0.7098 -0.0156 0.7040
21.0668 149.6718 -4.4881 -40.9066 0.0163 0.7059 -0.0152 0.7079
21.1706 150.4270 -4.5375 -40.8766 0.0187 0.7025 -0.0172 0.7112
21.2745 151.2028 -4.5959 -40.8628 0.0175 0.7000 -0.0243 0.7135
21.3785 151.9554 -4.6491 -40.8305 0.0182 0.6986 -0.0262 0.7148
21.4825 152.6899 -4.6948 -40.8162 0.0164 0.6988 -0.0248 0.7147
21.5864 153.4766 -4.7915 -40.7796 0.0138 0.6995 -0.0237 0.7142
21.6904 154.2083 -4.8275 -40.7959 0.0130 0.7005 -0.0226 0.7132
21.7943 154.9316 -4.8815 -40.7619 0.0141 0.7016 -0.0216 0.7121
21.8983 155.6904 -4.9374 -40.7474 0.0144 0.7030 -0.0214 0.7108
22.0022 156.4645 -5.0011 -40.7636 0.0138 0.7047 -0.0210 0.7091
22.1061 157.1965 -5.0347 -40.7420 0.0132 0.7065 -0.0221 0.7072
22.2101 157.9167 -5.0784 -40.7324 0.0122 0.7086 -0.0219 0.7051
22.3139 158.6306 -5.1512 -40.7384 0.0110 0.7109 -0.0206 0.7029
22.4178 159.3914 -5.1996 -40.7415 0.0103 0.7128 -0.0214 0.7010
22.5215 160.1319 -5.2324 -40.7654 0.0111 0.7148 -0.0215 0.6989
22.6254 160.8317 -5.2913 -40.7689 0.0110 0.7161 -0.0235 0.6975
22.7292 161.5665 -5.3381 -40.7922 0.0114 0.7168 -0.0247 0.6967
22.8329 162.2882 -5.3697 -40.8227 0.0153 0.7173 -0.0216 0.6962
22.9365 163.0047 -5.4226 -40.8289 0.0152 0.7172 -0.0207 0.6964
23.0401 163.7079 -5.4575 -40.8474 0.0154 0.7160 -0.0181 0.6977
23.1438 164.4006 -5.5253 -40.8797 0.0144 0.7134 -0.0187 0.7004
23.2474 165.1079 -5.5665 -40.8667 0.0157 0.7096 -0.0180 0.7042
23.3510 165.7856 -5.6180 -40.8295 0.0167 0.7048 -0.0168 0.7090
23.4547 166.4801 -5.6568 -40.8178 0.0160 0.6994 -0.0161 0.7144
23.5583 167.1737 -5.7208 -40.7648 0.0121 0.6932 -0.0169 0.7204
23.6620 167.8632 -5.7365 -40.7272 0.0099 0.6873 -0.0146 0.7262
23.7657 168.5585 -5.7637 -40.6643 0.0075 0.6813 -0.0119 0.7319
23.8694 169.2281 -5.7952 -40.5964 0.0044 0.6746 -0.0096 0.7381
23.9730 169.8847 -5.8414 -40.5058 0.0022 0.6685 -0.0071 0.7437
24.0768 170.5392 -5.8676 -40.4251 0.0021 0.6616 -0.0052 0.7498
24.1805 171.1825 -5.8744 -40.3020 0.0019 0.6551 -0.0052 0.7556
24.2842 171.8349 -5.8974 -40.1856 0.0007 0.6484 -0.0060 0.7613
24.3879 172.4776 -5.9063 -40.0683 -0.0015 0.6418 -0.0075 0.7668
24.4916 173.1136 -5.9322 -39.9210 -0.0045 0.6363 -0.0074 0.7714
24.5954 173.7245 -5.9443 -39.7798 -0.0037 0.6315 -0.0038 0.7753
24.6993 174.3480 -5.9654 -39.6374 -0.0033 0.6272 -0.0023 0.7789
24.8031 174.9486 -5.9808 -39.4792 -0.0037 0.6231 -0.0046 0.7821
24.9068 175.5413 -6.0077 -39.3276 -0.0025 0.6195 -0.0081 0.7849
25.0105 176.1203 -6.0257 -39.1704 0.0011 0.6158 -0.0120 0.7878
25.1143 176.7216 -6.0224 -39.0307 0.0055 0.6124 -0.0125 0.7904
25.2180 177.3234 -6.0601 -38.8587 0.0052 0.6096 -0.0120 0.7926
25.3218 177.9269 -6.0607 -38.6641 0.0016 0.6073 -0.0101 0.7944
25.4255 178.5396 -6.1017 -38.4920 -0.0046 0.6056 -0.0081 0.7957
25.5294 179.1521 -6.1217 -38.3057 -0.0085 0.6048 -0.0057 0.7963
25.6332 179.7391 -6.1368 -38.1420 -0.0078 0.6044 -0.0046 0.7966
25.7370 180.3303 -6.1290 -37.9792 -0.0057 0.6038 -0.0044 0.7971
25.8408 180.9542 -6.1452 -37.8023 -0.0047 0.6032 -0.0035 0.7976
25.9445 181.5791 -6.1305 -37.6131 -0.0056 0.6024 -0.0033 0.7981
26.0481 182.1885 -6.1533 -37.4285 -0.0078 0.6015 -0.0021 0.7989
26.1519 182.7968 -6.1689 -37.2499 -0.0095 0.6000 -0.0001 0.7999
26.2555 183.4568 -6.1742 -37.0472 -0.0103 0.5982 0.0010 0.8013
26.3591 184.0494 -6.1656 -36.8760 -0.0103 0.5958 0.0021 0.8031
26.4628 184.6628 -6.1606 -36.6627 -0.0114 0.5922 0.0033 0.8057
26.5666 185.3030 -6.1662 -36.4604 -0.0118 0.5882 0.0041 0.8086
26.6703 185.8954 -6.1711 -36.2417 -0.0113 0.5835 0.0037 0.8120
26.7739 186.5259 -6.1642 -36.0313 -0.0105 0.5785 0.0019 0.8156
26.8777 187.1293 -6.1612 -35.7999 -0.0096 0.5735 0.0005 0.8191
26.9813 187.7455 -6.1577 -35.5406 -0.0088 0.5685 0.0009 0.8227
27.0850 188.3634 -6.1635 -35.2884 -0.0099 0.5634 0.0019 0.8261
27.1888 188.9948 -6.1611 -35.0188 -0.0107 0.5586 0.0024 0.8293
27.2925 189.6237 -6.1589 -34.7347 -0.0120 0.5535 0.0018 0.8328
27.3963 190.2300 -6.1322 -34.4434 -0.0139 0.5493 0.0012 0.8355
27.5000 190.8849 -6.1358 -34.1513 -0.0155 0.5458 -0.0006 0.8378
27.6039 191.5146 -6.1257 -33.8589 -0.0166 0.5438 0.0004 0.8391
27.7078 192.1707 -6.1338 -33.5635 -0.0169 0.5429 0.0028 0.8396
27.8117 192.8174 -6.1169 -33.2803 -0.0151 0.5427 0.0033 0.8398
27.9155 193.4867 -6.1136 -32.9738 -0.0142 0.5432 0.0038 0.8395
28.0194 194.1458 -6.1044 -32.6758 -0.0121 0.5436 0.0044 0.8392
28.1233 194.8128 -6.0823 -32.3801 -0.0118 0.5436 0.0054 0.8393
28.2272 195.5087 -6.0708 -32.0648 -0.0126 0.5439 0.0081 0.8390
28.3309 196.1780 -6.0716 -31.7614 -0.0137 0.5443 0.0096 0.8387
28.4348 196.8652 -6.0575 -31.4565 -0.0144 0.5450 0.0104 0.8382
28.5387 197.5605 -6.0443 -31.1449 -0.0148 0.5459 0.0105 0.8377
28.6424 198.2435 -6.0327 -30.8357 -0.0155 0.5466 0.0103 0.8372
28.7462 198.9442 -6.0268 -30.5346 -0.0154 0.5475 0.0097 0.8366
28.8499 199.6288 -6.0196 -30.2344 -0.0137 0.5478 0.0090 0.8364
28.9538 200.3097 -6.0162 -29.9413 -0.0114 0.5482 0.0067 0.8362
29.0575 200.9750 -6.0040 -29.6414 -0.0107 0.5488 0.0053 0.8359
29.1613 201.6816 -5.9984 -29.3262 -0.0121 0.5494 0.0059 0.8355
29.2649 202.3619 -5.9940 -29.0313 -0.0145 0.5499 0.0065 0.8351
29.3686 203.0497 -5.9922 -28.7253 -0.0157 0.5513 0.0052 0.8342
29.4725 203.7204 -5.9794 -28.4298 -0.0169 0.5532 0.0041 0.8329
29.5763 204.4138 -5.9730 -28.1389 -0.0175 0.5563 0.0042 0.8308
29.6802 205.1078 -5.9554 -27.8781 -0.0173 0.5601 0.0046 0.8282
29.7839 205.7934 -5.9587 -27.6168 -0.0156 0.5644 0.0054 0.8254
29.8878 206.4637 -5.9545 -27.3485 -0.0148 0.5693 0.0037 0.8220
29.9917 207.1784 -5.9308 -27.0862 -0.0153 0.5743 0.0033 0.8185
30.0955 207.8880 -5.9123 -26.8771 -0.0167 0.5790 0.0070 0.8151
30.1993 208.6021 -5.9084 -26.6345 -0.0187 0.5825 0.0105 0.8125
30.3030 209.2963 -5.8963 -26.4059 -0.0208 0.5855 0.0123 0.8103
30.4068 210.0352 -5.8671 -26.1685 -0.0233 0.5875 0.0110 0.8088
30.5104 210.7139 -5.8480 -25.9266 -0.0238 0.5886 0.0118 0.8080
30.6140 211.4218 -5.8211 -25.7116 -0.0238 0.5892 0.0125 0.8076
30.7178 212.1292 -5.8136 -25.4746 -0.0236 0.5898 0.0119 0.8071
30.8214 212.8406 -5.7802 -25.2357 -0.0237 0.5897 0.0109 0.8072
30.9252 213.5793 -5.7635 -25.0152 -0.0242 0.5896 0.0106 0.8073
31.0288 214.2850 -5.7400 -24.7690 -0.0247 0.5892 0.0110 0.8075
31.1325 215.0149 -5.7004 -24.5260 -0.0252 0.5884 0.0114 0.8081
31.2363 215.7411 -5.6848 -24.2921 -0.0242 0.5876 0.0134 0.8087
31.3401 216.4877 -5.6631 -24.0526 -0.0242 0.5864 0.0140 0.8095
31.4437 217.2263 -5.6367 -23.7953 -0.0261 0.5845 0.0133 0.8108
31.5474 217.9361 -5.5881 -23.5547 -0.0282 0.5824 0.0146 0.8123
31.6510 218.6826 -5.5592 -23.2893 -0.0299 0.5802 0.0156 0.8138
31.7548 219.4114 -5.5395 -23.0144 -0.0313 0.5783 0.0147 0.8151
31.8585 220.1445 -5.5086 -22.7471 -0.0310 0.5765 0.0132 0.8164
31.9623 220.8795 -5.4781 -22.4558 -0.0312 0.5745 0.0090 0.8178
32.0660 221.6133 -5.4351 -22.1681 -0.0310 0.5726 0.0072 0.8192
32.1696 222.3552 -5.3950 -21.9011 -0.0317 0.5707 0.0071 0.8205
32.2734 223.0786 -5.3629 -21.6186 -0.0309 0.5691 0.0070 0.8217
32.3772 223.8327 -5.3446 -21.3056 -0.0309 0.5674 0.0046 0.8228
32.4809 224.5554 -5.3238 -20.9959 -0.0310 0.5652 0.0043 0.8243
32.5845 225.2806 -5.2788 -20.7314 -0.0308 0.5634 0.0058 0.8256
32.6883 226.0290 -5.2538 -20.4472 -0.0296 0.5614 0.0071 0.8270
32.7919 226.7546 -5.2297 -20.1415 -0.0288 0.5595 0.0074 0.8283
32.8957 227.4740 -5.2082 -19.8332 -0.0285 0.5575 0.0064 0.8296
32.9994 228.2532 -5.1686 -19.4997 -0.0298 0.5556 0.0060 0.8309
33.1032 228.9651 -5.1259 -19.1931 -0.0311 0.5535 0.0050 0.8322
33.2068 229.6775 -5.1128 -18.8724 -0.0293 0.5517 0.0054 0.8335
33.3105 230.4321 -5.1054 -18.5674 -0.0267 0.5498 0.0029 0.8349
33.4143 231.1665 -5.0949 -18.2171 -0.0260 0.5485 -0.0006 0.8357
33.5182 231.8660 -5.0456 -17.8899 -0.0293 0.5470 -0.0025 0.8366
33.6218 232.5776 -5.0224 -17.5598 -0.0336 0.5460 0.0005 0.8371
33.7255 233.3179 -5.0081 -17.2546 -0.0377 0.5452 0.0058 0.8374
33.8293 234.0638 -4.9580 -16.8975 -0.0414 0.5444 0.0089 0.8378
33.9331 234.7671 -4.9118 -16.6049 -0.0423 0.5435 0.0104 0.8383
34.0367 235.4689 -4.8786 -16.2862 -0.0415 0.5423 0.0069 0.8391
34.1404 236.1889 -4.8491 -15.9359 -0.0387 0.5404 0.0051 0.8405
34.2440 236.9161 -4.8073 -15.5988 -0.0371 0.5382 0.0028 0.8420
34.3478 237.6357 -4.7640 -15.2427 -0.0354 0.5364 0.0032 0.8432
34.4515 238.3798 -4.7340 -14.8987 -0.0343 0.5346 0.0027 0.8444
34.5552 239.0719 -4.7080 -14.5692 -0.0340 0.5328 0.0040 0.8455
34.6589 239.8116 -4.6609 -14.2213 -0.0356 0.5311 0.0060 0.8465
34.7625 240.5118 -4.6302 -13.8627 -0.0373 0.5297 0.0087 0.8473
34.8663 241.2471 -4.5725 -13.4941 -0.0385 0.5287 0.0123 0.8478
34.9700 241.9576 -4.5311 -13.1200 -0.0406 0.5277 0.0133 0.8484
35.0739 242.7145 -4.4662 -12.7667 -0.0422 0.5269 0.0173 0.8487
35.1776 243.4586 -4.4165 -12.3918 -0.0428 0.5262 0.0173 0.8491
35.2813 244.1470 -4.3707 -12.0179 -0.0414 0.5254 0.0126 0.8497
35.3850 244.8744 -4.3462 -11.6616 -0.0370 0.5249 0.0067 0.8503
35.4887 245.5969 -4.2888 -11.2827 -0.0333 0.5247 0.0033 0.8506
35.5924 246.3291 -4.2633 -10.9106 -0.0343 0.5248 0.0042 0.8506
35.6962 247.0435 -4.2035 -10.5401 -0.0367 0.5248 0.0065 0.8504
35.7998 247.7891 -4.1835 -10.1735 -0.0370 0.5240 0.0072 0.8509
35.9035 248.4938 -4.1355 -9.8098 -0.0359 0.5236 0.0079 0.8512
36.0072 249.2175 -4.1046 -9.4478 -0.0353 0.5228 0.0089 0.8517
36.1109 249.9653 -4.0529 -9.0436 -0.0368 0.5218 0.0109 0.8522
36.2145 250.6887 -4.0084 -8.6763 -0.0382 0.5216 0.0115 0.8522
36.3183 251.3865 -3.9569 -8.3021 -0.0384 0.5212 0.0109 0.8525
36.4220 252.1194 -3.9428 -7.9320 -0.0370 0.5206 0.0095 0.8529
36.5258 252.8400 -3.8892 -7.5633 -0.0361 0.5201 0.0091 0.8533
36.6295 253.5565 -3.8469 -7.1717 -0.0358 0.5194 0.0113 0.8537
36.7333 254.2888 -3.8007 -6.7796 -0.0371 0.5175 0.0118 0.8548
36.8370 255.0047 -3.7584 -6.4073 -0.0380 0.5158 0.0122 0.8558
36.9408 255.7226 -3.7110 -6.0092 -0.0371 0.5140 0.0133 0.8569
37.0445 256.4517 -3.6755 -5.5977 -0.0370 0.5118 0.0123 0.8582
37.1483 257.1477 -3.6321 -5.2101 -0.0369 0.5097 0.0096 0.8595
37.2520 257.8798 -3.5921 -4.7942 -0.0350 0.5070 0.0088 0.8612
37.3557 258.5823 -3.5558 -4.3735 -0.0327 0.5038 0.0100 0.8631
37.4594 259.3061 -3.5159 -3.9607 -0.0317 0.4995 0.0109 0.8656
37.5630 259.9932 -3.4807 -3.5358 -0.0303 0.4946 0.0135 0.8685
37.6667 260.7063 -3.4419 -3.1039 -0.0296 0.4881 0.0146 0.8722
37.7703 261.3891 -3.3982 -2.6687 -0.0305 0.4812 0.0146 0.8759
37.8740 262.0649 -3.3604 -2.2134 -0.0321 0.4743 0.0168 0.8796
37.9778 262.7712 -3.3167 -1.7111 -0.0336 0.4677 0.0181 0.8831
38.0815 263.4360 -3.2742 -1.2215 -0.0349 0.4618 0.0166 0.8861
38.1853 264.0867 -3.2343 -0.7376 -0.0354 0.4570 0.0131 0.8886
38.2892 264.7357 -3.1736 -0.2560 -0.0350 0.4538 0.0106 0.8903
38.3932 265.3944 -3.1398 0.2473 -0.0364 0.4527 0.0076 0.8909
38.4972 266.0285 -3.1029 0.7139 -0.0375 0.4545 0.0036 0.8900
38.6012 266.7103 -3.0731 1.2184 -0.0372 0.4583 -0.0005 0.8880
38.7052 267.3746 -3.0297 1.6877 -0.0360 0.4631 -0.0035 0.8856
38.8093 268.0540 -3.0007 2.1491 -0.0342 0.4689 -0.0022 0.8826
38.9133 268.7504 -2.9720 2.5960 -0.0344 0.4743 -0.0002 0.8797
39.0172 269.4610 -2.9356 3.0641 -0.0357 0.4795 -0.0015 0.8768
39.1212 270.1321 -2.9161 3.4755 -0.0357 0.4843 -0.0003 0.8742
39.2250 270.8492 -2.8851 3.9091 -0.0343 0.4887 0.0002 0.8718
39.3289 271.5487 -2.8407 4.3200 -0.0326 0.4930 0.0012 0.8694
39.4327 272.2463 -2.8181 4.7544 -0.0327 0.4970 -0.0005 0.8671
39.5364 272.9827 -2.7932 5.1569 -0.0337 0.5001 -0.0005 0.8653
39.6402 273.6839 -2.7506 5.5916 -0.0361 0.5026 -0.0005 0.8638
39.7438 274.4143 -2.7052 5.9915 -0.0396 0.5049 0.0001 0.8623
39.8476 275.1463 -2.6672 6.3944 -0.0412 0.5069 0.0006 0.8610
39.9513 275.8719 -2.6295 6.8232 -0.0413 0.5088 -0.0008 0.8599
40.0550 276.5673 -2.5858 7.1952 -0.0388 0.5097 -0.0040 0.8595
40.1587 277.2774 -2.5781 7.6167 -0.0347 0.5108 -0.0084 0.8589
40.2624 278.0389 -2.5654 8.0287 -0.0320 0.5112 -0.0108 0.8588
40.3662 278.7768 -2.5224 8.4297 -0.0322 0.5120 -0.0116 0.8583
40.4699 279.5118 -2.4873 8.8444 -0.0339 0.5124 -0.0113 0.8580
40.5735 280.2512 -2.4695 9.2598 -0.0344 0.5127 -0.0096 0.8579
40.6773 281.0156 -2.4488 9.6509 -0.0346 0.5122 -0.0080 0.8582
40.7810 281.7558 -2.4147 10.0645 -0.0353 0.5115 -0.0060 0.8585
40.8848 282.4956 -2.3842 10.4714 -0.0353 0.5099 -0.0056 0.8595
40.9884 283.2406 -2.3522 10.9036 -0.0354 0.5081 -0.0057 0.8606
41.0922 283.9938 -2.3398 11.3110 -0.0364 0.5062 -0.0070 0.8616
41.1958 284.7392 -2.2923 11.7516 -0.0366 0.5043 -0.0075 0.8627
41.2994 285.5068 -2.2602 12.1997 -0.0358 0.5022 -0.0081 0.8639
41.4032 286.2465 -2.2466 12.6394 -0.0337 0.5001 -0.0079 0.8653
41.5068 287.0021 -2.2169 13.0918 -0.0313 0.4975 -0.0077 0.8669
41.6105 287.7534 -2.1930 13.5376 -0.0304 0.4942 -0.0078 0.8688
41.7142 288.4966 -2.1713 14.0169 -0.0310 0.4903 -0.0076 0.8709
41.8179 289.2631 -2.1311 14.4885 -0.0338 0.4869 -0.0067 0.8728
41.9215 290.0137 -2.0935 14.9654 -0.0369 0.4833 -0.0057 0.8746
42.0253 290.7497 -2.0487 15.4676 -0.0410 0.4800 -0.0060 0.8763
42.1289 291.4946 -2.0109 15.9499 -0.0430 0.4762 -0.0060 0.8783
42.2327 292.2488 -1.9796 16.4526 -0.0418 0.4722 -0.0066 0.8805
42.3363 292.9909 -1.9354 16.9623 -0.0380 0.4681 -0.0074 0.8828
42.4400 293.7219 -1.8970 17.4959 -0.0343 0.4640 -0.0093 0.8851
42.5438 294.4719 -1.8656 18.0273 -0.0304 0.4605 -0.0090 0.8871
42.6474 295.2117 -1.8536 18.5422 -0.0270 0.4567 -0.0076 0.8892
42.7512 295.9545 -1.8369 19.0791 -0.0260 0.4529 -0.0044 0.8912
42.8548 296.6866 -1.8164 19.6378 -0.0276 0.4489 -0.0011 0.8931
42.9585 297.4129 -1.7789 20.1979 -0.0297 0.4450 0.0028 0.8950
43.0623 298.1687 -1.7485 20.7572 -0.0314 0.4409 0.0045 0.8970
43.1661 298.8570 -1.7069 21.3564 -0.0321 0.4375 0.0053 0.8986
43.2698 299.6018 -1.6770 21.9602 -0.0333 0.4337 0.0035 0.9004
43.3736 300.3215 -1.6198 22.5323 -0.0349 0.4299 0.0018 0.9022
43.4773 301.0378 -1.5655 23.1637 -0.0357 0.4275 0.0040 0.9033
43.5810 301.7504 -1.5169 23.7746 -0.0353 0.4250 0.0040 0.9045
43.6849 302.4796 -1.5009 24.3718 -0.0332 0.4226 0.0038 0.9057
43.7887 303.1958 -1.4441 24.9808 -0.0310 0.4197 0.0027 0.9071
43.8924 303.9147 -1.4189 25.6021 -0.0311 0.4170 0.0031 0.9084
43.9961 304.6066 -1.3606 26.2473 -0.0337 0.4147 0.0027 0.9093
44.1000 305.3179 -1.3140 26.8906 -0.0359 0.4123 0.0044 0.9103
44.2036 306.0563 -1.2756 27.5243 -0.0359 0.4094 0.0033 0.9116
44.3073 306.7252 -1.2220 28.1704 -0.0344 0.4072 0.0012 0.9127
44.4110 307.4199 -1.1977 28.8119 -0.0323 0.4046 -0.0005 0.9139
44.5148 308.1157 -1.1598 29.4380 -0.0310 0.4019 0.0013 0.9152
44.6185 308.8351 -1.1381 30.0900 -0.0307 0.3994 0.0037 0.9162
44.7223 309.5165 -1.0936 30.7467 -0.0297 0.3968 0.0062 0.9174
44.8262 310.2032 -1.0631 31.4243 -0.0285 0.3937 0.0086 0.9188
44.9298 310.8865 -1.0198 32.0684 -0.0277 0.3907 0.0111 0.9200
45.0335 311.5943 -0.9765 32.7307 -0.0284 0.3884 0.0112 0.9210
45.1373 312.2640 -0.9443 33.4124 -0.0292 0.3863 0.0105 0.9219
45.2410 312.9194 -0.9221 34.0774 -0.0285 0.3839 0.0105 0.9229
45.3448 313.5660 -0.8455 34.7599 -0.0284 0.3814 0.0098 0.9239
45.4485 314.2537 -0.8457 35.4531 -0.0281 0.3790 0.0115 0.9249
45.5523 314.9108 -0.7845 36.1240 -0.0291 0.3757 0.0115 0.9262
45.6562 315.5600 -0.7609 36.8176 -0.0278 0.3735 0.0118 0.9271
45.7599 316.1945 -0.7076 37.4792 -0.0272 0.3708 0.0135 0.9282
45.8637 316.8418 -0.6864 38.1812 -0.0290 0.3685 0.0129 0.9291
45.9674 317.4742 -0.6331 38.8869 -0.0307 0.3668 0.0117 0.9297
46.0713 318.0824 -0.5991 39.5810 -0.0325 0.3653 0.0094 0.9303
46.1750 318.7156 -0.5380 40.2693 -0.0341 0.3640 0.0131 0.9307
46.2788 319.3538 -0.4991 40.9771 -0.0348 0.3628 0.0114 0.9311
46.3827 319.9657 -0.4630 41.6432 -0.0316 0.3616 0.0125 0.9317
46.4865 320.6016 -0.4238 42.3624 -0.0290 0.3611 0.0091 0.9320
46.5904 321.2347 -0.3751 43.0648 -0.0287 0.3613 0.0095 0.9319
46.6942 321.8622 -0.3395 43.7731 -0.0301 0.3620 0.0094 0.9316
46.7981 322.4809 -0.3055 44.4640 -0.0315 0.3628 0.0121 0.9313
46.9019 323.1471 -0.2557 45.1650 -0.0325 0.3642 0.0119 0.9307
47.0058 323.7985 -0.2083 45.8723 -0.0325 0.3668 0.0115 0.9297
47.1097 324.4433 -0.1777 46.5548 -0.0316 0.3695 0.0085 0.9286
47.2136 325.0984 -0.1239 47.2515 -0.0297 0.3729 0.0075 0.9274
47.3174 325.7553 -0.0875 47.9531 -0.0288 0.3764 0.0066 0.9260
47.4212 326.4353 -0.0430 48.6326 -0.0290 0.3803 0.0067 0.9244
47.5251 327.1216 -0.0141 49.3223 -0.0292 0.3842 0.0068 0.9228
47.6288 327.8160 0.0407 49.9799 -0.0314 0.3878 0.0058 0.9212
47.7327 328.5032 0.0796 50.6782 -0.0349 0.3921 0.0060 0.9193
47.8364 329.2065 0.1561 51.3402 -0.0374 0.3960 0.0065 0.9175
47.9402 329.9069 0.1792 52.0265 -0.0372 0.4002 0.0049 0.9157
48.0439 330.6031 0.2112 52.6870 -0.0346 0.4037 0.0028 0.9142
48.1477 331.3190 0.2557 53.3149 -0.0319 0.4073 0.0023 0.9127
48.2514 332.0711 0.3006 53.9972 -0.0317 0.4106 0.0031 0.9113
48.3550 332.8053 0.3467 54.6264 -0.0324 0.4138 0.0035 0.9098
48.4588 333.5463 0.4013 55.2597 -0.0331 0.4166 0.0036 0.9085
48.5626 334.2913 0.4357 55.9072 -0.0338 0.4190 0.0041 0.9073
48.6662 335.0439 0.4896 56.5658 -0.0348 0.4216 0.0038 0.9061
48.7699 335.7989 0.5393 57.2035 -0.0358 0.4239 0.0029 0.9050
48.8736 336.5612 0.5836 57.8618 -0.0366 0.4263 0.0016 0.9038
48.9773 337.3074 0.6229 58.4696 -0.0370 0.4284 0.0008 0.9028
49.0809 338.1033 0.6677 59.1234 -0.0373 0.4306 -0.0001 0.9018
49.1847 338.8875 0.7177 59.7615 -0.0374 0.4325 -0.0006 0.9008
49.2883 339.6871 0.7566 60.3829 -0.0375 0.4344 -0.0007 0.8999
49.3920 340.4657 0.8086 61.0194 -0.0376 0.4361 -0.0007 0.8991
49.4958 341.2557 0.8580 61.6454 -0.0381 0.4380 -0.0011 0.8982
49.5994 342.0481 0.9027 62.2693 -0.0392 0.4393 -0.0023 0.8975
49.7032 342.8692 0.9547 62.9132 -0.0398 0.4412 -0.0018 0.8965
49.8068 343.6473 0.9959 63.5117 -0.0397 0.4429 -0.0019 0.8957
49.9106 344.4444 1.0359 64.1247 -0.0392 0.4446 -0.0026 0.8949
50.0142 345.2655 1.0796 64.7444 -0.0386 0.4457 -0.0023 0.8944
50.1180 346.0615 1.1371 65.3457 -0.0398 0.4463 0.0000 0.8940
50.2216 346.8883 1.2041 65.9633 -0.0422 0.4466 0.0040 0.8938
50.3253 347.6774 1.2721 66.5761 -0.0438 0.4471 0.0057 0.8934
50.4290 348.4924 1.3233 67.1777 -0.0433 0.4473 0.0062 0.8933
50.5327 349.2977 1.3660 67.7702 -0.0402 0.4476 0.0054 0.8933
50.6365 350.0835 1.4104 68.3720 -0.0373 0.4481 0.0037 0.8932
50.7402 350.8894 1.4631 68.9806 -0.0353 0.4486 0.0040 0.8930
50.8440 351.7213 1.5187 69.6137 -0.0356 0.4493 0.0055 0.8927
50.9476 352.5089 1.5611 70.2013 -0.0364 0.4499 0.0082 0.8923
51.0512 353.3504 1.6193 70.8093 -0.0375 0.4502 0.0105 0.8921
51.1549 354.1730 1.6775 71.4235 -0.0386 0.4505 0.0116 0.8919
51.2586 354.9783 1.7357 72.0164 -0.0387 0.4505 0.0119 0.8919
51.3623 355.7880 1.7854 72.6167 -0.0378 0.4506 0.0118 0.8919
51.4659 356.6131 1.8308 73.2283 -0.0365 0.4507 0.0120 0.8919
51.5697 357.4172 1.8946 73.8180 -0.0364 0.4505 0.0123 0.8919
51.6733 358.2135 1.9662 74.4055 -0.0365 0.4506 0.0152 0.8918
51.7769 359.0287 2.0235 74.9908 -0.0367 0.4507 0.0157 0.8918
51.8807 359.8504 2.0667 75.6278 -0.0357 0.4511 0.0163 0.8916
51.9843 360.6830 2.1165 76.2299 -0.0350 0.4513 0.0158 0.8915
52.0881 361.4818 2.1821 76.8228 -0.0354 0.4515 0.0156 0.8914
52.1917 362.2909 2.2413 77.4368 -0.0355 0.4515 0.0171 0.8914
52.2954 363.0945 2.2991 78.0251 -0.0359 0.4516 0.0181 0.8913
52.3992 363.9118 2.3383 78.6210 -0.0353 0.4512 0.0210 0.8915
52.5029 364.7238 2.4009 79.2146 -0.0346 0.4509 0.0239 0.8916
52.6067 365.5308 2.4619 79.7981 -0.0337 0.4506 0.0271 0.8917
52.7104 366.3366 2.5122 80.3782 -0.0337 0.4500 0.0288 0.8919
52.8142 367.1643 2.5944 81.0015 -0.0333 0.4498 0.0309 0.8920
52.9179 367.9560 2.6546 81.5668 -0.0338 0.4491 0.0321 0.8922
53.0217 368.7501 2.7275 82.1682 -0.0339 0.4482 0.0339 0.8926
53.1254 369.4990 2.7842 82.7404 -0.0341 0.4477 0.0341 0.8929
53.2292 370.2739 2.8571 83.3276 -0.0344 0.4468 0.0340 0.8933
53.3329 371.0199 2.9107 83.9081 -0.0344 0.4463 0.0348 0.8935
53.4365 371.7654 2.9786 84.4737 -0.0352 0.4456 0.0360 0.8938
53.5403 372.4945 3.0341 85.0227 -0.0372 0.4449 0.0373 0.8940
53.6441 373.1904 3.1152 85.5618 -0.0406 0.4448 0.0375 0.8939
53.7478 373.8960 3.1861 86.1221 -0.0442 0.4446 0.0365 0.8939
53.8516 374.6120 3.2476 86.6609 -0.0476 0.4448 0.0337 0.8937
53.9553 375.2635 3.3264 87.1945 -0.0489 0.4452 0.0319 0.8935
54.0590 375.9228 3.3936 87.7029 -0.0499 0.4454 0.0305 0.8934
54.1628 376.5791 3.4779 88.2062 -0.0512 0.4457 0.0275 0.8933
54.2666 377.1892 3.5352 88.6885 -0.0515 0.4462 0.0254 0.8931
54.3702 377.8427 3.6003 89.1884 -0.0514 0.4466 0.0239 0.8929
54.4739 378.4461 3.6685 89.6346 -0.0499 0.4470 0.0261 0.8928
54.5776 379.0476 3.7236 90.0879 -0.0494 0.4473 0.0273 0.8926
54.6813 379.6529 3.8084 90.5583 -0.0502 0.4483 0.0252 0.8921
54.7851 380.2513 3.8689 91.0014 -0.0504 0.4500 0.0255 0.8913
54.8888 380.8509 3.9354 91.4674 -0.0515 0.4528 0.0245 0.8898
54.9927 381.4180 3.9852 91.8846 -0.0526 0.4556 0.0241 0.8883
55.0964 382.0169 4.0632 92.2980 -0.0526 0.4588 0.0227 0.8867
55.2002 382.5943 4.1003 92.6999 -0.0508 0.4622 0.0216 0.8850
55.3040 383.1670 4.1595 93.1089 -0.0496 0.4654 0.0178 0.8835
55.4078 383.7364 4.2207 93.5231 -0.0488 0.4703 0.0164 0.8810
55.5117 384.3444 4.2777 93.8765 -0.0515 0.4753 0.0144 0.8782
55.6154 384.9610 4.3620 94.2387 -0.0535 0.4802 0.0157 0.8754
55.7192 385.5588 4.4305 94.6447 -0.0566 0.4853 0.0164 0.8724
55.8229 386.1835 4.4924 95.0232 -0.0579 0.4904 0.0175 0.8694
55.9267 386.8279 4.5602 95.3752 -0.0586 0.4949 0.0181 0.8668
56.0304 387.4550 4.6272 95.7294 -0.0578 0.4996 0.0185 0.8642
56.1341 388.1051 4.6902 96.1038 -0.0554 0.5036 0.0191 0.8620
56.2378 388.7403 4.7356 96.4330 -0.0521 0.5068 0.0204 0.8602
56.3416 389.3738 4.8063 96.8043 -0.0499 0.5098 0.0225 0.8585
56.4453 390.0479 4.8645 97.1665 -0.0514 0.5122 0.0252 0.8570
56.5491 390.7934 4.9755 97.5193 -0.0556 0.5144 0.0307 0.8552
56.6529 391.4801 5.0692 97.9079 -0.0632 0.5160 0.0339 0.8535
56.7567 392.1598 5.2142 98.2450 -0.0680 0.5179 0.0373 0.8519
56.8604 392.8386 5.2742 98.5924 -0.0702 0.5203 0.0387 0.8502
56.9643 393.5409 5.3603 98.9329 -0.0714 0.5230 0.0371 0.8485
57.0681 394.2356 5.4628 99.3175 -0.0711 0.5256 0.0367 0.8470
57.1719 394.9586 5.5906 99.6251 -0.0716 0.5280 0.0392 0.8453
57.2756 395.6667 5.6990 99.9935 -0.0709 0.5308 0.0444 0.8434
57.3793 396.4054 5.8370 100.3054 -0.0722 0.5337 0.0463 0.8413
57.4831 397.1529 5.9424 100.6542 -0.0718 0.5362 0.0482 0.8397
57.5868 397.8599 6.0540 100.9864 -0.0727 0.5385 0.0470 0.8381
57.6906 398.5518 6.1662 101.2962 -0.0727 0.5414 0.0467 0.8363
57.7943 399.2518 6.2631 101.6178 -0.0716 0.5444 0.0481 0.8344
57.8982 399.9531 6.3862 101.9042 -0.0719 0.5479 0.0478 0.8321
58.0019 400.6647 6.4894 102.1933 -0.0711 0.5517 0.0489 0.8296
58.1058 401.3319 6.5973 102.4581 -0.0716 0.5558 0.0484 0.8268
58.2097 402.0881 6.7225 102.7524 -0.0718 0.5608 0.0484 0.8234
58.3134 402.7128 6.8356 103.0208 -0.0712 0.5649 0.0499 0.8205
58.4173 403.3687 6.9234 103.2440 -0.0699 0.5692 0.0507 0.8176
58.5211 404.0833 7.0101 103.5008 -0.0669 0.5742 0.0504 0.8144
58.6249 404.8003 7.1081 103.7459 -0.0668 0.5797 0.0439 0.8109
58.7287 405.4724 7.2006 103.9700 -0.0652 0.5857 0.0395 0.8069
58.8327 406.1232 7.3005 104.1630 -0.0637 0.5923 0.0361 0.8024
58.9366 406.7840 7.3821 104.3697 -0.0615 0.5998 0.0361 0.7970
59.0404 407.4730 7.4733 104.5412 -0.0588 0.6086 0.0355 0.7905
59.1443 408.1506 7.5587 104.6875 -0.0552 0.6169 0.0345 0.7843
59.2482 408.8518 7.6145 104.7994 -0.0513 0.6255 0.0341 0.7778
59.3521 409.5831 7.6909 104.9181 -0.0476 0.6338 0.0347 0.7713
59.4558 410.3042 7.7586 105.0185 -0.0457 0.6410 0.0357 0.7653
59.5596 411.0162 7.8317 105.1358 -0.0473 0.6477 0.0375 0.7595
59.6633 411.7788 7.9247 105.2527 -0.0509 0.6537 0.0391 0.7540
59.7669 412.5445 8.0233 105.3125 -0.0524 0.6586 0.0433 0.7494
59.8707 413.2781 8.0955 105.4148 -0.0545 0.6623 0.0457 0.7459
59.9743 414.0290 8.1778 105.5129 -0.0557 0.6655 0.0467 0.7428
60.0781 414.7468 8.2674 105.5997 -0.0578 0.6677 0.0465 0.7407
60.1818 415.5344 8.3675 105.6646 -0.0599 0.6710 0.0470 0.7375
60.2856 416.3058 8.4853 105.7516 -0.0612 0.6737 0.0457 0.7351
60.3893 417.0707 8.5760 105.8295 -0.0620 0.6761 0.0372 0.7332
60.4931 417.8356 8.6218 105.8878 -0.0571 0.6786 0.0310 0.7317
60.5968 418.5412 8.6490 105.9434 -0.0533 0.6804 0.0255 0.7305
60.7006 419.3067 8.7392 106.0039 -0.0549 0.6813 0.0234 0.7296
60.8042 420.1316 8.8655 106.0682 -0.0601 0.6813 0.0234 0.7291
60.9080 420.8889 8.9858 106.1307 -0.0607 0.6811 0.0233 0.7293
61.0116 421.6855 9.0233 106.1870 -0.0585 0.6803 0.0174 0.7304
61.1153 422.4070 9.0379 106.2564 -0.0506 0.6791 0.0093 0.7322
61.2189 423.1464 9.0712 106.3460 -0.0458 0.6772 0.0013 0.7344
61.3227 423.9019 9.1209 106.4097 -0.0461 0.6757 0.0010 0.7358
61.4264 424.6612 9.2014 106.4706 -0.0514 0.6752 0.0035 0.7358
61.5302 425.4307 9.2567 106.5450 -0.0538 0.6740 0.0053 0.7368
61.6338 426.1506 9.2859 106.6284 -0.0519 0.6723 0.0060 0.7384
61.7376 426.8778 9.2996 106.6976 -0.0477 0.6716 0.0034 0.7394
61.8413 427.5505 9.3284 106.7400 -0.0444 0.6706 0.0024 0.7405
61.9451 428.2238 9.3843 106.8281 -0.0419 0.6700 0.0030 0.7412
62.0488 428.9043 9.4092 106.9054 -0.0394 0.6701 0.0033 0.7412
62.1526 429.5828 9.4299 106.9819 -0.0374 0.6703 0.0010 0.7412
62.2564 430.2519 9.4501 107.0333 -0.0360 0.6710 -0.0007 0.7405
62.3601 430.8991 9.4706 107.1302 -0.0369 0.6715 -0.0042 0.7401
62.4640 431.5201 9.4803 107.1795 -0.0380 0.6741 -0.0067 0.7376
62.5679 432.1970 9.4966 107.2156 -0.0382 0.6786 -0.0084 0.7334
62.6718 432.8311 9.5088 107.2438 -0.0383 0.6844 -0.0098 0.7280
62.7758 433.4741 9.5152 107.2725 -0.0372 0.6912 -0.0098 0.7217
62.8798 434.0871 9.5306 107.2907 -0.0360 0.6982 -0.0085 0.7150
62.9837 434.6882 9.5299 107.2856 -0.0348 0.7042 -0.0080 0.7091
63.0876 435.3118 9.5384 107.2868 -0.0338 0.7106 -0.0081 0.7028
63.1914 435.8629 9.5342 107.2578 -0.0331 0.7169 -0.0078 0.6964
63.2954 436.4115 9.5485 107.2232 -0.0337 0.7233 -0.0082 0.6897
63.3993 436.9323 9.5623 107.1800 -0.0347 0.7297 -0.0082 0.6828
63.5032 437.4457 9.5644 107.1233 -0.0344 0.7361 -0.0089 0.6759
63.6071 437.8928 9.5608 107.0550 -0.0314 0.7419 -0.0092 0.6697
63.7108 438.3230 9.5434 106.9999 -0.0264 0.7474 -0.0108 0.6638
63.8147 438.7258 9.5289 106.9223 -0.0207 0.7524 -0.0126 0.6583
63.9184 439.1078 9.5154 106.8626 -0.0179 0.7563 -0.0156 0.6537
64.0222 439.4737 9.5254 106.8133 -0.0161 0.7600 -0.0186 0.6494
64.1260 439.8215 9.5107 106.7474 -0.0144 0.7632 -0.0199 0.6458
64.2297 440.1569 9.5002 106.6922 -0.0124 0.7659 -0.0191 0.6425
64.3333 440.4828 9.4987 106.6142 -0.0090 0.7682 -0.0163 0.6399
64.4371 440.7542 9.4599 106.5388 -0.0072 0.7700 -0.0137 0.6379
64.5407 441.0404 9.4668 106.4815 -0.0082 0.7717 -0.0133 0.6358
64.6444 441.2971 9.4461 106.4238 -0.0109 0.7731 -0.0142 0.6340
64.7481 441.5126 9.4606 106.3850 -0.0138 0.7743 -0.0153 0.6325
64.8517 441.7582 9.4535 106.3652 -0.0152 0.7752 -0.0159 0.6313
64.9553 441.9542 9.4461 106.3146 -0.0142 0.7761 -0.0156 0.6302
65.0591 442.1144 9.4229 106.2582 -0.0121 0.7766 -0.0149 0.6296
65.1627 442.2823 9.4149 106.2223 -0.0099 0.7770 -0.0138 0.6292
65.2663 442.4250 9.4041 106.1998 -0.0085 0.7767 -0.0145 0.6296
65.3701 442.5709 9.4077 106.1737 -0.0083 0.7762 -0.0157 0.6302
65.4737 442.7237 9.4132 106.1412 -0.0074 0.7754 -0.0142 0.6313
65.5774 442.8793 9.3931 106.1085 -0.0059 0.7741 -0.0108 0.6329
65.6811 443.0047 9.4077 106.0469 -0.0046 0.7724 -0.0082 0.6351
65.7848 443.1720 9.3876 106.0374 -0.0033 0.7711 -0.0079 0.6366
65.8886 443.3130 9.3897 106.0199 -0.0036 0.7699 -0.0093 0.6381
65.9922 443.4535 9.3798 106.0023 -0.0043 0.7683 -0.0109 0.6400
66.0959 443.5964 9.3782 105.9934 -0.0046 0.7666 -0.0122 0.6420
66.1997 443.7650 9.3688 105.9691 -0.0046 0.7646 -0.0125 0.6444
66.3033 443.9390 9.3656 105.9514 -0.0048 0.7626 -0.0128 0.6467
66.4071 444.1345 9.3565 105.9286 -0.0077 0.7603 -0.0141 0.6494
66.5107 444.3609 9.3685 105.9143 -0.0114 0.7575 -0.0156 0.6526
66.6143 444.5817 9.3825 105.9151 -0.0139 0.7545 -0.0163 0.6559
66.7181 444.8170 9.3620 105.8785 -0.0136 0.7514 -0.0149 0.6595
66.8217 445.0601 9.3546 105.8488 -0.0116 0.7477 -0.0119 0.6638
66.9254 445.2987 9.3286 105.8266 -0.0110 0.7439 -0.0102 0.6681
67.0291 445.5606 9.3518 105.8196 -0.0093 0.7387 -0.0081 0.6740
67.1328 445.8419 9.3107 105.8003 -0.0086 0.7332 -0.0079 0.6799
67.2364 446.1094 9.3349 105.7968 -0.0084 0.7273 -0.0066 0.6862
67.3401 446.3958 9.3202 105.8033 -0.0086 0.7200 -0.0065 0.6939
67.4437 446.6718 9.3271 105.8261 -0.0085 0.7124 -0.0064 0.7017
67.5473 446.9703 9.3080 105.8534 -0.0085 0.7048 -0.0076 0.7093
67.6511 447.2956 9.3223 105.8877 -0.0094 0.6965 -0.0107 0.7174
67.7547 447.6386 9.3060 105.9330 -0.0100 0.6881 -0.0135 0.7255
67.8583 447.9603 9.3293 105.9882 -0.0106 0.6788 -0.0137 0.7341
67.9621 448.3190 9.2956 106.0427 -0.0102 0.6693 -0.0122 0.7429
68.0657 448.6753 9.2883 106.1199 -0.0098 0.6599 -0.0105 0.7512
68.1693 449.0440 9.2911 106.1811 -0.0101 0.6498 -0.0104 0.7599
68.2731 449.4531 9.2831 106.2840 -0.0105 0.6399 -0.0107 0.7683
68.3767 449.8294 9.2931 106.4202 -0.0106 0.6301 -0.0107 0.7764
68.4803 450.2401 9.2839 106.5075 -0.0106 0.6197 -0.0108 0.7847
68.5841 450.6760 9.2822 106.6558 -0.0103 0.6102 -0.0101 0.7921
68.6878 451.0983 9.2800 106.8054 -0.0103 0.6011 -0.0099 0.7990
68.7916 451.5710 9.2778 106.9507 -0.0101 0.5927 -0.0092 0.8053
68.8953 452.0544 9.2711 107.1331 -0.0101 0.5850 -0.0091 0.8109
68.9991 452.5343 9.2721 107.3091 -0.0100 0.5772 -0.0092 0.8165
69.1028 453.0412 9.2629 107.5153 -0.0094 0.5698 -0.0085 0.8217
69.2066 453.5608 9.2620 107.7257 -0.0085 0.5622 -0.0068 0.8269
69.3103 454.0931 9.2616 107.9665 -0.0071 0.5542 -0.0047 0.8324
69.4139 454.6212 9.2478 108.2146 -0.0061 0.5464 -0.0034 0.8375
69.5177 455.1525 9.2508 108.4899 -0.0056 0.5391 -0.0031 0.8422
69.6214 455.7132 9.2439 108.7650 -0.0054 0.5321 -0.0038 0.8467
69.7253 456.2881 9.2389 109.0543 -0.0057 0.5258 -0.0045 0.8506
69.8291 456.8744 9.2416 109.3895 -0.0062 0.5202 -0.0040 0.8540
69.9328 457.4568 9.2351 109.7102 -0.0072 0.5155 -0.0037 0.8568
70.0367 458.0505 9.2454 110.0509 -0.0085 0.5117 -0.0032 0.8591
70.1406 458.6560 9.2431 110.3913 -0.0093 0.5085 -0.0027 0.8610
70.2443 459.2781 9.2370 110.7666 -0.0097 0.5061 -0.0029 0.8624
70.3482 459.9333 9.2405 111.1221 -0.0103 0.5042 -0.0033 0.8635
70.4519 460.5759 9.2464 111.4946 -0.0107 0.5027 -0.0037 0.8644
70.5558 461.2519 9.2447 111.8932 -0.0108 0.5015 -0.0044 0.8651
70.6596 461.9294 9.2468 112.2772 -0.0103 0.5000 -0.0040 0.8660
70.7633 462.5973 9.2444 112.6870 -0.0095 0.4986 -0.0036 0.8668
70.8672 463.3110 9.2378 113.0969 -0.0089 0.4974 -0.0039 0.8675
70.9708 464.0205 9.2392 113.5130 -0.0080 0.4962 -0.0041 0.8682
71.0747 464.7361 9.2336 113.9487 -0.0073 0.4951 -0.0043 0.8688
71.1784 465.4564 9.2377 114.3872 -0.0062 0.4941 -0.0033 0.8694
71.2822 466.1987 9.2250 114.8291 -0.0053 0.4931 -0.0023 0.8699
71.3859 466.9202 9.2241 115.2742 -0.0047 0.4924 -0.0020 0.8704
71.4896 467.6643 9.2180 115.7285 -0.0039 0.4913 -0.0027 0.8710
71.5933 468.4301 9.2019 116.1950 -0.0022 0.4910 -0.0032 0.8711
71.6972 469.1882 9.1831 116.6715 -0.0014 0.4909 -0.0041 0.8712
71.8010 469.9887 9.1783 117.1572 -0.0022 0.4906 -0.0047 0.8714
71.9047 470.7814 9.1673 117.6594 -0.0032 0.4906 -0.0037 0.8714
72.0085 471.5739 9.1694 118.1388 -0.0042 0.4904 -0.0028 0.8715
72.1122 472.4002 9.1498 118.6392 -0.0036 0.4901 -0.0024 0.8717
72.2160 473.2204 9.1413 119.1459 -0.0026 0.4898 -0.0018 0.8718
72.3197 474.0532 9.1261 119.6329 -0.0018 0.4894 -0.0008 0.8721
72.4235 474.8898 9.1173 120.1603 -0.0017 0.4889 -0.0006 0.8723
72.5272 475.7424 9.1034 120.6991 -0.0014 0.4886 -0.0001 0.8725
72.6309 476.5929 9.0914 121.2297 -0.0013 0.4882 0.0006 0.8728
72.7347 477.4679 9.0777 121.7593 -0.0011 0.4880 0.0003 0.8728
72.8385 478.3326 9.0684 122.3124 -0.0008 0.4878 -0.0005 0.8730
72.9422 479.1898 9.0659 122.8601 -0.0011 0.4875 -0.0006 0.8731
73.0460 480.1251 9.0342 123.4403 -0.0015 0.4877 -0.0002 0.8730
73.1497 480.9875 9.0404 123.9936 -0.0028 0.4881 -0.0018 0.8728
73.2535 481.9061 9.0222 124.5642 -0.0030 0.4892 -0.0036 0.8722
73.3572 482.8157 9.0057 125.1461 -0.0025 0.4911 -0.0052 0.8711
73.4611 483.7280 8.9878 125.7073 -0.0028 0.4941 -0.0075 0.8694
73.5649 484.6762 8.9722 126.2687 -0.0034 0.4987 -0.0109 0.8667
73.6688 485.6038 8.9440 126.8127 -0.0038 0.5042 -0.0131 0.8635
73.7727 486.5545 8.9167 127.3393 -0.0047 0.5110 -0.0148 0.8595
73.8767 487.5527 8.8866 127.8605 -0.0060 0.5182 -0.0152 0.8551
73.9806 488.5146 8.8699 128.3471 -0.0082 0.5255 -0.0152 0.8506
74.0845 489.4923 8.8485 128.8324 -0.0091 0.5331 -0.0160 0.8458
74.1885 490.5419 8.8135 129.3114 -0.0081 0.5411 -0.0169 0.8408
74.2923 491.5066 8.7842 129.7471 -0.0072 0.5491 -0.0187 0.8355
74.3962 492.5321 8.7536 130.2070 -0.0070 0.5579 -0.0192 0.8296
74.5001 493.5520 8.7368 130.6040 -0.0078 0.5670 -0.0195 0.8235
74.6038 494.6057 8.7132 130.9772 -0.0078 0.5768 -0.0189 0.8166
74.7078 495.6547 8.6616 131.3331 -0.0069 0.5871 -0.0199 0.8092
74.8117 496.6935 8.6418 131.6612 -0.0059 0.5975 -0.0234 0.8015
74.9155 497.7831 8.5690 131.9627 -0.0039 0.6085 -0.0246 0.7931
75.0193 498.8475 8.5611 132.2284 -0.0043 0.6198 -0.0295 0.7842
75.1233 499.9007 8.4713 132.4701 -0.0020 0.6320 -0.0290 0.7744
75.2271 501.0485 8.4407 132.6855 -0.0025 0.6437 -0.0322 0.7646
75.3310 502.1343 8.3702 132.8506 -0.0000 0.6549 -0.0325 0.7551
75.4348 503.2473 8.2882 132.9638 0.0025 0.6653 -0.0336 0.7458
75.5386 504.3427 8.2159 133.0824 0.0051 0.6750 -0.0338 0.7371
75.6422 505.4486 8.1305 133.1712 0.0066 0.6840 -0.0332 0.7287
75.7459 506.5937 8.0485 133.2278 0.0074 0.6924 -0.0330 0.7207
75.8496 507.6765 7.9759 133.2481 0.0077 0.7002 -0.0341 0.7131
75.9533 508.8050 7.8909 133.2416 0.0087 0.7080 -0.0357 0.7053
76.0570 509.9351 7.7939 133.2352 0.0093 0.7155 -0.0355 0.6976
76.1606 511.0530 7.7095 133.1782 0.0097 0.7217 -0.0331 0.6913
76.2642 512.1959 7.6154 133.1127 0.0115 0.7264 -0.0307 0.6865
76.3677 513.3385 7.5196 133.0458 0.0145 0.7297 -0.0293 0.6830
76.4713 514.4564 7.4264 132.9544 0.0162 0.7314 -0.0299 0.6810
76.5750 515.6123 7.3353 132.8800 0.0161 0.7332 -0.0303 0.6792
76.6786 516.7154 7.2560 132.8079 0.0164 0.7343 -0.0304 0.6779
76.7822 517.8379 7.1664 132.7243 0.0165 0.7356 -0.0312 0.6765
76.8859 518.9843 7.0590 132.6402 0.0182 0.7367 -0.0320 0.6752
76.9896 520.1677 6.9585 132.5200 0.0192 0.7377 -0.0326 0.6741
77.0932 521.3425 6.8437 132.4136 0.0191 0.7388 -0.0322 0.6729
77.1970 522.5129 6.7523 132.3089 0.0186 0.7400 -0.0308 0.6716
77.3006 523.7051 6.6710 132.2241 0.0176 0.7407 -0.0295 0.6710
77.4042 524.9043 6.5673 132.1038 0.0169 0.7412 -0.0308 0.6704
77.5078 526.1149 6.4658 131.9938 0.0181 0.7413 -0.0326 0.6702
77.6116 527.2953 6.3597 131.8909 0.0189 0.7411 -0.0338 0.6703
77.7152 528.5362 6.2496 131.7591 0.0197 0.7412 -0.0330 0.6702
77.8190 529.7617 6.1432 131.6523 0.0194 0.7409 -0.0333 0.6705
77.9227 531.0069 6.0367 131.5397 0.0190 0.7410 -0.0340 0.6704
78.0263 532.2589 5.9283 131.4246 0.0181 0.7413 -0.0355 0.6700
78.1301 533.5166 5.8194 131.2996 0.0179 0.7420 -0.0348 0.6693
78.2338 534.7645 5.6997 131.1777 0.0175 0.7428 -0.0347 0.6683
78.3375 536.0355 5.5941 131.0666 0.0180 0.7438 -0.0346 0.6673
78.4412 537.3125 5.4712 130.9230 0.0182 0.7443 -0.0350 0.6666
78.5448 538.5853 5.3691 130.7939 0.0179 0.7456 -0.0350 0.6653
78.6486 539.8670 5.2415 130.6409 0.0179 0.7467 -0.0348 0.6640
78.7523 541.1573 5.1323 130.4979 0.0169 0.7477 -0.0351 0.6629
78.8560 542.4763 5.0138 130.3590 0.0165 0.7491 -0.0346 0.6613
78.9597 543.7812 4.9028 130.2026 0.0159 0.7502 -0.0349 0.6601
79.0633 545.1108 4.7913 130.0319 0.0158 0.7512 -0.0355 0.6589
79.1671 546.4386 4.6733 129.8673 0.0158 0.7522 -0.0356 0.6578
79.2708 547.7481 4.5611 129.6768 0.0164 0.7529 -0.0352 0.6570
79.3745 549.1059 4.4290 129.5105 0.0163 0.7538 -0.0360 0.6559
79.4782 550.4583 4.3128 129.3319 0.0166 0.7549 -0.0361 0.6547
79.5820 551.8101 4.1923 129.1505 0.0164 0.7559 -0.0363 0.6534
79.6857 553.1592 4.0772 128.9702 0.0165 0.7571 -0.0360 0.6521
79.7895 554.5486 3.9391 128.7534 0.0165 0.7583 -0.0359 0.6506
79.8932 555.9338 3.8245 128.5429 0.0163 0.7597 -0.0360 0.6491
79.9970 557.3260 3.6951 128.3422 0.0162 0.7608 -0.0364 0.6477
80.1006 558.7291 3.5775 128.1066 0.0164 0.7615 -0.0365 0.6469
80.2043 560.1152 3.4396 127.8878 0.0171 0.7624 -0.0362 0.6458
80.3080 561.5426 3.3071 127.6523 0.0171 0.7630 -0.0364 0.6451
80.4117 562.9364 3.1828 127.4221 0.0170 0.7635 -0.0365 0.6445
80.5153 564.3650 3.0533 127.2011 0.0176 0.7639 -0.0360 0.6441
80.6191 565.8017 2.9172 126.9504 0.0179 0.7644 -0.0363 0.6435
80.7227 567.2187 2.7806 126.7108 0.0182 0.7647 -0.0360 0.6431
80.8264 568.6769 2.6594 126.4674 0.0190 0.7650 -0.0347 0.6428
80.9301 570.1035 2.5226 126.2355 0.0188 0.7654 -0.0351 0.6424
81.0338 571.5361 2.3876 125.9954 0.0188 0.7657 -0.0348 0.6419
81.1375 573.0592 2.2485 125.7357 0.0179 0.7662 -0.0347 0.6415
81.2412 574.5097 2.1198 125.4816 0.0177 0.7665 -0.0337 0.6411
81.3449 575.9823 1.9897 125.2242 0.0176 0.7668 -0.0337 0.6407
81.4486 577.4522 1.8559 124.9527 0.0181 0.7668 -0.0342 0.6407
81.5523 578.8979 1.7234 124.7082 0.0186 0.7669 -0.0339 0.6406
81.6561 580.4184 1.5813 124.4584 0.0181 0.7670 -0.0345 0.6405
81.7597 581.8894 1.4486 124.1914 0.0189 0.7669 -0.0337 0.6405
81.8635 583.3705 1.3129 123.9476 0.0185 0.7670 -0.0344 0.6405
81.9671 584.8667 1.1707 123.6815 0.0197 0.7668 -0.0344 0.6406
82.0708 586.3410 1.0219 123.4256 0.0200 0.7666 -0.0347 0.6409
82.1745 587.8171 0.8778 123.1518 0.0210 0.7660 -0.0338 0.6416
82.2782 589.3268 0.7331 122.9012 0.0217 0.7653 -0.0321 0.6425
82.3820 590.8115 0.5931 122.6384 0.0220 0.7647 -0.0313 0.6432
82.4857 592.2910 0.4574 122.3917 0.0212 0.7644 -0.0317 0.6436
82.5894 593.7445 0.3177 122.1595 0.0219 0.7641 -0.0307 0.6440
82.6931 595.2360 0.1807 121.9212 0.0216 0.7639 -0.0314 0.6442
82.7969 596.7262 0.0395 121.6642 0.0211 0.7637 -0.0319 0.6444
82.9006 598.1908 -0.1024 121.4255 0.0211 0.7635 -0.0315 0.6446
83.0042 599.6827 -0.2442 121.1961 0.0208 0.7633 -0.0319 0.6449
83.1078 601.1512 -0.3735 120.9588 0.0202 0.7632 -0.0321 0.6451
83.2116 602.6360 -0.5172 120.7174 0.0202 0.7631 -0.0314 0.6452
83.3152 604.1473 -0.6600 120.4702 0.0199 0.7630 -0.0303 0.6453
83.4190 605.6428 -0.7902 120.2017 0.0231 0.7627 -0.0273 0.6457
83.5226 607.1087 -0.9264 119.9710 0.0243 0.7622 -0.0274 0.6463
83.6262 608.5802 -1.0706 119.7433 0.0250 0.7621 -0.0288 0.6463
83.7300 610.0416 -1.2112 119.5067 0.0240 0.7620 -0.0298 0.6464
83.8336 611.5350 -1.3488 119.2613 0.0230 0.7617 -0.0297 0.6469
83.9373 613.0114 -1.4802 119.0335 0.0224 0.7613 -0.0301 0.6473
84.0410 614.4883 -1.6098 118.8274 0.0222 0.7611 -0.0304 0.6476
84.1447 615.9669 -1.7531 118.5848 0.0209 0.7609 -0.0315 0.6478
84.2484 617.4248 -1.8957 118.3505 0.0202 0.7607 -0.0319 0.6481
84.3521 618.9132 -2.0186 118.1392 0.0199 0.7606 -0.0315 0.6481
84.4557 620.3925 -2.1708 117.9051 0.0203 0.7607 -0.0313 0.6480
84.5594 621.8621 -2.2949 117.6774 0.0208 0.7607 -0.0312 0.6480
84.6630 623.3399 -2.4411 117.4325 0.0212 0.7606 -0.0307 0.6481
84.7667 624.7980 -2.5708 117.2113 0.0216 0.7604 -0.0293 0.6484
84.8703 626.2668 -2.7106 116.9885 0.0223 0.7598 -0.0294 0.6491
84.9740 627.7246 -2.8585 116.7665 0.0226 0.7594 -0.0319 0.6495
85.0777 629.1766 -2.9995 116.5425 0.0212 0.7591 -0.0325 0.6499
85.1813 630.6249 -3.1372 116.3394 0.0193 0.7586 -0.0332 0.6504
85.2851 632.0603 -3.2753 116.1239 0.0186 0.7584 -0.0324 0.6507
85.3887 633.4688 -3.4100 115.9239 0.0187 0.7583 -0.0307 0.6509
85.4925 634.8887 -3.5432 115.7047 0.0187 0.7582 -0.0298 0.6510
85.5961 636.2875 -3.6693 115.5100 0.0191 0.7583 -0.0295 0.6509
85.6997 637.6985 -3.8012 115.3123 0.0189 0.7585 -0.0302 0.6507
85.8034 639.0849 -3.9239 115.1023 0.0188 0.7589 -0.0300 0.6503
85.9071 640.4778 -4.0529 114.8977 0.0183 0.7590 -0.0302 0.6501
86.0108 641.8507 -4.1862 114.7130 0.0179 0.7592 -0.0304 0.6499
86.1145 643.1973 -4.3157 114.5055 0.0176 0.7595 -0.0301 0.6495
86.2182 644.4918 -4.4265 114.3116 0.0164 0.7599 -0.0291 0.6492
86.3218 645.7947 -4.5478 114.1046 0.0151 0.7602 -0.0282 0.6489
86.4256 647.0609 -4.6536 113.9221 0.0155 0.7604 -0.0284 0.6486
86.5292 648.3039 -4.7858 113.7442 0.0171 0.7605 -0.0299 0.6484
86.6330 649.5077 -4.8982 113.5626 0.0172 0.7605 -0.0303 0.6484
86.7367 650.6959 -5.0146 113.3651 0.0171 0.7604 -0.0293 0.6486
86.8403 651.8482 -5.1140 113.1954 0.0169 0.7600 -0.0280 0.6491
86.9441 652.9437 -5.2242 113.0170 0.0165 0.7595 -0.0279 0.6497
87.0477 654.0288 -5.3260 112.8583 0.0154 0.7590 -0.0281 0.6503
87.1514 655.0768 -5.4231 112.7005 0.0146 0.7583 -0.0269 0.6512
87.2550 656.1043 -5.5143 112.5524 0.0138 0.7576 -0.0251 0.6521
87.3587 657.0621 -5.5822 112.4239 0.0129 0.7572 -0.0251 0.6526
87.4625 658.0135 -5.6861 112.2883 0.0132 0.7570 -0.0249 0.6528
87.5662 658.8961 -5.7604 112.1702 0.0136 0.7568 -0.0258 0.6530
87.6699 659.7354 -5.8382 112.0522 0.0141 0.7567 -0.0259 0.6531
87.7736 660.5279 -5.9130 111.9407 0.0134 0.7567 -0.0266 0.6531
87.8773 661.2882 -5.9688 111.8408 0.0122 0.7576 -0.0278 0.6520
87.9812 662.0057 -6.0372 111.7429 0.0109 0.7604 -0.0291 0.6487
88.0852 662.6973 -6.0970 111.6356 0.0098 0.7658 -0.0307 0.6422
88.1892 663.3431 -6.1502 111.5003 0.0085 0.7732 -0.0323 0.6333
88.2933 663.9609 -6.2118 111.3504 0.0084 0.7822 -0.0336 0.6221
88.3975 664.5555 -6.2693 111.1900 0.0098 0.7925 -0.0345 0.6088
88.5016 665.1379 -6.3445 110.9989 0.0117 0.8043 -0.0343 0.5932
88.6058 665.7041 -6.3851 110.7739 0.0125 0.8172 -0.0342 0.5752
88.7101 666.2329 -6.4412 110.5342 0.0124 0.8315 -0.0341 0.5543
88.8143 666.7425 -6.5038 110.2613 0.0120 0.8458 -0.0334 0.5324
88.9186 667.2254 -6.5360 109.9544 0.0120 0.8601 -0.0331 0.5090
89.0228 667.6792 -6.5897 109.6588 0.0124 0.8751 -0.0331 0.4827
89.1271 668.1214 -6.6704 109.2676 0.0135 0.8896 -0.0340 0.4554
89.2313 668.5199 -6.7063 108.9168 0.0141 0.9040 -0.0357 0.4258
89.3356 668.8531 -6.7551 108.5052 0.0152 0.9173 -0.0378 0.3960
89.4396 669.1794 -6.7959 108.1286 0.0189 0.9296 -0.0386 0.3659
89.5437 669.4687 -6.8928 107.7174 0.0231 0.9410 -0.0372 0.3355
89.6478 669.7450 -6.9300 107.2275 0.0238 0.9513 -0.0369 0.3052
89.7518 669.9737 -6.9592 106.8196 0.0234 0.9608 -0.0373 0.2738
89.8558 670.2056 -6.9991 106.3059 0.0240 0.9691 -0.0370 0.2429
89.9597 670.3495 -7.0659 105.8480 0.0270 0.9765 -0.0362 0.2108
90.0637 670.4947 -7.1171 105.3558 0.0304 0.9826 -0.0372 0.1794
90.1676 670.6002 -7.1647 104.8301 0.0316 0.9878 -0.0402 0.1472
90.2715 670.7079 -7.2152 104.3465 0.0319 0.9920 -0.0437 0.1143
90.3755 670.7589 -7.2600 103.7747 0.0325 0.9951 -0.0454 0.0814
90.4793 670.7638 -7.3081 103.2874 0.0325 0.9973 -0.0448 0.0489
90.5831 670.7399 -7.3566 102.7182 0.0333 0.9983 -0.0441 0.0158
90.6870 670.6909 -7.4255 102.1082 0.0336 0.9983 -0.0453 -0.0177
90.7908 670.5974 -7.4698 101.5711 0.0340 0.9970 -0.0475 -0.0516
90.8946 670.4732 -7.5262 100.9974 0.0341 0.9945 -0.0495 -0.0853
90.9985 670.3324 -7.5754 100.4521 0.0344 0.9909 -0.0517 -0.1191
91.1021 670.0945 -7.6232 99.8892 0.0347 0.9864 -0.0535 -0.1513
91.2058 669.8184 -7.6900 99.2984 0.0363 0.9812 -0.0535 -0.1818
91.3095 669.5403 -7.7569 98.7346 0.0368 0.9753 -0.0544 -0.2111
91.4130 669.2285 -7.8112 98.1666 0.0378 0.9691 -0.0551 -0.2376
91.5166 668.8689 -7.8796 97.5921 0.0385 0.9628 -0.0562 -0.2614
91.6202 668.4673 -7.9378 97.0641 0.0390 0.9567 -0.0580 -0.2825
91.7237 668.0823 -7.9944 96.4983 0.0396 0.9511 -0.0590 -0.3005
91.8272 667.6343 -8.0703 95.9637 0.0406 0.9464 -0.0581 -0.3152
91.9306 667.1694 -8.1293 95.3816 0.0405 0.9423 -0.0555 -0.3277
92.0341 666.7058 -8.1928 94.8270 0.0392 0.9387 -0.0528 -0.3385
92.1377 666.2209 -8.2506 94.2509 0.0377 0.9353 -0.0509 -0.3482
92.2412 665.7007 -8.3194 93.6967 0.0365 0.9320 -0.0489 -0.3572
92.3449 665.1928 -8.3829 93.1367 0.0350 0.9285 -0.0462 -0.3668
92.4486 664.6414 -8.4352 92.5629 0.0316 0.9248 -0.0430 -0.3768
92.5522 664.0896 -8.4930 92.0132 0.0283 0.9209 -0.0394 -0.3867
92.6560 663.5240 -8.5355 91.4769 0.0271 0.9167 -0.0354 -0.3971
92.7597 662.9014 -8.5855 90.9083 0.0248 0.9120 -0.0308 -0.4083
92.8635 662.3027 -8.6222 90.3919 0.0218 0.9071 -0.0258 -0.4196
92.9672 661.6755 -8.6544 89.8778 0.0194 0.9018 -0.0234 -0.4311
93.0710 661.0046 -8.6945 89.3803 0.0177 0.8960 -0.0210 -0.4432
93.1747 660.3527 -8.7214 88.9183 0.0190 0.8899 -0.0199 -0.4552
93.2785 659.6581 -8.7379 88.4469 0.0206 0.8838 -0.0174 -0.4671
93.3821 658.9431 -8.7473 87.9935 0.0223 0.8777 -0.0155 -0.4785
93.4858 658.2296 -8.7833 87.5452 0.0246 0.8725 -0.0141 -0.4878
93.5895 657.4825 -8.7966 87.1430 0.0262 0.8681 -0.0127 -0.4955
93.6931 656.7565 -8.8091 86.6979 0.0263 0.8651 -0.0106 -0.5007
93.7967 656.0143 -8.8141 86.2806 0.0272 0.8633 -0.0082 -0.5039
93.9004 655.2649 -8.8150 85.8499 0.0268 0.8625 -0.0049 -0.5053
94.0040 654.5128 -8.7883 85.4115 0.0249 0.8621 -0.0019 -0.5060
94.1076 653.7202 -8.7789 84.9500 0.0227 0.8624 -0.0011 -0.5056
94.2113 652.9346 -8.8030 84.4701 0.0191 0.8630 -0.0024 -0.5048
94.3150 652.1667 -8.8331 84.0108 0.0158 0.8642 -0.0046 -0.5029
94.4186 651.3914 -8.8356 83.5583 0.0135 0.8657 -0.0069 -0.5003
94.5222 650.5584 -8.8481 83.0575 0.0145 0.8671 -0.0082 -0.4979
94.6260 649.7674 -8.8276 82.5572 0.0157 0.8685 -0.0085 -0.4954
94.7297 648.9668 -8.8425 82.0632 0.0144 0.8696 -0.0083 -0.4935
94.8335 648.1530 -8.8669 81.5697 0.0109 0.8700 -0.0090 -0.4929
94.9372 647.3212 -8.9188 81.0554 0.0064 0.8701 -0.0095 -0.4928
95.0410 646.4600 -8.9241 80.5062 0.0067 0.8702 -0.0099 -0.4925
95.1447 645.6263 -8.9429 80.0146 0.0082 0.8705 -0.0106 -0.4920
95.2484 644.7853 -8.9560 79.4918 0.0085 0.8709 -0.0095 -0.4913
95.3521 643.9123 -8.9999 78.9852 0.0102 0.8713 -0.0083 -0.4905
95.4559 643.0454 -8.9887 78.4426 0.0133 0.8720 -0.0085 -0.4893
95.5595 642.1570 -9.0341 77.8930 0.0111 0.8729 -0.0070 -0.4877
95.6631 641.3131 -9.0545 77.3684 0.0116 0.8737 -0.0072 -0.4862
95.7669 640.4590 -9.0790 76.7986 0.0111 0.8746 -0.0063 -0.4846
95.8705 639.5975 -9.0838 76.2660 0.0144 0.8757 -0.0077 -0.4826
95.9742 638.7791 -9.1067 75.7481 0.0137 0.8769 -0.0074 -0.4804
96.0779 637.9271 -9.1389 75.1622 0.0140 0.8778 -0.0088 -0.4788
96.1816 637.1028 -9.1676 74.6341 0.0118 0.8787 -0.0080 -0.4771
96.2853 636.2421 -9.1709 74.0442 0.0143 0.8792 -0.0084 -0.4762
96.3891 635.4186 -9.1864 73.4843 0.0150 0.8795 -0.0079 -0.4756
96.4929 634.5917 -9.2161 72.9184 0.0140 0.8799 -0.0081 -0.4748
96.5966 633.7716 -9.2639 72.4029 0.0117 0.8803 -0.0080 -0.4742
96.7004 632.9771 -9.2733 71.8726 0.0124 0.8803 -0.0076 -0.4741
96.8040 632.1580 -9.2749 71.3197 0.0137 0.8802 -0.0066 -0.4743
96.9077 631.3565 -9.3155 70.7704 0.0137 0.8802 -0.0058 -0.4743
97.0115 630.5863 -9.3417 70.2755 0.0118 0.8804 -0.0060 -0.4740
97.1151 629.8073 -9.3596 69.7583 0.0125 0.8806 -0.0070 -0.4736
97.2189 629.0503 -9.3758 69.2540 0.0137 0.8809 -0.0073 -0.4730
97.3225 628.2674 -9.3944 68.7291 0.0136 0.8814 -0.0073 -0.4720
97.4262 627.5015 -9.4352 68.2096 0.0122 0.8820 -0.0075 -0.4711
97.5300 626.7763 -9.4379 67.7118 0.0130 0.8828 -0.0073 -0.4696
97.6337 626.0545 -9.4703 67.1992 0.0125 0.8834 -0.0054 -0.4684
97.7375 625.3251 -9.4933 66.6988 0.0137 0.8842 -0.0056 -0.4668
97.8412 624.6340 -9.5183 66.2038 0.0110 0.8846 -0.0059 -0.4661
97.9451 623.9466 -9.5234 65.7204 0.0110 0.8854 -0.0066 -0.4647
98.0487 623.2773 -9.5587 65.2373 0.0102 0.8857 -0.0059 -0.4640
98.1525 622.6277 -9.5873 64.7763 0.0111 0.8860 -0.0059 -0.4636
98.2562 621.9713 -9.5885 64.3261 0.0095 0.8861 -0.0055 -0.4633
98.3600 621.3665 -9.6092 63.8723 0.0091 0.8864 -0.0056 -0.4628
98.4637 620.7760 -9.6367 63.4610 0.0100 0.8867 -0.0047 -0.4622
98.5675 620.2013 -9.6515 63.0536 0.0113 0.8871 -0.0036 -0.4614
98.6712 619.6176 -9.6734 62.6421 0.0119 0.8877 -0.0021 -0.4602
98.7749 619.1164 -9.6827 62.2667 0.0119 0.8882 -0.0014 -0.4592
98.8786 618.6203 -9.7006 61.8943 0.0118 0.8888 -0.0014 -0.4581
98.9823 618.1521 -9.7058 61.5509 0.0118 0.8892 -0.0015 -0.4574
99.0861 617.6893 -9.7227 61.2185 0.0115 0.8895 -0.0024 -0.4568
99.1897 617.2505 -9.7408 60.9195 0.0114 0.8898 -0.0028 -0.4562
99.2935 616.8460 -9.7445 60.6254 0.0120 0.8900 -0.0032 -0.4557
99.3972 616.5003 -9.7460 60.3533 0.0115 0.8902 -0.0039 -0.4554
99.5008 616.1511 -9.7537 60.0756 0.0108 0.8902 -0.0043 -0.4553
99.6046 615.8418 -9.7683 59.8201 0.0106 0.8902 -0.0037 -0.4554
99.7083 615.5195 -9.7734 59.6202 0.0110 0.8905 -0.0033 -0.4548
99.8120 615.2542 -9.7894 59.4330 0.0129 0.8908 -0.0043 -0.4542
99.9157 614.9981 -9.7972 59.2439 0.0133 0.8907 -0.0050 -0.4543
100.0193 614.7523 -9.8047 59.0616 0.0129 0.8908 -0.0053 -0.4541
100.1231 614.5538 -9.8190 58.8904 0.0128 0.8913 -0.0055 -0.4532
100.2267 614.3544 -9.8205 58.7631 0.0130 0.8913 -0.0047 -0.4533
100.3305 614.1340 -9.8282 58.6074 0.0133 0.8911 -0.0051 -0.4535
100.4341 613.9838 -9.8323 58.4847 0.0123 0.8913 -0.0062 -0.4533
100.5379 613.8223 -9.8376 58.3821 0.0124 0.8914 -0.0080 -0.4529
100.6415 613.6627 -9.8442 58.2593 0.0126 0.8914 -0.0087 -0.4529
100.7452 613.4837 -9.8533 58.1056 0.0129 0.8913 -0.0092 -0.4532
100.8489 613.3085 -9.8594 57.9862 0.0133 0.8915 -0.0089 -0.4527
100.9526 613.1390 -9.8579 57.8670 0.0135 0.8914 -0.0089 -0.4528
101.0562 612.9846 -9.8739 57.7426 0.0131 0.8913 -0.0090 -0.4532
101.1600 612.8166 -9.8682 57.6176 0.0118 0.8914 -0.0091 -0.4530
101.2636 612.6515 -9.8743 57.4959 0.0118 0.8914 -0.0094 -0.4529
101.3674 612.4802 -9.8863 57.3771 0.0123 0.8915 -0.0092 -0.4528
101.4710 612.3112 -9.8896 57.2486 0.0128 0.8914 -0.0090 -0.4529
101.5747 612.1524 -9.8973 57.1518 0.0132 0.8914 -0.0087 -0.4529
101.6784 612.0101 -9.8978 57.0404 0.0139 0.8914 -0.0091 -0.4528
101.7821 611.8388 -9.9005 56.9049 0.0134 0.8913 -0.0089 -0.4531
101.8859 611.6928 -9.9012 56.8045 0.0129 0.8915 -0.0088 -0.4528
101.9896 611.5654 -9.9059 56.7026 0.0136 0.8915 -0.0090 -0.4528
102.0932 611.4075 -9.9226 56.5878 0.0141 0.8914 -0.0088 -0.4529
102.1970 611.2942 -9.9203 56.5079 0.0145 0.8914 -0.0088 -0.4529
102.3007 611.1684 -9.9243 56.4107 0.0142 0.8914 -0.0089 -0.4530
102.4045 611.0468 -9.9191 56.2965 0.0134 0.8914 -0.0090 -0.4529
102.5083 610.9174 -9.9249 56.2115 0.0125 0.8915 -0.0090 -0.4527
102.6119 610.7910 -9.9318 56.1195 0.0134 0.8914 -0.0094 -0.4528
102.7156 610.6678 -9.9367 56.0570 0.0140 0.8913 -0.0098 -0.4531
102.8194 610.5648 -9.9430 55.9777 0.0143 0.8913 -0.0099 -0.4531
102.9230 610.4420 -9.9473 55.8796 0.0146 0.8914 -0.0090 -0.4530
103.0267 610.3581 -9.9354 55.8089 0.0131 0.8914 -0.0068 -0.4530
103.1305 610.2606 -9.9497 55.7269 0.0116 0.8914 -0.0063 -0.4531
103.2341 610.1376 -9.9697 55.6293 0.0119 0.8913 -0.0079 -0.4532
103.3379 610.0296 -9.9690 55.5494 0.0117 0.8914 -0.0084 -0.4530
103.4415 609.9417 -9.9663 55.4841 0.0117 0.8914 -0.0084 -0.4530
103.5452 609.8453 -9.9688 55.4087 0.0119 0.8915 -0.0087 -0.4528
103.6490 609.7258 -9.9720 55.3250 0.0117 0.8915 -0.0089 -0.4528
103.7526 609.5944 -9.9783 55.2484 0.0109 0.8916 -0.0094 -0.4526
103.8564 609.4754 -9.9819 55.1621 0.0105 0.8919 -0.0111 -0.4520
103.9601 609.2993 -9.9914 55.0365 0.0103 0.8920 -0.0130 -0.4517
104.0637 609.1483 -9.9893 54.9143 0.0102 0.8925 -0.0145 -0.4508
104.1674 608.9813 -9.9982 54.7793 0.0089 0.8930 -0.0150 -0.4497
104.2710 608.7757 -10.0130 54.6009 0.0084 0.8941 -0.0155 -0.4476
104.3746 608.5434 -10.0143 54.4237 0.0083 0.8952 -0.0165 -0.4452
104.4782 608.3053 -10.0175 54.2377 0.0098 0.8965 -0.0177 -0.4426
104.5820 608.0217 -10.0166 54.0182 0.0095 0.8980 -0.0192 -0.4395
104.6857 607.7416 -10.0289 53.7619 0.0091 0.8999 -0.0191 -0.4355
104.7894 607.4511 -10.0529 53.5347 0.0092 0.9020 -0.0199 -0.4312
104.8930 607.1351 -10.0637 53.2789 0.0105 0.9041 -0.0203 -0.4267
104.9967 606.8125 -10.0911 52.9896 0.0122 0.9062 -0.0198 -0.4221
105.1005 606.4667 -10.1046 52.6641 0.0130 0.9083 -0.0190 -0.4176
105.2041 606.1053 -10.1202 52.3338 0.0122 0.9107 -0.0198 -0.4125
105.3077 605.7472 -10.1328 51.9941 0.0110 0.9128 -0.0201 -0.4077
105.4115 605.3384 -10.1461 51.6322 0.0139 0.9147 -0.0187 -0.4035
105.5153 604.9348 -10.1900 51.2706 0.0151 0.9166 -0.0170 -0.3993
105.6189 604.5436 -10.1936 50.8997 0.0158 0.9184 -0.0160 -0.3951
105.7226 604.1283 -10.1962 50.4360 0.0147 0.9199 -0.0140 -0.3917
105.8265 603.7049 -10.2244 50.0041 0.0150 0.9210 -0.0118 -0.3891
105.9302 603.2483 -10.2364 49.5420 0.0125 0.9221 -0.0107 -0.3867
106.0341 602.8179 -10.2515 49.0998 0.0113 0.9224 -0.0096 -0.3859
106.1379 602.3626 -10.2536 48.6297 0.0096 0.9226 -0.0075 -0.3855
106.2417 601.8796 -10.2668 48.1474 0.0104 0.9232 -0.0077 -0.3841
106.3455 601.3832 -10.2772 47.6529 0.0101 0.9235 -0.0076 -0.3833
106.4492 600.8759 -10.3011 47.1276 0.0102 0.9238 -0.0078 -0.3828
106.5530 600.3743 -10.3183 46.5927 0.0064 0.9244 -0.0099 -0.3813
106.6568 599.8561 -10.3165 46.0404 0.0038 0.9245 -0.0123 -0.3809
106.7605 599.3167 -10.3464 45.4873 0.0022 0.9248 -0.0145 -0.3802
106.8642 598.7667 -10.3758 44.9530 0.0047 0.9252 -0.0154 -0.3793
106.9680 598.1844 -10.4138 44.3563 0.0059 0.9254 -0.0137 -0.3788
107.0718 597.6243 -10.4375 43.7329 0.0038 0.9256 -0.0120 -0.3783
107.1755 597.0294 -10.4560 43.1451 0.0046 0.9260 -0.0114 -0.3773
107.2791 596.4411 -10.4808 42.5044 0.0040 0.9265 -0.0112 -0.3761
107.3829 595.8380 -10.5082 41.8747 0.0054 0.9270 -0.0105 -0.3748
107.4865 595.2431 -10.5261 41.2428 0.0063 0.9278 -0.0101 -0.3729
107.5902 594.6035 -10.5625 40.5686 0.0064 0.9288 -0.0099 -0.3705
107.6939 593.9786 -10.5884 39.8864 0.0075 0.9298 -0.0093 -0.3679
107.7976 593.3591 -10.6106 39.2174 0.0086 0.9309 -0.0086 -0.3652
107.9012 592.7233 -10.6370 38.5166 0.0092 0.9317 -0.0089 -0.3629
108.0050 592.1445 -10.6588 37.8509 0.0090 0.9324 -0.0097 -0.3611
108.1087 591.5296 -10.7029 37.1664 0.0089 0.9329 -0.0113 -0.3598
108.2125 590.9134 -10.7285 36.4790 0.0067 0.9331 -0.0119 -0.3592
108.3162 590.3130 -10.7699 35.7932 0.0061 0.9330 -0.0128 -0.3597
108.4200 589.6893 -10.8034 35.0792 0.0055 0.9328 -0.0129 -0.3600
108.5237 589.0856 -10.8306 34.4103 0.0043 0.9326 -0.0127 -0.3607
108.6275 588.4621 -10.8717 33.7057 0.0043 0.9323 -0.0120 -0.3614
108.7312 587.8250 -10.8964 33.0538 0.0043 0.9320 -0.0119 -0.3623
108.8351 587.2246 -10.9387 32.3608 0.0054 0.9314 -0.0121 -0.3638
108.9389 586.6069 -10.9667 31.6998 0.0050 0.9310 -0.0128 -0.3647
109.0426 585.9663 -11.0028 30.9895 0.0048 0.9304 -0.0138 -0.3661
109.1464 585.3337 -11.0362 30.3102 0.0050 0.9300 -0.0137 -0.3672
109.2501 584.7065 -11.0683 29.6445 0.0049 0.9294 -0.0140 -0.3687
109.3539 584.0698 -11.1064 28.9513 0.0048 0.9289 -0.0139 -0.3699
109.4576 583.4268 -11.1548 28.2682 0.0050 0.9284 -0.0143 -0.3713
109.5612 582.7638 -11.1866 27.5858 0.0048 0.9279 -0.0150 -0.3724
109.6650 582.1217 -11.2295 26.9021 0.0049 0.9275 -0.0162 -0.3734
109.7687 581.4581 -11.2714 26.2013 0.0047 0.9272 -0.0160 -0.3741
109.8724 580.7943 -11.3215 25.5116 0.0049 0.9272 -0.0159 -0.3743
109.9761 580.1402 -11.3502 24.8160 0.0050 0.9272 -0.0154 -0.3742
110.0797 579.4580 -11.3873 24.1143 0.0046 0.9271 -0.0156 -0.3744
110.1835 578.7875 -11.4349 23.3965 0.0044 0.9272 -0.0158 -0.3743
110.2872 578.1363 -11.4800 22.7173 0.0039 0.9273 -0.0163 -0.3739
110.3909 577.4609 -11.5207 22.0037 0.0041 0.9277 -0.0160 -0.3731
110.4946 576.8100 -11.5701 21.3108 0.0040 0.9279 -0.0160 -0.3725
110.5982 576.1490 -11.5934 20.6212 0.0031 0.9282 -0.0168 -0.3716
110.7020 575.4890 -11.6636 19.8854 0.0026 0.9285 -0.0181 -0.3708
110.8056 574.8135 -11.7061 19.1735 0.0019 0.9288 -0.0185 -0.3701
110.9092 574.1554 -11.7601 18.4458 0.0029 0.9293 -0.0177 -0.3689
111.0129 573.5040 -11.8064 17.7344 0.0035 0.9299 -0.0156 -0.3676
111.1166 572.8385 -11.8381 17.0287 0.0027 0.9302 -0.0144 -0.3667
111.2202 572.1829 -11.9001 16.3194 0.0033 0.9306 -0.0148 -0.3658
111.3240 571.5346 -11.9337 15.5979 0.0024 0.9309 -0.0152 -0.3648
111.4276 570.9049 -11.9849 14.9239 0.0036 0.9313 -0.0157 -0.3639
111.5314 570.2655 -12.0161 14.2075 0.0047 0.9317 -0.0169 -0.3627
111.6350 569.6229 -12.0753 13.4966 0.0028 0.9321 -0.0171 -0.3619
111.7387 568.9864 -12.1305 12.8058 0.0028 0.9324 -0.0184 -0.3608
111.8424 568.3707 -12.1817 12.0870 0.0025 0.9329 -0.0179 -0.3596
111.9461 567.7592 -12.2205 11.3943 0.0031 0.9332 -0.0158 -0.3589
112.0497 567.1239 -12.2438 10.6880 0.0023 0.9334 -0.0137 -0.3586
112.1535 566.5414 -12.3048 9.9972 0.0019 0.9333 -0.0136 -0.3588
112.2571 565.9315 -12.3521 9.3340 -0.0000 0.9332 -0.0144 -0.3591
112.3609 565.3259 -12.3859 8.6519 -0.0012 0.9329 -0.0154 -0.3597
112.4646 564.7153 -12.4393 7.9758 0.0005 0.9325 -0.0166 -0.3608
112.5682 564.0988 -12.4773 7.3091 0.0025 0.9320 -0.0172 -0.3619
112.6720 563.4836 -12.5302 6.6167 0.0036 0.9315 -0.0183 -0.3632
112.7756 562.8808 -12.5767 5.9646 0.0049 0.9312 -0.0189 -0.3639
112.8794 562.2687 -12.6290 5.3250 0.0060 0.9309 -0.0191 -0.3647
112.9830 561.6734 -12.6682 4.6930 0.0051 0.9304 -0.0197 -0.3660
113.0867 561.1336 -12.7142 4.0735 0.0043 0.9298 -0.0217 -0.3673
113.1905 560.5627 -12.7888 3.4580 0.0013 0.9294 -0.0245 -0.3684
113.2941 560.0489 -12.8518 2.8644 -0.0011 0.9289 -0.0269 -0.3693
113.3978 559.4915 -12.9011 2.2767 -0.0028 0.9286 -0.0274 -0.3700
113.5015 558.9447 -12.9697 1.6853 -0.0018 0.9284 -0.0265 -0.3705
113.6052 558.4517 -13.0054 1.1759 0.0020 0.9283 -0.0262 -0.3710
113.7090 557.9722 -13.0769 0.6638 0.0015 0.9281 -0.0259 -0.3715
113.8126 557.4947 -13.0999 0.1568 0.0045 0.9280 -0.0282 -0.3714
113.9164 557.0283 -13.1911 -0.3219 0.0030 0.9278 -0.0300 -0.3718
114.0201 556.6052 -13.2362 -0.7865 0.0028 0.9279 -0.0317 -0.3714
114.1239 556.1818 -13.2663 -1.2497 0.0030 0.9279 -0.0318 -0.3714
114.2276 555.7752 -13.3088 -1.6619 0.0029 0.9280 -0.0312 -0.3713
114.3314 555.3741 -13.3607 -2.0764 0.0028 0.9282 -0.0304 -0.3709
114.4350 555.0281 -13.4008 -2.4676 0.0035 0.9280 -0.0319 -0.3711
114.5387 554.6614 -13.4581 -2.8515 0.0003 0.9279 -0.0325 -0.3714
114.6425 554.3438 -13.4938 -3.2100 -0.0023 0.9280 -0.0325 -0.3713
114.7463 553.9879 -13.5383 -3.5978 -0.0017 0.9279 -0.0326 -0.3713
114.8500 553.6515 -13.5738 -3.9593 -0.0006 0.9279 -0.0322 -0.3715
114.9538 553.3240 -13.6134 -4.2802 -0.0002 0.9279 -0.0311 -0.3716
115.0574 553.0206 -13.6611 -4.6293 -0.0016 0.9278 -0.0302 -0.3719
115.1611 552.6953 -13.6912 -4.9698 -0.0030 0.9276 -0.0295 -0.3723
115.2649 552.4120 -13.7249 -5.2838 -0.0032 0.9276 -0.0296 -0.3725
115.3686 552.0911 -13.7656 -5.5906 -0.0010 0.9274 -0.0305 -0.3729
115.4724 551.8024 -13.7887 -5.9059 -0.0007 0.9274 -0.0308 -0.3729
115.5761 551.5069 -13.8202 -6.2011 -0.0004 0.9273 -0.0312 -0.3730
115.6797 551.2351 -13.8571 -6.4882 -0.0001 0.9273 -0.0312 -0.3731
115.7835 550.9747 -13.8856 -6.7708 -0.0001 0.9273 -0.0315 -0.3729
115.8871 550.7086 -13.9106 -7.0345 0.0003 0.9274 -0.0320 -0.3727
115.9909 550.4530 -13.9406 -7.2952 0.0001 0.9275 -0.0325 -0.3724
116.0946 550.2231 -13.9747 -7.5536 -0.0001 0.9276 -0.0334 -0.3721
116.1983 549.9800 -14.0039 -7.7996 -0.0006 0.9276 -0.0348 -0.3718
116.3020 549.7530 -14.0447 -8.0132 0.0009 0.9279 -0.0373 -0.3709
116.4056 549.5374 -14.0819 -8.2539 0.0029 0.9281 -0.0390 -0.3703
116.5094 549.3099 -14.1063 -8.4864 0.0031 0.9286 -0.0395 -0.3689
116.6133 549.1197 -14.1202 -8.7165 0.0031 0.9292 -0.0399 -0.3674
116.7167 548.9423 -14.1441 -8.9180 0.0006 0.9298 -0.0395 -0.3661
116.8205 548.7615 -14.1693 -9.1182 0.0001 0.9302 -0.0397 -0.3649
116.9242 548.6084 -14.1926 -9.2951 -0.0003 0.9307 -0.0396 -0.3636
117.0280 548.4475 -14.2140 -9.4572 -0.0004 0.9312 -0.0396 -0.3623
117.1316 548.2949 -14.2456 -9.6466 -0.0004 0.9316 -0.0396 -0.3613
117.2354 548.1637 -14.2673 -9.7931 -0.0003 0.9320 -0.0398 -0.3602
117.3391 548.0419 -14.2840 -9.9264 -0.0002 0.9323 -0.0399 -0.3594
117.4429 547.9161 -14.3054 -10.0717 -0.0006 0.9323 -0.0408 -0.3593
117.5467 547.7969 -14.3207 -10.2033 -0.0013 0.9322 -0.0420 -0.3596
117.6504 547.6988 -14.3357 -10.3058 -0.0019 0.9321 -0.0426 -0.3597
117.7540 547.5923 -14.3487 -10.4297 -0.0020 0.9319 -0.0430 -0.3600
117.8577 547.4932 -14.3631 -10.5182 -0.0020 0.9319 -0.0434 -0.3602
117.9615 547.4068 -14.3802 -10.6235 -0.0022 0.9319 -0.0440 -0.3600
118.0651 547.3288 -14.3861 -10.7063 -0.0024 0.9321 -0.0442 -0.3595
118.1689 547.2415 -14.4100 -10.8208 -0.0024 0.9321 -0.0442 -0.3596
118.2725 547.1751 -14.4157 -10.8906 -0.0026 0.9322 -0.0445 -0.3593
118.3763 547.1115 -14.4234 -10.9656 -0.0028 0.9322 -0.0446 -0.3591
118.4799 547.0649 -14.4369 -11.0304 -0.0033 0.9323 -0.0450 -0.3588
118.5836 547.0033 -14.4414 -11.0813 -0.0036 0.9325 -0.0451 -0.3582
118.6872 546.9352 -14.4584 -11.1641 -0.0034 0.9325 -0.0450 -0.3584
118.7910 546.8821 -14.4622 -11.2248 -0.0036 0.9326 -0.0454 -0.3581
118.8948 546.8271 -14.4678 -11.2875 -0.0036 0.9326 -0.0455 -0.3579
118.9985 546.7868 -14.4781 -11.3406 -0.0040 0.9327 -0.0460 -0.3577
119.1021 546.7405 -14.4868 -11.3905 -0.0042 0.9326 -0.0461 -0.3578
119.2059 546.7024 -14.4937 -11.4393 -0.0042 0.9327 -0.0462 -0.3577
119.3096 546.6621 -14.5000 -11.4812 -0.0042 0.9328 -0.0464 -0.3575
119.4132 546.6191 -14.5056 -11.5183 -0.0043 0.9328 -0.0465 -0.3573
119.5170 546.5954 -14.5065 -11.5416 -0.0043 0.9329 -0.0467 -0.3572
119.6207 546.5581 -14.5085 -11.5854 -0.0045 0.9329 -0.0468 -0.3570
119.7244 546.5329 -14.5110 -11.6010 -0.0045 0.9329 -0.0470 -0.3569
119.8281 546.5030 -14.5102 -11.6387 -0.0047 0.9330 -0.0472 -0.3567
119.9319 546.4821 -14.5200 -11.6695 -0.0047 0.9330 -0.0473 -0.3567
120.0355 546.4716 -14.5196 -11.6852 -0.0047 0.9330 -0.0473 -0.3567
120.1392 546.4405 -14.5189 -11.6946 -0.0047 0.9330 -0.0472 -0.3566
120.2429 546.4358 -14.5255 -11.7112 -0.0050 0.9331 -0.0474 -0.3565
120.3466 546.4225 -14.5240 -11.7141 -0.0049 0.9331 -0.0473 -0.3564
120.4502 546.4153 -14.5318 -11.7259 -0.0049 0.9331 -0.0474 -0.3564
120.5540 546.3946 -14.5334 -11.7414 -0.0052 0.9331 -0.0479 -0.3565
120.6576 546.3977 -14.5408 -11.7620 -0.0054 0.9331 -0.0482 -0.3564
120.7614 546.3846 -14.5339 -11.7754 -0.0056 0.9330 -0.0484 -0.3565
120.8650 546.3863 -14.5419 -11.7755 -0.0056 0.9331 -0.0485 -0.3562
120.9686 546.3808 -14.5420 -11.7844 -0.0058 0.9331 -0.0487 -0.3562
121.0724 546.3581 -14.5443 -11.8085 -0.0057 0.9331 -0.0487 -0.3563
121.1760 546.3302 -14.5534 -11.8572 -0.0056 0.9330 -0.0486 -0.3565
121.2797 546.3087 -14.5514 -11.8808 -0.0056 0.9330 -0.0484 -0.3565
121.3834 546.2986 -14.5580 -11.8837 -0.0057 0.9331 -0.0487 -0.3562
121.4871 546.2686 -14.5598 -11.9206 -0.0057 0.9331 -0.0485 -0.3564
121.5909 546.2415 -14.5609 -11.9472 -0.0055 0.9331 -0.0483 -0.3562
121.6945 546.2076 -14.5686 -11.9683 -0.0054 0.9331 -0.0481 -0.3563
121.7982 546.1706 -14.5770 -12.0105 -0.0054 0.9331 -0.0481 -0.3563
121.9020 546.1366 -14.5849 -12.0590 -0.0055 0.9331 -0.0480 -0.3563
122.0056 546.0903 -14.5857 -12.0962 -0.0055 0.9331 -0.0480 -0.3564
122.1094 546.0770 -14.5977 -12.1386 -0.0055 0.9333 -0.0481 -0.3559
122.2131 546.0290 -14.6086 -12.1915 -0.0056 0.9333 -0.0481 -0.3559
122.3168 545.9605 -14.6178 -12.2566 -0.0054 0.9332 -0.0481 -0.3561
122.4205 545.9143 -14.6237 -12.3134 -0.0054 0.9332 -0.0480 -0.3560
122.5243 545.8570 -14.6326 -12.3694 -0.0057 0.9332 -0.0484 -0.3560
122.6280 545.7820 -14.6397 -12.4522 -0.0054 0.9332 -0.0480 -0.3561
122.7316 545.7501 -14.6471 -12.4880 -0.0056 0.9333 -0.0482 -0.3558
122.8352 545.6546 -14.6658 -12.5946 -0.0057 0.9332 -0.0484 -0.3559
122.9390 545.6065 -14.6776 -12.6649 -0.0054 0.9333 -0.0478 -0.3559
123.0426 545.5283 -14.6875 -12.7573 -0.0055 0.9333 -0.0479 -0.3559
123.1462 545.4525 -14.6946 -12.8285 -0.0056 0.9333 -0.0478 -0.3560
123.2500 545.3890 -14.7005 -12.9296 -0.0058 0.9332 -0.0482 -0.3562
123.3536 545.2881 -14.7099 -13.0048 -0.0058 0.9331 -0.0484 -0.3562
123.4574 545.2289 -14.7259 -13.0905 -0.0045 0.9332 -0.0487 -0.3561
123.5610 545.1451 -14.7433 -13.1862 -0.0033 0.9332 -0.0490 -0.3560
123.6648 545.0691 -14.7584 -13.2721 -0.0025 0.9331 -0.0488 -0.3563
123.7685 544.9929 -14.7745 -13.3588 -0.0021 0.9331 -0.0486 -0.3563
123.8721 544.9414 -14.7815 -13.4217 -0.0018 0.9333 -0.0484 -0.3559
123.9759 544.8667 -14.7886 -13.4793 -0.0020 0.9332 -0.0485 -0.3560
124.0796 544.8116 -14.7987 -13.5531 -0.0021 0.9332 -0.0484 -0.3560
124.1832 544.7555 -14.8132 -13.6229 -0.0020 0.9333 -0.0483 -0.3558
124.2870 544.6974 -14.8272 -13.6918 -0.0018 0.9334 -0.0480 -0.3557
124.3906 544.6213 -14.8336 -13.7796 -0.0014 0.9335 -0.0475 -0.3555
124.4944 544.6023 -14.8438 -13.8073 -0.0014 0.9336 -0.0472 -0.3551
