1.0 0.0 0.0 0.0 0.0 1.0 0.0 0.0 0.0 0.0 1.0 0.0
0.9998684 0.01618403 -0.0010468278 0.08190918 -0.016183304 0.9998687 0.0006969432 0.006713867 0.0010579752 -0.0006798979 0.9999992 -0.0015869141
0.9993339 0.036481284 9.1281676e-05 0.26306152 -0.036481366 0.99932635 0.003887897 -0.021850586 5.0666084e-05 -0.0038886382 0.99999243 -0.008056641
0.9980354 0.06261693 0.00216658 0.43481445 -0.0626282 0.9980213 0.0055995486 -0.041992188 -0.001811664 -0.005724247 0.999982 0.0013427734
0.99534154 0.09633923 0.0036386375 0.6015625 -0.09635933 0.9953292 0.005821945 -0.08093262 -0.003060711 -0.0061454996 0.99997646 0.00024414062
0.9910084 0.13362409 0.0073252153 0.8018799 -0.1336451 0.99102956 0.002457328 -0.15270996 -0.006931238 -0.0034138572 0.99997014 -0.014160156
0.9846255 0.17449847 0.007989601 0.99316406 -0.17449942 0.9846576 -0.00058188214 -0.1977539 -0.007968599 -0.0008213863 0.99996793 0.00036621094
0.9760188 0.21747966 0.009210519 1.1636963 -0.2174865 0.9760607 -0.0002644729 -0.2824707 -0.009047545 -0.0017446367 0.99995756 -0.0030517578
0.9643168 0.2644441 0.01274738 1.4195557 -0.26446274 0.9643959 -0.00023287314 -0.3585205 -0.012354969 -0.0031466451 0.9999187 -0.008911133
0.95009726 0.31127203 0.019358702 1.6619873 -0.31125945 0.9502913 -0.0037362599 -0.47717285 -0.019559717 -0.0024773083 0.9998056 -0.01940918
0.9330108 0.35910872 0.024007373 1.8994141 -0.35888788 0.9333126 -0.013095076 -0.5871582 -0.02710902 0.0036048861 0.9996261 -0.006225586
0.911865 0.40949407 0.027809337 2.1201172 -0.40910357 0.912271 -0.01878097 -0.73095703 -0.0330607 0.0057452256 0.9994367 -0.0056152344
0.8862281 0.46214104 0.031691484 2.3665771 -0.46171337 0.8867889 -0.020134673 -0.9033203 -0.03740901 0.0032088337 0.99929476 -0.014526367
0.8581375 0.51223165 0.034645833 2.602417 -0.51176417 0.8588359 -0.021906778 -1.076416 -0.040975884 0.0010686591 0.9991596 -0.036376953
0.8258442 0.56269354 0.037224397 2.8415527 -0.5620087 0.8266798 -0.027826596 -1.2906494 -0.04643297 0.0020640967 0.9989196 -0.041381836
0.78987354 0.6121067 0.037326828 3.076294 -0.6111888 0.79074574 -0.03372055 -1.5041504 -0.050161097 0.0038197897 0.9987339 -0.045166016
0.7521042 0.65794605 0.03741388 3.3101807 -0.65689033 0.7530254 -0.037432745 -1.75 -0.05280263 0.0035798252 0.9985989 -0.059936523
0.7129828 0.7002417 0.035333104 3.532959 -0.69904274 0.71384263 -0.041231908 -2.032837 -0.0540924 0.004693428 0.9985246 -0.076416016
0.67074597 0.7408201 0.035613548 3.762207 -0.7396045 0.671687 -0.042477474 -2.3104248 -0.05539171 0.0021552872 0.9984627 -0.09313965
0.62724304 0.778007 0.037536897 3.9995117 -0.77678716 0.6283622 -0.043588378 -2.6540527 -0.057494704 -0.001807414 0.9983446 -0.12524414
0.5864302 0.80916 0.038931634 4.2159424 -0.80795604 0.5876972 -0.044456832 -2.9781494 -0.058836948 -0.0053896233 0.99825215 -0.1427002
0.54596424 0.83695817 0.038453534 4.437744 -0.83578587 0.5472635 -0.04492583 -3.3538818 -0.058649953 -0.00760635 0.99825 -0.16894531
0.5063548 0.86121494 0.039995123 4.6591797 -0.8599243 0.50783294 -0.048174977 -3.7601318 -0.061820097 -0.010005215 0.9980377 -0.19055176
0.46980423 0.881905 0.04040347 4.866577 -0.88070095 0.47135735 -0.04788977 -4.186035 -0.061272487 -0.013088526 0.99803483 -0.21838379
0.4338755 0.9002137 0.038796026 5.071533 -0.8990726 0.43537337 -0.047507215 -4.642212 -0.059648205 -0.014271762 0.9981169 -0.25061035
0.39960438 0.91602266 0.03462365 5.265869 -0.91490185 0.40089566 -0.047098063 -5.1413574 -0.0570155 -0.012857592 0.9982902 -0.2758789
0.3692307 0.92875785 0.031149365 5.461548 -0.92770755 0.37034777 -0.04576057 -5.6533203 -0.054040678 -0.012002914 0.99846673 -0.30700684
0.3447209 0.9381999 0.02875376 5.6450195 -0.9372189 0.34572232 -0.044438545 -6.2039795 -0.051641226 -0.011630394 0.9985983 -0.33740234
0.32483748 0.9455075 0.025894556 5.840332 -0.9445629 0.32570386 -0.04349159 -6.77417 -0.049559373 -0.010325158 0.9987182 -0.368042
0.31075478 0.95027065 0.024595972 6.0238037 -0.9492646 0.3115837 -0.044711888 -7.3690186 -0.05015629 -0.009463544 0.9986965 -0.39770508
0.2987994 0.9541415 0.024159988 6.223633 -0.95304906 0.29963613 -0.04654542 -7.989746 -0.05164043 -0.009117567 0.9986239 -0.42407227
0.2884151 0.9572854 0.025165383 6.4121094 -0.95614684 0.2893293 -0.0477902 -8.651855 -0.05301737 -0.010290786 0.9985399 -0.46069336
0.27676025 0.96059835 0.026657678 6.6132812 -0.95942295 0.27778146 -0.049003102 -9.31665 -0.054476626 -0.012012904 0.9984429 -0.4984131
0.26562962 0.9636296 0.027455034 6.815674 -0.9623314 0.2667416 -0.051604625 -10.015381 -0.057049092 -0.0127061 0.9982906 -0.53686523
0.25675628 0.9661117 0.028213836 7.005249 -0.96475494 0.25794336 -0.052974764 -10.734619 -0.05843661 -0.013624874 0.9981973 -0.57299805
0.24550736 0.9689893 0.028496373 7.1955566 -0.96751887 0.24675757 -0.055177677 -11.489258 -0.060492825 -0.014024478 0.9980699 -0.61450195
0.23364992 0.9718961 0.028415527 7.38501 -0.9703375 0.23493673 -0.0568322 -12.249634 -0.06192833 -0.014296047 0.9979789 -0.6557617
0.22450216 0.97406244 0.029808536 7.5631104 -0.97236025 0.22593588 -0.059638813 -13.029053 -0.06481047 -0.015607575 0.9977746 -0.70092773
0.21227343 0.97665954 0.03254608 7.7438965 -0.97479 0.21397011 -0.06311509 -13.812744 -0.06861408 -0.018326405 0.99747545 -0.75061035
0.19990267 0.979214 0.03352994 7.906616 -0.9770924 0.20177239 -0.06727774 -14.615356 -0.07262926 -0.01929563 0.9971722 -0.7940674
0.1876202 0.98164314 0.034033 8.065674 -0.9793577 0.18960668 -0.06992559 -15.415894 -0.0751061 -0.02019741 0.99697214 -0.84313965
0.17228533 0.9845014 0.033770934 8.215332 -0.98219776 0.17430168 -0.07050194 -16.226685 -0.0753025 -0.021042543 0.9969386 -0.89001465
0.15868405 0.9866766 0.033839956 8.354614 -0.9844119 0.16073287 -0.070378274 -17.039795 -0.07490063 -0.0221417 0.9969463 -0.94311523
0.14132257 0.98935837 0.033355813 8.471436 -0.98721623 0.14334406 -0.06907079 -17.861816 -0.073131755 -0.02315278 0.99705464 -0.98876953
0.121191934 0.99201566 0.034723718 8.580811 -0.99001724 0.1233319 -0.06813221 -18.691528 -0.07188606 -0.026111504 0.9970721 -1.0390625
0.09570747 0.9947097 0.036508925 8.675049 -0.9929312 0.09797901 -0.06653964 -19.52185 -0.069768004 -0.029893046 0.9971152 -1.0856934
0.06663334 0.99703974 0.038856976 8.72937 -0.9954275 0.06910694 -0.06623851 -20.366089 -0.068717144 -0.034259368 0.9970475 -1.1383057
0.032558545 0.99864906 0.04084258 8.769653 -0.997182 0.03522838 -0.06644196 -21.221802 -0.06779181 -0.03856891 0.9969538 -1.1837158
-0.00049579324 0.9992319 0.039181937 8.768188 -0.9977741 0.002117455 -0.066650495 -22.06897 -0.066684835 -0.039110616 0.9970078 -1.2288818
-0.036747936 0.99860305 0.03840826 8.739624 -0.997247 -0.03415752 -0.066059805 -22.932495 -0.06466822 -0.040726744 0.9970762 -1.270874
-0.068082556 0.99686265 0.040172767 8.69043 -0.9957704 -0.065413006 -0.06438947 -23.785522 -0.061564382 -0.04439023 0.99711585 -1.3104248
-0.100989945 0.99407005 0.041173104 8.609253 -0.99331063 -0.09838664 -0.061017387 -24.649658 -0.056611475 -0.047035754 0.9972883 -1.3619385
-0.13324441 0.9903389 0.03671699 8.501953 -0.98966247 -0.13103186 -0.05719953 -25.5083 -0.051838446 -0.043981258 0.99768656 -1.3946533
-0.16303708 0.9860697 0.031111658 8.343872 -0.98546857 -0.16129175 -0.05215828 -26.350586 -0.046396665 -0.039166432 0.9981543 -1.4211426
-0.19383596 0.9807102 0.02515422 8.17395 -0.980213 -0.19256307 -0.045821585 -27.1969 -0.040097054 -0.03352005 0.99863344 -1.4483643
-0.22273958 0.9746972 0.019661618 7.971924 -0.9742261 -0.22179411 -0.041521326 -28.031616 -0.036117617 -0.028413218 0.9989438 -1.4737549
-0.25051594 0.9681907 0.010990966 7.749878 -0.9677448 -0.25000095 -0.035236992 -28.863892 -0.03136886 -0.019440671 0.99931896 -1.4936523
-0.27689183 0.9607696 0.008323247 7.507324 -0.96054465 -0.27660415 -0.025700096 -29.692749 -0.022387384 -0.015121635 0.99963486 -1.5031738
-0.30149737 0.9535959 0.0073091295 7.253174 -0.9535821 -0.3014035 -0.011672869 -30.492432 -0.008934908 -0.010487899 0.9999051 -1.5065918
-0.32483295 0.9457063 0.011892243 6.9780273 -0.94573945 -0.32491088 0.005294677 -31.291016 0.008869123 -0.009524731 0.9999153 -1.4962158
-0.35117415 0.93609995 0.017998844 6.694824 -0.93595403 -0.3514912 0.019343413 -32.08252 0.024434738 -0.010047231 0.9996508 -1.4842529
-0.37475586 0.9270346 0.01966114 6.3843994 -0.9265899 -0.3752037 0.029586874 -32.87195 0.034805372 -0.007140182 0.9993688 -1.4609375
-0.39848605 0.9171069 0.018147625 6.0625 -0.9164917 -0.39888644 0.03374196 -33.657715 0.038179025 -0.0031966567 0.99926597 -1.4143066
-0.421324 0.90688556 0.0162901 5.705078 -0.9062879 -0.42163813 0.032928735 -34.428467 0.03673891 -0.00089520134 0.9993248 -1.3736572
-0.44050634 0.89756864 0.01071943 5.3320312 -0.8971016 -0.44062507 0.029120004 -35.198242 0.030876486 0.0032222206 0.9995181 -1.3375244
-0.45981598 0.8876083 0.002991654 4.945801 -0.8872591 -0.4597248 0.026692605 -35.94397 0.02507113 0.009635415 0.9996391 -1.2961426
-0.47403112 0.8808648 0.00043248944 4.5389404 -0.88051087 -0.47385475 0.028116472 -36.686035 0.024979122 0.012928398 0.99960476 -1.2568359
-0.48451674 0.87483823 -0.0012257807 4.1307373 -0.8744315 -0.4842478 0.031201258 -37.41748 0.02670914 0.016186696 0.9995124 -1.2236328
-0.49395967 0.86951625 -0.0008506756 3.731079 -0.8690503 -0.49366271 0.033209253 -38.11914 0.028476972 0.017161181 0.9994476 -1.1868896
-0.5028848 0.86394334 0.0067419484 3.3251953 -0.8633849 -0.502816 0.032847464 -38.826904 0.03176933 0.010717256 0.9994375 -1.1563721
-0.5146769 0.85687846 0.007444931 2.9211426 -0.85640025 -0.51465046 0.030035065 -39.527588 0.029571168 0.009089712 0.9995211 -1.1264648
-0.5227722 0.8519339 0.005945255 2.489746 -0.85142094 -0.5226786 0.03173477 -40.226685 0.030147884 0.011543296 0.9994786 -1.090332
-0.52951515 0.84825426 0.0040392824 2.0456543 -0.8476756 -0.5293193 0.034710005 -40.93579 0.031588167 0.014959338 0.999389 -1.053833
-0.5334602 0.8460105 0.004788101 1.6026611 -0.84528446 -0.53322196 0.038802464 -41.65515 0.035372674 0.016634084 0.9992357 -1.0290527
-0.53345263 0.84639955 0.006471036 1.1452637 -0.84562206 -0.53326494 0.03946477 -42.381226 0.036847413 0.015557172 0.9992002 -0.9921875
-0.5296669 0.84770936 0.004135088 0.6810303 -0.8469368 -0.52938056 0.04036538 -43.126953 0.036410898 0.017904403 0.99917597 -0.95703125
-0.5243725 0.85168386 0.0048344648 0.22875977 -0.85094213 -0.52413845 0.039127473 -43.877075 0.035875343 0.016404608 0.9992221 -0.91674805
-0.5148577 0.8568699 0.006076445 -0.24487305 -0.8561742 -0.51470333 0.037259936 -44.65674 0.03504303 0.013984996 0.9992873 -0.8820801
-0.5082024 0.86155796 0.0071402 -0.704834 -0.8608553 -0.508095 0.037012123 -45.448975 0.035516355 0.012659051 0.99928916 -0.8475342
-0.50290847 0.86455 0.00958881 -1.157959 -0.8638712 -0.50290847 0.035572775 -46.248657 0.035574004 0.009590044 0.99932116 -0.8067627
-0.49899462 0.8666134 0.012427756 -1.6208496 -0.86601055 -0.4991184 0.032800265 -47.087036 0.034645163 0.0055914638 0.9993845 -0.77075195
-0.4961063 0.86824495 0.01656259 -2.0803223 -0.86773115 -0.49638242 0.029874839 -47.92444 0.034150925 0.00044864463 0.99941653 -0.7351074
-0.4960517 0.86827266 0.018749995 -2.571289 -0.8678524 -0.4963981 0.027159236 -48.81604 0.03288465 -0.0027991831 0.9994553 -0.6894531
-0.4960327 0.8680515 0.019421358 -3.0506592 -0.8676742 -0.4963966 0.025906151 -49.67102 0.032121766 -0.0039971326 0.9994758 -0.6524658
-0.49741912 0.8670052 0.018866345 -3.545166 -0.86667085 -0.4977589 0.02444018 -50.550903 0.030583024 -0.004183436 0.9995233 -0.61206055
-0.49740517 0.8674467 0.019383088 -4.057129 -0.8671495 -0.49775562 0.02330252 -51.44519 0.029861301 -0.005223248 0.99954057 -0.5743408
-0.4974051 0.86756676 0.018754382 -4.5716553 -0.86727756 -0.49773517 0.022932919 -52.354614 0.029234096 -0.0048725503 0.99956113 -0.5317383
-0.4974085 0.86676115 0.018647032 -5.078247 -0.8664626 -0.4977361 0.023202777 -53.262817 0.029401092 -0.004592583 0.99955666 -0.48754883
-0.49738565 0.8671269 0.019951733 -5.5947266 -0.86689377 -0.4977399 0.021209778 -54.1958 0.028333293 -0.006745565 0.9995758 -0.45251465
-0.49737996 0.86737394 0.020108664 -6.0875244 -0.8671623 -0.49773368 0.020493627 -55.09973 0.027788242 -0.0072555044 0.9995877 -0.41210938
-0.4959685 0.86802715 0.021440445 -6.5985107 -0.8678689 -0.4963465 0.018962108 -56.017334 0.027112547 -0.0092102345 0.9995901 -0.3687744
-0.49456468 0.86947465 0.021523105 -7.114868 -0.8693506 -0.494933 0.017736278 -56.93933 0.02604872 -0.009947664 0.9996113 -0.3284912
-0.494561 0.8694873 0.01909976 -7.6136475 -0.8694006 -0.49484685 0.015265845 -57.84485 0.022705302 -0.009059606 0.9997012 -0.2821045
-0.4893494 0.87189305 0.017445978 -8.126343 -0.8718174 -0.48959017 0.014158026 -58.75647 0.020877816 -0.008280478 0.99974763 -0.24572754
-0.4893476 0.8724666 0.017547902 -8.630127 -0.8724043 -0.48958552 0.013569113 -59.665894 0.0204156 -0.008676534 0.999754 -0.20788574
-0.4855404 0.87435704 0.016915174 -9.123169 -0.8742834 -0.48576874 0.013909747 -60.578857 0.020387143 -0.008045173 0.99976003 -0.17126465
-0.4841447 0.8746123 0.016543813 -9.608032 -0.87453663 -0.48436522 0.013865329 -61.48889 0.020145498 -0.007746648 0.9997669 -0.13769531
-0.48554114 0.87419456 0.018081902 -10.115234 -0.8741114 -0.48580143 0.014818066 -62.396606 0.021738233 -0.008615966 0.99972665 -0.099609375
-0.485544 0.8734257 0.02108112 -10.616455 -0.87330866 -0.48589933 0.017416183 -63.30078 0.025470708 -0.009944517 0.99962586 -0.060058594
-0.49074653 0.87105626 0.0231478 -11.105835 -0.87095827 -0.49115548 0.017468657 -64.19922 0.026583679 -0.0115923295 0.9995794 -0.011352539
-0.49735156 0.8675395 0.023034662 -11.608643 -0.8675018 -0.4977269 0.014943528 -65.094604 0.024436329 -0.012564383 0.9996228 0.016601562
-0.50117224 0.86492586 0.01841176 -12.12207 -0.86488026 -0.5014216 0.01296477 -65.98218 0.020448353 -0.009417605 0.99974644 0.067871094
-0.50779396 0.8611355 0.020426737 -12.6085205 -0.86115813 -0.50805706 0.010531744 -66.85669 0.01944454 -0.012239633 0.999736 0.10620117
-0.5116227 0.85900146 0.020179871 -13.121338 -0.85898274 -0.51190233 0.012389056 -67.73547 0.020960763 -0.010993579 0.9997198 0.14440918
-0.5158266 0.85587424 0.022376027 -13.636841 -0.85582954 -0.51618063 0.014566705 -68.59631 0.02404437 -0.011636272 0.9996433 0.17797852
-0.52106357 0.8526431 0.024434183 -14.129272 -0.8526066 -0.52147573 0.01515678 -69.44922 0.02568483 -0.01292713 0.99958646 0.21643066
-0.52490336 0.85110873 0.025749918 -14.647339 -0.85109246 -0.5253471 0.015008705 -70.29614 0.02628194 -0.014046382 0.99955606 0.25610352
-0.527709 0.84865296 0.025030468 -15.1604 -0.84864545 -0.52812326 0.014214047 -71.13696 0.025285661 -0.013734266 0.9995858 0.29785156
-0.5315605 0.8475035 0.01950045 -15.684937 -0.8475713 -0.5317643 0.007013742 -71.97327 0.016297251 -0.012800131 0.9997854 0.33569336
-0.53439546 0.8454682 0.013576633 -16.212769 -0.84555745 -0.53442365 -0.0017475683 -72.811646 0.0057709464 -0.012416625 0.9999063 0.36254883
-0.53441906 0.84457904 0.011842447 -16.735596 -0.8446604 -0.53439224 -0.00559271 -73.64929 0.0016124817 -0.012993754 0.9999142 0.38928223
-0.5357921 0.8440579 0.014719832 -17.261963 -0.8441499 -0.53584933 -7.281348e-05 -74.47278 0.007827251 -0.012467116 0.99989164 0.40478516
-0.5357712 0.8434417 0.017286357 -17.780762 -0.84349716 -0.53592914 0.0059771035 -75.28931 0.014322119 -0.011377784 0.9998326 0.42834473
-0.5382177 0.8432058 0.0136116985 -18.303345 -0.843163 -0.53835744 0.010346864 -76.10669 0.016038913 -0.00591293 0.99985385 0.45715332
-0.5382212 0.8434524 0.010429099 -18.845215 -0.84340155 -0.53831106 0.009880239 -76.92761 0.013941449 -0.0034878086 0.99989676 0.49438477
-0.53576976 0.84354514 0.009546685 -19.363892 -0.84351367 -0.5358421 0.0081538595 -77.75403 0.012004175 -0.003679105 0.9999211 0.5267334
-0.5357702 0.84385854 0.008895149 -19.874756 -0.8438818 -0.53580415 0.0018203318 -78.57251 0.006309979 -0.006534578 0.9999587 0.54211426
-0.53437775 0.844931 0.006517273 -20.391235 -0.8449554 -0.53437245 -0.0026863196 -79.3938 0.0012148037 -0.006945177 0.99997526 0.5566406
-0.5344625 0.84512806 0.012965091 -20.881592 -0.8452272 -0.5343874 -0.008984152 -80.20532 -0.00066961395 -0.01576501 0.9998756 0.5800781
-0.53320515 0.8462016 0.019599248 -21.375 -0.8464265 -0.5330103 -0.014522324 -81.025024 -0.0018503245 -0.024329538 0.9997025 0.5839844
-0.53176737 0.8473233 0.016537525 -21.886475 -0.84747773 -0.53158313 -0.014399784 -81.83789 -0.0034193415 -0.021659585 0.99975973 0.59484863
-0.5278417 0.8490593 0.0129185 -22.386475 -0.84915274 -0.52772534 -0.011455396 -82.64368 -0.002906468 -0.017020904 0.9998509 0.6173096
-0.5211628 0.8529943 0.013229145 -22.894653 -0.85309666 -0.5210889 -0.008793404 -83.457886 -0.0006056456 -0.015874948 0.9998739 0.6236572
-0.5144739 0.8577272 0.008720361 -23.382812 -0.8577709 -0.5144338 -0.006517376 -84.26477 -0.0011067059 -0.010830703 0.9999408 0.6352539
-0.5078029 0.861864 0.0028061238 -23.860962 -0.8618671 -0.5077937 -0.0034465925 -85.07361 -0.0015478171 -0.004169167 0.99999017 0.6512451
-0.49597046 0.86798626 0.0029957877 -24.336914 -0.8679861 -0.49595264 -0.0051854076 -85.89575 -0.0030143666 -0.005172505 0.999982 0.67248535
-0.48557746 0.8735866 0.004870404 -24.777588 -0.8735885 -0.4855347 -0.007879428 -86.724976 -0.0045131766 -0.008083918 0.99995697 0.673584
-0.47380683 0.8807036 0.0028763271 -25.23767 -0.88066703 -0.47375077 -0.01120913 -87.55896 -0.008509478 -0.007845648 0.99993294 0.68310547
-0.46205848 0.88680035 0.00207983 -25.669922 -0.88673824 -0.46199536 -0.013147501 -88.40039 -0.010694078 -0.0079176 0.9999113 0.6907959
-0.44932446 0.8928606 0.0027433678 -26.087036 -0.89281017 -0.4492609 -0.012443475 -89.23193 -0.009874323 -0.00804623 0.9999187 0.6846924
-0.4389856 0.89860415 -0.0008605041 -26.513062 -0.8985335 -0.43896288 -0.012147221 -90.08203 -0.011292346 -0.0045575355 0.99992573 0.7026367
-0.4249187 0.90480965 0.0010803343 -26.90857 -0.90478534 -0.42489797 -0.007918405 -90.92932 -0.0067029037 -0.0043488564 0.999968 0.7010498
-0.41463277 0.90995646 0.0024999282 -27.289917 -0.9099563 -0.4146372 0.0016513965 -91.763916 0.0025390033 -0.0015893553 0.99999547 0.7052002
-0.4013584 0.915905 0.003904847 -27.658447 -0.9158925 -0.40137437 0.0050301068 -92.609985 0.006174265 -0.0015566085 0.99997973 0.72351074
-0.39087677 0.9201475 0.0050656106 -28.008545 -0.92015004 -0.39089346 0.0028277657 -93.46411 0.00458322 -0.0035545265 0.9999832 0.7315674
-0.3790568 0.92525744 0.0036465838 -28.367188 -0.9252639 -0.37905887 -0.00012032967 -94.3208 0.0012718462 -0.0034208484 0.9999934 0.74816895
-0.3696045 0.92930955 0.0072933408 -28.697388 -0.9293365 -0.3696078 -0.0009351652 -95.181274 0.0018239995 -0.0071235336 0.999973 0.7635498
-0.36222127 0.93184984 0.014640816 -29.007324 -0.9319243 -0.3623073 0.003637966 -96.05176 0.008700915 -0.012325669 0.99988616 0.7821045
-0.35622 0.9340825 0.022750106 -29.330688 -0.93420994 -0.35649326 0.009217674 -96.90747 0.016730102 -0.017967945 0.9996986 0.7943115
-0.3518678 0.935516 0.027391354 -29.646729 -0.93572015 -0.3522431 0.010190566 -97.78247 0.019187864 -0.02203998 0.9995728 0.822876
-0.3488834 0.93661284 0.02941624 -29.958496 -0.93686134 -0.34930205 0.010384797 -98.65759 0.020012816 -0.0239483 0.9995131 0.8457031
-0.34316444 0.93876576 0.029379256 -30.267212 -0.9390204 -0.3435745 0.010127364 -99.52429 0.019591637 -0.024098959 0.99951726 0.881958
-0.33953092 0.9403184 0.030345757 -30.574219 -0.9406589 -0.33987463 0.0068464573 -100.40918 0.016742492 -0.026227405 0.999516 0.90405273
-0.3322205 0.94275314 0.02739494 -30.888672 -0.943068 -0.33243617 0.0036001652 -101.27661 0.01249801 -0.024635851 0.99961823 0.9213867
-0.3269994 0.94462895 0.028030023 -31.186768 -0.94499767 -0.32713547 0.0002852548 -102.149414 0.009445455 -0.026402567 0.9996068 0.9523926
-0.32049626 0.9465803 0.034510504 -31.469604 -0.94716763 -0.32061172 -0.0022894358 -103.02783 0.008905518 -0.03343247 0.9994014 0.9713135
-0.31264386 0.94884086 0.04338821 -31.738037 -0.94975096 -0.31288838 -0.0012142975 -103.8927 0.012427765 -0.04158949 0.9990574 0.98254395
-0.3066774 0.9507392 0.04395984 -32.005005 -0.95162886 -0.30706164 0.0021099085 -104.74963 0.015504196 -0.0412044 0.9990308 1.012085
-0.29865372 0.95337623 0.041119542 -32.28296 -0.9540999 -0.29912087 0.0055678203 -105.618286 0.017617913 -0.037562907 0.99913865 1.0466309
-0.2928184 0.95512086 0.042594254 -32.549194 -0.95593244 -0.2932418 0.0039153947 -106.48999 0.016236972 -0.039577413 0.9990846 1.0703125
-0.28504178 0.9576692 0.04264545 -32.79419 -0.95856255 -0.2852201 -0.0019675512 -107.35242 0.010258938 -0.041419305 0.999089 1.0980225
-0.2776631 0.9597036 0.041865148 -33.048706 -0.96059227 -0.27770385 -0.004951769 -108.25061 0.0068804035 -0.041611377 0.9991106 1.1265869
-0.27203733 0.9612706 0.045342103 -33.28772 -0.96227944 -0.27224073 -0.0017449753 -109.1311 0.010644048 -0.044083614 0.99897087 1.1466064
-0.26456523 0.9631197 0.046170864 -33.517334 -0.9641187 -0.2649462 0.0022229548 -109.993164 0.0143800145 -0.043939684 0.99893075 1.1629639
-0.25806436 0.96496063 0.046022985 -33.741577 -0.9659464 -0.25846395 0.0028423776 -110.861694 0.01464482 -0.043714907 0.9989363 1.1781006
-0.25094754 0.9668324 0.04691972 -33.966187 -0.9678673 -0.25133082 0.0023606448 -111.74036 0.014063166 -0.0448097 0.99889636 1.2016602
-0.24444805 0.9688483 0.043109942 -34.18103 -0.9697333 -0.24473464 0.0014196103 -112.61279 0.011913275 -0.041441564 0.9990697 1.225708
-0.2357049 0.97099096 0.0386802 -34.4021 -0.971695 -0.2359668 0.00228589 -113.50574 0.011352505 -0.037058137 0.9992487 1.2523193
-0.22926068 0.9727646 0.038324725 -34.60962 -0.9734485 -0.22954035 0.003019209 -114.38782 0.01171552 -0.03661647 0.9992609 1.2818604
-0.22076736 0.974441 0.044331245 -34.79431 -0.9753872 -0.22103454 0.001159295 -115.28137 0.010914243 -0.042968456 0.9990166 1.2999268
-0.21427156 0.97554535 0.048460413 -34.989136 -0.9766964 -0.21451057 -0.0002782147 -116.19031 0.010141881 -0.04740528 0.99882436 1.3154297
-0.21004188 0.9765827 0.045202475 -35.18506 -0.9775911 -0.21021438 -0.0009612341 -117.1001 0.008577978 -0.044399396 0.9989769 1.3470459
-0.20494078 0.9778038 0.04297775 -35.370117 -0.97871107 -0.20511737 -0.00030811806 -117.978516 0.008522898 -0.042133935 0.99907553 1.3613281
-0.1992271 0.9788897 0.04284986 -35.559692 -0.97978735 -0.19942343 0.00030921982 -118.88367 0.008862577 -0.041930772 0.999081 1.3830566
-0.19494152 0.9802941 0.034535896 -35.746582 -0.98088014 -0.19505237 -0.00016599381 -119.74841 0.0065737655 -0.03389361 0.99940354 1.3931885
-0.18917656 0.98165476 0.02665364 -35.940674 -0.98200876 -0.18921295 -0.0011760623 -120.63611 0.0038908906 -0.026393563 0.999644 1.4072266
-0.18548797 0.9823177 0.024976829 -36.095825 -0.98263377 -0.18547203 -0.0029702787 -121.53552 0.0017190289 -0.025105627 0.9996834 1.4295654
-0.1806594 0.98321533 0.025747966 -36.240234 -0.9835441 -0.18070269 -0.0006572172 -122.39514 0.004006539 -0.025435941 0.99966824 1.435669
-0.17632078 0.98393375 0.027687011 -36.40088 -0.9843057 -0.17641495 0.0009818814 -123.272705 0.0058428673 -0.027080916 0.99961615 1.4488525
-0.17418659 0.984235 0.0295682 -36.55432 -0.9846643 -0.17426933 0.00023007172 -124.164795 0.0053816335 -0.029082192 0.99956256 1.4619141
-0.17355944 0.9844177 0.030331569 -36.703857 -0.984876 -0.17360665 -0.0010860462 -125.04602 0.0041933306 -0.030065397 0.99953926 1.4772949
-0.17293738 0.98461264 0.027374253 -36.86255 -0.98499244 -0.1728456 -0.0057012057 -125.927246 -0.0008890969 -0.027944012 0.999609 1.4908447
-0.17151117 0.98476684 0.026819123 -37.007324 -0.9851144 -0.17128181 -0.010645674 -126.811035 -0.0058852937 -0.028245928 0.9995835 1.4992676
-0.1708882 0.9850469 0.025619425 -37.158813 -0.98534125 -0.17059304 -0.013307797 -127.69092 -0.008741717 -0.027520198 0.9995831 1.5081787
-0.1686485 0.9852943 0.026083168 -37.301025 -0.9856302 -0.16847146 -0.008853704 -128.54504 -0.004323011 -0.027206782 0.9996205 1.5124512
-0.1685778 0.9852948 0.026311567 -37.45215 -0.98564607 -0.1685189 -0.004455856 -129.41064 4.691258e-05 -0.026689699 0.9996438 1.5252686
-0.16863345 0.98517865 0.029548952 -37.592285 -0.9856219 -0.16855669 -0.005086922 -130.27026 -2.2605993e-05 -0.029990574 0.99955016 1.5311279
-0.16867758 0.9851033 0.03101705 -37.730347 -0.9855909 -0.16856363 -0.006274656 -131.12598 -0.00094856415 -0.03162395 0.99949926 1.539917
-0.16729331 0.985562 0.027126927 -37.882935 -0.98593473 -0.16720712 -0.005434501 -131.97888 -0.0008236207 -0.027648196 0.99961734 1.5524902
-0.16640198 0.9856199 0.027002571 -38.021973 -0.9859883 -0.16638698 -0.0028173951 -132.84021 0.0017228555 -0.027098577 0.9996313 1.5626221
-0.16585435 0.98541147 0.036381103 -38.154053 -0.98607135 -0.16591847 -0.0012745792 -133.69336 0.0047900695 -0.036083836 0.99933714 1.56604
-0.16598608 0.9851981 0.043459628 -38.276978 -0.98614055 -0.16607 -0.0016993647 -134.54431 0.005542459 -0.043133378 0.99905396 1.5805664
-0.16589402 0.985246 0.042631447 -38.41162 -0.98612684 -0.16612683 0.0019550694 -135.3899 0.009006437 -0.041717384 0.99908894 1.5961914
-0.16584612 0.98530036 0.04030783 -38.550293 -0.9860822 -0.16607974 0.0025005369 -136.22522 0.009158045 -0.039340936 0.999184 1.6220703
-0.16364478 0.985729 0.040183835 -38.680054 -0.9864818 -0.16396977 0.004908305 -137.05322 0.011432717 -0.038852565 0.9991799 1.6380615
-0.16141964 0.9862811 0.03405367 -38.82666 -0.98682225 -0.16165224 0.004170903 -137.90686 0.009628278 -0.03294209 0.999411 1.6491699
-0.15940203 0.98691905 0.026480606 -38.966553 -0.9872552 -0.15950812 0.0019340527 -138.75146 0.006128801 -0.025831994 0.99964744 1.6713867
-0.15729499 0.9873285 0.022076854 -39.10742 -0.9875737 -0.15721548 -0.0053099287 -139.61365 -0.0017689969 -0.022629432 0.99974227 1.6890869
-0.15442334 0.9879489 0.015290387 -39.24109 -0.98806196 -0.15435433 -0.0056019938 -140.41736 -0.0031730887 -0.015969398 0.9998674 1.6990967
-0.1494738 0.98863405 0.01879457 -39.354248 -0.9888125 -0.1494572 -0.002291205 -141.22656 0.0005416353 -0.018926434 0.9998207 1.7193604
-0.14170825 0.98973596 0.01831622 -39.476807 -0.98989743 -0.14175677 0.0013667273 -142.0697 0.00394765 -0.017929006 0.99983144 1.7275391
-0.13333452 0.9909717 0.017298866 -39.590088 -0.99110764 -0.13340819 0.0031751674 -142.91443 0.005446301 -0.01672241 0.9998453 1.7282715
-0.12419642 0.9921688 0.014342486 -39.69165 -0.99227244 -0.12418366 -0.0017791949 -143.72522 1.4641322e-05 -0.014451569 0.9998955 1.7434082
-0.1122873 0.99359614 0.007535876 -39.786865 -0.9936207 -0.112261884 -0.003709299 -144.51965 -0.002839353 -0.007906208 0.99996465 1.7576904
-0.099152215 0.995129 0.0014061835 -39.879395 -0.9951266 -0.09914803 -0.0027370288 -145.35999 -0.0025848513 -0.0016703438 0.9999953 1.7796631
-0.08465814 0.99644995 0.0006522387 -39.950806 -0.9964488 -0.084656954 -0.0017423423 -146.13672 -0.001680769 -0.0007966757 0.9999983 1.7856445
-0.070888646 0.99750763 -0.0028592013 -40.000977 -0.9975095 -0.07089435 -0.0019458323 -146.97095 -0.002143486 0.0027148426 0.99999404 1.8017578
-0.057206046 0.998377 -0.005123904 -40.048584 -0.99839014 -0.057207797 -0.00021308567 -147.78357 -0.0005050381 0.0051034093 0.9999868 1.80896
-0.042189833 0.9991032 -0.0027563982 -40.082275 -0.9990936 -0.04217467 0.0053072143 -148.58215 0.005186743 0.0029800795 0.9999821 1.8250732
-0.029306533 0.9995509 0.005242327 -40.08667 -0.99945486 -0.029380672 0.014658814 -149.36218 0.014812801 -0.0048111454 0.9998787 1.8417969
-0.017284395 0.9997982 0.01115345 -40.084595 -0.9995725 -0.01754582 0.023807256 -150.12256 0.023988528 -0.0107367085 0.99965453 1.8485107
