0.0000 -0.0000 0.0000 0.0000 0.0000 -0.0000 -0.0000 1.0000
0.1039 -0.0922 -0.0131 0.0176 0.0001 0.0072 -0.0002 1.0000
0.2077 -0.0865 -0.0139 0.0573 0.0001 0.0157 -0.0009 0.9999
0.3119 0.0067 0.0050 0.4177 -0.0006 0.0320 -0.0026 0.9995
0.4159 0.0255 0.0122 0.5461 -0.0016 0.0480 -0.0021 0.9988
0.5200 0.1582 0.0084 0.7896 -0.0025 0.0674 -0.0010 0.9977
0.6241 0.1531 -0.0188 0.8920 -0.0029 0.0864 0.0010 0.9963
0.7282 0.2676 -0.0081 1.1565 -0.0033 0.1087 0.0010 0.9941
0.8325 0.3497 0.0019 1.3241 -0.0051 0.1328 0.0006 0.9911
0.9366 0.5232 0.0215 1.6156 -0.0082 0.1576 0.0018 0.9875
1.0408 0.6391 -0.0023 1.7970 -0.0116 0.1823 0.0059 0.9832
1.1449 0.8018 -0.0107 2.0275 -0.0136 0.2090 0.0081 0.9778
1.2490 0.9987 -0.0055 2.2824 -0.0154 0.2370 0.0084 0.9714
1.3531 1.1679 0.0268 2.5055 -0.0175 0.2654 0.0084 0.9640
1.4571 1.4030 0.0231 2.7460 -0.0194 0.2939 0.0101 0.9556
1.5611 1.6050 0.0217 2.9247 -0.0204 0.3227 0.0124 0.9462
1.6651 1.8754 0.0320 3.1336 -0.0212 0.3505 0.0140 0.9362
1.7690 2.2034 0.0408 3.3876 -0.0212 0.3781 0.0153 0.9254
1.8729 2.4832 0.0512 3.5592 -0.0215 0.4043 0.0157 0.9142
1.9768 2.8350 0.0804 3.8117 -0.0229 0.4301 0.0148 0.9024
2.0805 3.1614 0.1013 4.0071 -0.0238 0.4537 0.0145 0.8907
2.1841 3.5454 0.1227 4.2095 -0.0244 0.4753 0.0143 0.8793
2.2879 3.9896 0.1320 4.4261 -0.0252 0.4952 0.0150 0.8683
2.3915 4.3644 0.1570 4.6144 -0.0257 0.5136 0.0144 0.8575
2.4951 4.8265 0.1827 4.7958 -0.0251 0.5311 0.0140 0.8468
2.5988 5.3460 0.2001 4.9743 -0.0232 0.5464 0.0141 0.8371
2.7023 5.8477 0.2218 5.1601 -0.0210 0.5601 0.0143 0.8281
2.8059 6.3876 0.2453 5.3577 -0.0194 0.5714 0.0141 0.8203
2.9094 6.9747 0.2695 5.5294 -0.0184 0.5802 0.0144 0.8141
3.0129 7.5436 0.3000 5.6986 -0.0180 0.5865 0.0150 0.8096
3.1165 8.1648 0.3177 5.9036 -0.0180 0.5918 0.0159 0.8057
3.2201 8.7912 0.3512 6.0865 -0.0192 0.5962 0.0162 0.8024
3.3237 9.4742 0.3802 6.2732 -0.0204 0.6005 0.0162 0.7992
3.4274 10.1632 0.4117 6.4623 -0.0213 0.6048 0.0166 0.7959
3.5310 10.8611 0.4396 6.6597 -0.0223 0.6091 0.0171 0.7926
3.6348 11.5834 0.4656 6.8387 -0.0230 0.6133 0.0175 0.7893
3.7384 12.3801 0.4998 7.0258 -0.0236 0.6177 0.0177 0.7859
3.8421 13.1221 0.5313 7.2128 -0.0251 0.6214 0.0184 0.7828
3.9458 13.8964 0.5813 7.3790 -0.0271 0.6260 0.0190 0.7792
4.0495 14.6848 0.6168 7.5379 -0.0284 0.6310 0.0204 0.7750
4.1532 15.4708 0.6589 7.6884 -0.0296 0.6360 0.0209 0.7709
4.2570 16.2829 0.6918 7.8265 -0.0298 0.6414 0.0210 0.7664
4.3608 17.0747 0.7346 7.9689 -0.0298 0.6469 0.0205 0.7617
4.4645 17.8759 0.7715 8.0807 -0.0297 0.6533 0.0197 0.7562
4.5684 18.6826 0.8106 8.1568 -0.0298 0.6610 0.0187 0.7495
4.6723 19.5181 0.8535 8.2610 -0.0304 0.6705 0.0170 0.7411
4.7761 20.3557 0.8961 8.3184 -0.0312 0.6821 0.0157 0.7305
4.8801 21.1948 0.9365 8.3307 -0.0316 0.6940 0.0149 0.7192
4.9841 22.0365 0.9712 8.3294 -0.0315 0.7064 0.0141 0.7070
5.0881 22.8872 0.9994 8.2855 -0.0310 0.7183 0.0136 0.6949
5.1920 23.7338 1.0322 8.2343 -0.0307 0.7296 0.0122 0.6830
5.2959 24.5394 1.0720 8.1573 -0.0298 0.7405 0.0107 0.6713
5.3998 25.3635 1.0997 8.0256 -0.0270 0.7515 0.0103 0.6591
5.5036 26.2177 1.1140 7.8819 -0.0235 0.7619 0.0100 0.6472
5.6074 27.0702 1.1353 7.6860 -0.0191 0.7720 0.0103 0.6353
5.7113 27.8856 1.1434 7.5000 -0.0153 0.7812 0.0105 0.6240
5.8150 28.6829 1.1736 7.2602 -0.0102 0.7900 0.0115 0.6129
5.9188 29.5220 1.1659 7.0361 -0.0050 0.7985 0.0100 0.6019
6.0224 30.2943 1.1599 6.7607 0.0010 0.8062 0.0057 0.5917
6.1261 31.0747 1.1259 6.4655 0.0064 0.8138 -0.0013 0.5811
6.2298 31.8611 1.0969 6.1921 0.0104 0.8215 -0.0082 0.5700
6.3335 32.6185 1.0592 5.8786 0.0147 0.8289 -0.0115 0.5590
6.4371 33.3994 1.0129 5.5308 0.0172 0.8360 -0.0119 0.5483
6.5409 34.1164 0.9659 5.1834 0.0175 0.8428 -0.0109 0.5378
6.6445 34.8812 0.9358 4.8133 0.0177 0.8489 -0.0075 0.5283
6.7483 35.6086 0.9046 4.3973 0.0193 0.8542 -0.0036 0.5195
6.8519 36.3027 0.8545 4.0161 0.0205 0.8583 -0.0022 0.5128
6.9555 36.9967 0.7969 3.6158 0.0221 0.8615 -0.0026 0.5073
7.0590 37.6958 0.7555 3.2242 0.0232 0.8643 -0.0032 0.5024
7.1628 38.3938 0.6985 2.8256 0.0211 0.8673 -0.0058 0.4973
7.2664 39.0846 0.6867 2.4112 0.0203 0.8707 -0.0061 0.4914
7.3701 39.7693 0.6447 1.9776 0.0212 0.8731 -0.0057 0.4871
7.4738 40.4500 0.5952 1.5411 0.0232 0.8752 -0.0054 0.4832
7.5774 41.1363 0.5634 1.0944 0.0243 0.8763 -0.0067 0.4811
7.6810 41.8369 0.5104 0.6623 0.0244 0.8762 -0.0079 0.4814
7.7847 42.5773 0.4764 0.1864 0.0254 0.8752 -0.0070 0.4830
7.8883 43.3406 0.4309 -0.2500 0.0247 0.8736 -0.0072 0.4860
7.9919 44.0839 0.3867 -0.6986 0.0238 0.8716 -0.0076 0.4896
8.0956 44.8661 0.3389 -1.1751 0.0231 0.8695 -0.0082 0.4933
8.1994 45.6689 0.2896 -1.6357 0.0218 0.8676 -0.0089 0.4967
8.3031 46.4848 0.2437 -2.0959 0.0200 0.8663 -0.0098 0.4990
8.4070 47.3267 0.2055 -2.5488 0.0179 0.8659 -0.0107 0.4997
8.5108 48.1535 0.1541 -3.0190 0.0163 0.8661 -0.0108 0.4995
8.6146 49.0061 0.1133 -3.5185 0.0156 0.8663 -0.0110 0.4992
8.7184 49.8820 0.0626 -4.0283 0.0154 0.8664 -0.0106 0.4989
8.8221 50.7483 0.0172 -4.5219 0.0151 0.8664 -0.0104 0.4989
8.9259 51.6438 -0.0313 -5.0337 0.0150 0.8665 -0.0099 0.4988
9.0296 52.5217 -0.0861 -5.5452 0.0148 0.8666 -0.0099 0.4986
9.1335 53.4182 -0.1347 -6.0480 0.0138 0.8666 -0.0100 0.4987
9.2373 54.3327 -0.1894 -6.5576 0.0136 0.8667 -0.0098 0.4986
9.3410 55.2186 -0.2351 -7.0718 0.0129 0.8665 -0.0100 0.4988
9.4448 56.1209 -0.2913 -7.5850 0.0124 0.8662 -0.0096 0.4995
9.5485 57.0186 -0.3456 -8.0887 0.0118 0.8656 -0.0082 0.5005
9.6522 57.9162 -0.3891 -8.5991 0.0118 0.8649 -0.0072 0.5018
9.7559 58.8034 -0.4493 -9.1212 0.0114 0.8641 -0.0072 0.5032
9.8596 59.7048 -0.4980 -9.6156 0.0117 0.8636 -0.0070 0.5040
9.9635 60.5792 -0.5414 -10.0936 0.0118 0.8633 -0.0072 0.5046
10.0673 61.4843 -0.5886 -10.6187 0.0119 0.8634 -0.0081 0.5044
10.1711 62.3586 -0.6372 -11.0923 0.0122 0.8642 -0.0096 0.5030
10.2750 63.2346 -0.6874 -11.5751 0.0120 0.8655 -0.0106 0.5006
10.3789 64.1164 -0.7311 -12.0787 0.0116 0.8671 -0.0099 0.4979
10.4828 64.9877 -0.7958 -12.6020 0.0118 0.8687 -0.0074 0.4952
10.5865 65.8501 -0.8397 -13.1095 0.0104 0.8702 -0.0078 0.4926
10.6904 66.6695 -0.8891 -13.6078 0.0112 0.8716 -0.0084 0.4900
10.7941 67.4969 -0.9314 -14.1468 0.0119 0.8729 -0.0094 0.4877
10.8980 68.3624 -0.9803 -14.6564 0.0117 0.8744 -0.0102 0.4850
11.0017 69.1804 -1.0250 -15.1518 0.0116 0.8755 -0.0110 0.4829
11.1054 69.9940 -1.0908 -15.6712 0.0111 0.8764 -0.0106 0.4813
11.2091 70.8253 -1.1334 -16.2259 0.0099 0.8773 -0.0065 0.4799
11.3129 71.6366 -1.1534 -16.7314 0.0081 0.8778 -0.0018 0.4789
11.4166 72.4522 -1.1774 -17.2595 0.0077 0.8784 -0.0001 0.4778
11.5204 73.2602 -1.2302 -17.7667 0.0084 0.8786 -0.0028 0.4775
11.6240 74.0585 -1.2844 -18.2938 0.0097 0.8790 -0.0054 0.4766
11.7278 74.8642 -1.3053 -18.8211 0.0134 0.8792 -0.0048 0.4763
11.8315 75.6577 -1.3432 -19.3425 0.0147 0.8791 -0.0035 0.4765
11.9353 76.4290 -1.3853 -19.8644 0.0137 0.8790 -0.0021 0.4766
12.0389 77.2567 -1.4131 -20.3747 0.0117 0.8788 -0.0006 0.4771
12.1426 78.0408 -1.4389 -20.8785 0.0097 0.8786 0.0017 0.4775
12.2464 78.8770 -1.4630 -21.4097 0.0053 0.8785 0.0006 0.4778
12.3501 79.6688 -1.4937 -21.8747 0.0014 0.8779 -0.0012 0.4788
12.4539 80.4899 -1.5136 -22.3895 0.0026 0.8774 0.0002 0.4797
12.5576 81.2755 -1.5360 -22.9073 0.0048 0.8765 0.0013 0.4813
12.6614 82.0471 -1.5655 -23.3895 0.0057 0.8751 0.0001 0.4838
12.7651 82.8454 -1.5855 -23.8646 0.0081 0.8729 0.0018 0.4878
12.8688 83.6401 -1.6234 -24.3519 0.0111 0.8705 0.0043 0.4921
12.9724 84.4189 -1.6319 -24.8162 0.0108 0.8677 0.0038 0.4970
13.0762 85.2624 -1.6551 -25.2810 0.0087 0.8644 0.0032 0.5027
13.1799 86.0566 -1.6839 -25.7341 0.0082 0.8612 0.0053 0.5082
13.2837 86.8656 -1.7048 -26.1478 0.0078 0.8579 0.0057 0.5137
13.3874 87.7196 -1.7195 -26.5570 0.0075 0.8544 0.0059 0.5196
13.4911 88.5403 -1.7331 -26.9709 0.0093 0.8508 0.0067 0.5253
13.5949 89.3858 -1.7700 -27.3694 0.0095 0.8472 0.0050 0.5311
13.6988 90.2146 -1.7822 -27.7560 0.0131 0.8439 0.0014 0.5363
13.8025 91.0369 -1.8130 -28.1132 0.0149 0.8402 -0.0006 0.5421
13.9063 91.8875 -1.8335 -28.5080 0.0132 0.8365 -0.0003 0.5478
14.0100 92.7296 -1.8918 -28.8231 0.0119 0.8331 0.0017 0.5531
14.1138 93.5628 -1.9131 -29.1677 0.0112 0.8299 0.0002 0.5578
14.2176 94.4310 -1.9328 -29.4975 0.0117 0.8278 -0.0036 0.5608
14.3215 95.2591 -1.9694 -29.8112 0.0115 0.8263 -0.0087 0.5631
14.4254 96.0998 -2.0162 -30.1175 0.0115 0.8253 -0.0109 0.5644
14.5293 96.9564 -2.0545 -30.4500 0.0110 0.8242 -0.0113 0.5661
14.6331 97.8198 -2.1106 -30.7504 0.0107 0.8227 -0.0115 0.5682
14.7369 98.6404 -2.1562 -31.0559 0.0091 0.8210 -0.0106 0.5708
14.8408 99.5178 -2.2083 -31.3901 0.0071 0.8194 -0.0092 0.5731
14.9445 100.3658 -2.2444 -31.6671 0.0065 0.8177 -0.0084 0.5755
15.0483 101.2181 -2.2889 -31.9578 0.0040 0.8159 -0.0102 0.5781
15.1520 102.0631 -2.3151 -32.2068 0.0006 0.8140 -0.0145 0.5807
15.2558 102.9119 -2.3591 -32.4891 0.0026 0.8119 -0.0149 0.5836
15.3595 103.8048 -2.4072 -32.7696 0.0042 0.8096 -0.0156 0.5867
15.4633 104.6100 -2.4443 -33.0361 0.0027 0.8078 -0.0157 0.5892
15.5671 105.4677 -2.4653 -33.2886 0.0028 0.8056 -0.0130 0.5923
15.6709 106.3145 -2.4996 -33.5147 0.0025 0.8034 -0.0113 0.5953
15.7746 107.1951 -2.5505 -33.7795 0.0017 0.8013 -0.0140 0.5981
15.8784 108.0739 -2.5951 -34.0337 0.0025 0.7993 -0.0153 0.6007
15.9822 108.9186 -2.6136 -34.2533 0.0031 0.7973 -0.0157 0.6034
16.0861 109.8131 -2.6591 -34.4978 0.0026 0.7950 -0.0152 0.6065
16.1898 110.6648 -2.7052 -34.7233 0.0029 0.7926 -0.0145 0.6096
16.2935 111.5084 -2.7567 -34.9248 0.0046 0.7900 -0.0131 0.6129
16.3973 112.3532 -2.7936 -35.1445 0.0056 0.7880 -0.0123 0.6155
16.5010 113.2138 -2.8220 -35.3204 0.0036 0.7859 -0.0141 0.6182
16.6048 114.0986 -2.8633 -35.5263 0.0015 0.7840 -0.0154 0.6205
16.7086 114.9661 -2.9126 -35.7264 0.0017 0.7826 -0.0149 0.6223
16.8124 115.8430 -2.9468 -35.9125 0.0030 0.7812 -0.0137 0.6242
16.9162 116.7213 -2.9735 -36.1140 0.0039 0.7795 -0.0139 0.6262
17.0200 117.5522 -3.0179 -36.2834 0.0050 0.7778 -0.0116 0.6284
17.1238 118.4780 -3.0664 -36.4673 0.0070 0.7762 -0.0080 0.6305
17.2275 119.3245 -3.1030 -36.6570 0.0074 0.7744 -0.0067 0.6326
17.3314 120.1951 -3.1469 -36.8154 0.0077 0.7731 -0.0076 0.6342
17.4351 121.0597 -3.1752 -36.9728 0.0071 0.7719 -0.0093 0.6356
17.5390 121.9514 -3.2185 -37.1443 0.0068 0.7713 -0.0095 0.6364
17.6429 122.7785 -3.2514 -37.2844 0.0064 0.7710 -0.0093 0.6368
17.7466 123.6924 -3.2804 -37.4653 0.0048 0.7706 -0.0077 0.6372
17.8505 124.5789 -3.3244 -37.6196 0.0033 0.7703 -0.0057 0.6376
17.9543 125.4348 -3.3542 -37.7729 0.0036 0.7700 -0.0035 0.6380
18.0581 126.2962 -3.3762 -37.9284 0.0047 0.7697 -0.0058 0.6384
18.1619 127.1326 -3.4277 -38.0909 0.0052 0.7697 -0.0081 0.6384
18.2658 127.9511 -3.4459 -38.2339 0.0060 0.7698 -0.0072 0.6382
18.3696 128.8114 -3.4730 -38.3825 0.0051 0.7695 -0.0079 0.6386
18.4734 129.6799 -3.5075 -38.5574 0.0065 0.7692 -0.0057 0.6389
18.5772 130.5473 -3.5554 -38.7156 0.0057 0.7689 -0.0084 0.6392
18.6810 131.3844 -3.5790 -38.8485 0.0041 0.7689 -0.0118 0.6393
18.7849 132.2474 -3.6237 -38.9605 0.0031 0.7687 -0.0138 0.6394
18.8885 133.0810 -3.6655 -39.1224 0.0049 0.7686 -0.0147 0.6396
18.9924 133.9142 -3.7023 -39.2720 0.0058 0.7685 -0.0145 0.6396
19.0960 134.7182 -3.7559 -39.4210 0.0062 0.7678 -0.0150 0.6404
19.1999 135.5425 -3.7833 -39.5742 0.0079 0.7672 -0.0123 0.6412
19.3035 136.3716 -3.8239 -39.7069 0.0085 0.7664 -0.0093 0.6423
19.4074 137.1794 -3.8644 -39.8803 0.0076 0.7657 -0.0060 0.6432
19.5112 137.9856 -3.8982 -40.0041 0.0085 0.7645 -0.0045 0.6446
19.6148 138.7460 -3.9377 -40.1385 0.0106 0.7629 -0.0065 0.6464
19.7184 139.4940 -3.9653 -40.2665 0.0124 0.7610 -0.0069 0.6487
19.8221 140.3087 -4.0145 -40.3796 0.0108 0.7583 -0.0089 0.6518
19.9257 141.1406 -4.0263 -40.4963 0.0121 0.7550 -0.0045 0.6556
20.0294 141.9195 -4.0651 -40.5845 0.0151 0.7509 -0.0002 0.6602
20.1329 142.7127 -4.1117 -40.6805 0.0134 0.7465 -0.0033 0.6652
20.2366 143.5253 -4.1607 -40.7560 0.0136 0.7416 -0.0037 0.6707
20.3404 144.3130 -4.1837 -40.8264 0.0154 0.7368 -0.0021 0.6759
20.4440 145.1150 -4.2202 -40.8806 0.0167 0.7323 -0.0018 0.6807
20.5478 145.8787 -4.2617 -40.9122 0.0176 0.7276 -0.0051 0.6858
20.6515 146.6513 -4.3032 -40.9383 0.0184 0.7231 -0.0107 0.6904
20.7553 147.4142 -4.3563 -40.9064 0.0191 0.7183 -0.0163 0.6952
20.8591 148.1564 -4.4001 -40.9238 0.0191 0.7135 -0.0173 0.7001
20.9629 148.9299 -4.4514 -40.9057 0.0168 0.7096 -0.0166 0.7042
21.0668 149.7371 -4.4995 -40.8972 0.0169 0.7058 -0.0148 0.7080
21.1706 150.4716 -4.5758 -40.8696 0.0177 0.7023 -0.0180 0.7115
21.2745 151.2176 -4.6104 -40.8464 0.0178 0.6998 -0.0240 0.7137
21.3785 151.9830 -4.6558 -40.8278 0.0184 0.6986 -0.0261 0.7148
21.4825 152.7216 -4.7067 -40.7973 0.0165 0.6986 -0.0249 0.7149
21.5864 153.4949 -4.7993 -40.7717 0.0142 0.6993 -0.0233 0.7143
21.6904 154.2113 -4.8316 -40.7740 0.0135 0.7005 -0.0223 0.7132
21.7943 154.9861 -4.8828 -40.7314 0.0151 0.7015 -0.0211 0.7122
21.8983 155.7240 -4.9430 -40.7371 0.0150 0.7028 -0.0212 0.7109
22.0022 156.4785 -5.0096 -40.7508 0.0142 0.7046 -0.0207 0.7091
22.1061 157.2060 -5.0468 -40.7264 0.0135 0.7064 -0.0220 0.7074
22.2101 157.9495 -5.0808 -40.7322 0.0121 0.7084 -0.0221 0.7053
22.3139 158.6596 -5.1594 -40.7259 0.0119 0.7107 -0.0198 0.7032
22.4178 159.3905 -5.2052 -40.7250 0.0110 0.7126 -0.0207 0.7012
22.5215 160.1457 -5.2326 -40.7518 0.0118 0.7145 -0.0209 0.6992
22.6254 160.8571 -5.2952 -40.7534 0.0114 0.7160 -0.0231 0.6976
22.7292 161.6276 -5.3529 -40.7893 0.0121 0.7166 -0.0239 0.6970
22.8329 162.3154 -5.3890 -40.8090 0.0146 0.7172 -0.0223 0.6964
22.9365 163.0460 -5.4264 -40.8122 0.0152 0.7171 -0.0209 0.6964
23.0401 163.7328 -5.4670 -40.8328 0.0155 0.7159 -0.0178 0.6978
23.1438 164.4249 -5.5429 -40.8533 0.0146 0.7133 -0.0186 0.7005
23.2474 165.1459 -5.5771 -40.8452 0.0155 0.7095 -0.0183 0.7043
23.3510 165.8225 -5.6248 -40.8202 0.0167 0.7045 -0.0171 0.7093
23.4547 166.5179 -5.6694 -40.8110 0.0159 0.6991 -0.0164 0.7146
23.5583 167.2059 -5.7284 -40.7643 0.0126 0.6932 -0.0162 0.7205
23.6620 167.8824 -5.7587 -40.7186 0.0095 0.6873 -0.0150 0.7262
23.7657 168.5759 -5.7963 -40.6414 0.0067 0.6811 -0.0128 0.7320
23.8694 169.2441 -5.8212 -40.5745 0.0047 0.6745 -0.0090 0.7382
23.9730 169.9233 -5.8494 -40.5036 0.0026 0.6684 -0.0067 0.7438
24.0768 170.5551 -5.8778 -40.4025 0.0022 0.6615 -0.0051 0.7499
24.1805 171.1907 -5.8924 -40.2839 0.0016 0.6549 -0.0056 0.7557
24.2842 171.8563 -5.9093 -40.1690 0.0008 0.6483 -0.0059 0.7614
24.3879 172.5015 -5.9240 -40.0491 -0.0015 0.6418 -0.0076 0.7668
24.4916 173.1429 -5.9526 -39.8978 -0.0047 0.6362 -0.0077 0.7715
24.5954 173.7713 -5.9667 -39.7552 -0.0038 0.6314 -0.0041 0.7755
24.6993 174.3701 -5.9811 -39.6215 -0.0030 0.6271 -0.0022 0.7790
24.8031 174.9808 -5.9960 -39.4485 -0.0037 0.6230 -0.0047 0.7822
24.9068 175.5758 -6.0300 -39.3157 -0.0028 0.6194 -0.0086 0.7850
25.0105 176.1603 -6.0381 -39.1503 0.0013 0.6156 -0.0119 0.7879
25.1143 176.7616 -6.0373 -39.0061 0.0056 0.6122 -0.0126 0.7906
25.2180 177.3453 -6.0728 -38.8340 0.0054 0.6095 -0.0119 0.7927
25.3218 177.9595 -6.0706 -38.6404 0.0017 0.6072 -0.0099 0.7945
25.4255 178.5669 -6.1194 -38.4688 -0.0044 0.6054 -0.0079 0.7959
25.5294 179.1735 -6.1396 -38.2844 -0.0087 0.6047 -0.0059 0.7964
25.6332 179.7737 -6.1550 -38.1193 -0.0076 0.6043 -0.0043 0.7967
25.7370 180.3648 -6.1488 -37.9541 -0.0054 0.6036 -0.0041 0.7973
25.8408 180.9918 -6.1541 -37.7840 -0.0044 0.6030 -0.0032 0.7977
25.9445 181.5973 -6.1461 -37.6029 -0.0053 0.6023 -0.0029 0.7983
26.0481 182.2134 -6.1694 -37.4060 -0.0073 0.6013 -0.0018 0.7990
26.1519 182.8232 -6.1735 -37.2329 -0.0093 0.5999 -0.0000 0.8000
26.2555 183.4801 -6.1883 -37.0281 -0.0100 0.5981 0.0013 0.8014
26.3591 184.0468 -6.1804 -36.8462 -0.0100 0.5956 0.0024 0.8032
26.4628 184.6906 -6.1827 -36.6377 -0.0109 0.5921 0.0037 0.8058
26.5666 185.3342 -6.1766 -36.4370 -0.0113 0.5881 0.0046 0.8087
26.6703 185.9239 -6.1887 -36.2113 -0.0107 0.5833 0.0043 0.8121
26.7739 186.5480 -6.1775 -36.0030 -0.0099 0.5784 0.0025 0.8157
26.8777 187.1592 -6.1806 -35.7696 -0.0090 0.5734 0.0010 0.8193
26.9813 187.7695 -6.1703 -35.5157 -0.0083 0.5683 0.0013 0.8228
27.0850 188.3908 -6.1778 -35.2699 -0.0095 0.5632 0.0022 0.8263
27.1888 189.0135 -6.1803 -34.9944 -0.0102 0.5584 0.0029 0.8295
27.2925 189.6414 -6.1780 -34.7091 -0.0114 0.5533 0.0023 0.8329
27.3963 190.2449 -6.1552 -34.4232 -0.0135 0.5491 0.0016 0.8357
27.5000 190.9129 -6.1612 -34.1326 -0.0152 0.5456 -0.0002 0.8379
27.6039 191.5397 -6.1485 -33.8335 -0.0160 0.5437 0.0007 0.8391
27.7078 192.1907 -6.1524 -33.5381 -0.0166 0.5427 0.0031 0.8397
27.8117 192.8357 -6.1417 -33.2614 -0.0146 0.5425 0.0037 0.8399
27.9155 193.5047 -6.1333 -32.9519 -0.0138 0.5430 0.0042 0.8396
28.0194 194.1633 -6.1221 -32.6589 -0.0116 0.5433 0.0048 0.8394
28.1233 194.8343 -6.1006 -32.3521 -0.0113 0.5433 0.0058 0.8394
28.2272 195.5225 -6.0922 -32.0448 -0.0121 0.5437 0.0085 0.8391
28.3309 196.1954 -6.0942 -31.7371 -0.0133 0.5442 0.0099 0.8388
28.4348 196.8858 -6.0823 -31.4348 -0.0139 0.5449 0.0108 0.8383
28.5387 197.5794 -6.0660 -31.1263 -0.0144 0.5457 0.0109 0.8378
28.6424 198.2561 -6.0555 -30.8100 -0.0150 0.5464 0.0107 0.8373
28.7462 198.9601 -6.0463 -30.5072 -0.0148 0.5473 0.0101 0.8367
28.8499 199.6520 -6.0383 -30.2091 -0.0133 0.5477 0.0094 0.8365
28.9538 200.3218 -6.0432 -29.9201 -0.0110 0.5480 0.0071 0.8364
29.0575 200.9800 -6.0226 -29.6170 -0.0103 0.5486 0.0057 0.8360
29.1613 201.6858 -6.0226 -29.3029 -0.0117 0.5491 0.0064 0.8356
29.2649 202.3794 -6.0154 -29.0051 -0.0142 0.5497 0.0069 0.8352
29.3686 203.0618 -6.0147 -28.7071 -0.0153 0.5511 0.0057 0.8343
29.4725 203.7371 -6.0042 -28.4111 -0.0165 0.5530 0.0045 0.8330
29.5763 204.4257 -5.9978 -28.1159 -0.0172 0.5561 0.0045 0.8309
29.6802 205.1356 -5.9778 -27.8518 -0.0169 0.5599 0.0050 0.8284
29.7839 205.8113 -5.9781 -27.5915 -0.0152 0.5642 0.0058 0.8255
29.8878 206.4774 -5.9813 -27.3243 -0.0145 0.5690 0.0041 0.8222
29.9917 207.2018 -5.9564 -27.0618 -0.0150 0.5742 0.0037 0.8186
30.0955 207.8914 -5.9366 -26.8348 -0.0162 0.5787 0.0074 0.8153
30.1993 208.6223 -5.9337 -26.6050 -0.0182 0.5823 0.0107 0.8127
30.3030 209.3233 -5.9195 -26.3871 -0.0203 0.5853 0.0126 0.8104
30.4068 210.0421 -5.8913 -26.1411 -0.0228 0.5873 0.0116 0.8090
30.5104 210.7379 -5.8821 -25.8903 -0.0234 0.5883 0.0123 0.8082
30.6140 211.4403 -5.8416 -25.6760 -0.0233 0.5890 0.0127 0.8077
30.7178 212.1437 -5.8390 -25.4401 -0.0233 0.5896 0.0123 0.8073
30.8214 212.8518 -5.8055 -25.2126 -0.0233 0.5896 0.0112 0.8073
30.9252 213.5994 -5.7861 -24.9808 -0.0237 0.5894 0.0109 0.8074
31.0288 214.3016 -5.7696 -24.7299 -0.0244 0.5889 0.0113 0.8077
31.1325 215.0314 -5.7273 -24.4869 -0.0248 0.5882 0.0117 0.8083
31.2363 215.7594 -5.7115 -24.2518 -0.0237 0.5874 0.0138 0.8088
31.3401 216.5124 -5.6899 -24.0127 -0.0238 0.5861 0.0145 0.8097
31.4437 217.2385 -5.6656 -23.7578 -0.0257 0.5843 0.0137 0.8110
31.5474 217.9467 -5.6119 -23.5213 -0.0276 0.5823 0.0151 0.8124
31.6510 218.6982 -5.5830 -23.2275 -0.0294 0.5800 0.0162 0.8139
31.7548 219.4260 -5.5662 -22.9786 -0.0309 0.5779 0.0150 0.8154
31.8585 220.1576 -5.5342 -22.7066 -0.0305 0.5762 0.0137 0.8166
31.9623 220.8977 -5.5040 -22.4132 -0.0308 0.5744 0.0094 0.8180
32.0660 221.6314 -5.4681 -22.1337 -0.0308 0.5724 0.0074 0.8194
32.1696 222.3718 -5.4205 -21.8458 -0.0312 0.5704 0.0076 0.8207
32.2734 223.0989 -5.3928 -21.5716 -0.0310 0.5688 0.0068 0.8218
32.3772 223.8365 -5.3714 -21.2903 -0.0307 0.5671 0.0045 0.8231
32.4809 224.5720 -5.3528 -20.9823 -0.0305 0.5650 0.0046 0.8245
32.5845 225.2854 -5.3152 -20.6890 -0.0311 0.5632 0.0050 0.8257
32.6883 226.0504 -5.2905 -20.4001 -0.0298 0.5612 0.0065 0.8271
32.7919 226.7698 -5.2580 -20.0940 -0.0285 0.5592 0.0073 0.8285
32.8957 227.4935 -5.2364 -19.7958 -0.0285 0.5572 0.0062 0.8298
32.9994 228.2924 -5.1980 -19.4436 -0.0297 0.5553 0.0058 0.8311
33.1032 229.0227 -5.1535 -19.1398 -0.0308 0.5532 0.0050 0.8324
33.2068 229.7011 -5.1480 -18.8295 -0.0293 0.5514 0.0049 0.8337
33.3105 230.4287 -5.1419 -18.5264 -0.0267 0.5496 0.0026 0.8350
33.4143 231.1591 -5.1178 -18.1865 -0.0257 0.5483 -0.0004 0.8359
33.5182 231.8691 -5.0731 -17.8490 -0.0292 0.5467 -0.0026 0.8368
33.6218 232.6006 -5.0591 -17.5121 -0.0334 0.5457 0.0006 0.8373
33.7255 233.3247 -5.0342 -17.1917 -0.0373 0.5449 0.0058 0.8377
33.8293 234.0644 -4.9842 -16.8699 -0.0410 0.5441 0.0089 0.8380
33.9331 234.7708 -4.9391 -16.5546 -0.0418 0.5432 0.0108 0.8385
34.0367 235.4839 -4.9116 -16.2247 -0.0410 0.5420 0.0074 0.8393
34.1404 236.2020 -4.8778 -15.9002 -0.0382 0.5403 0.0053 0.8406
34.2440 236.9488 -4.8405 -15.5520 -0.0366 0.5380 0.0031 0.8421
34.3478 237.6555 -4.8042 -15.1910 -0.0348 0.5360 0.0041 0.8435
34.4515 238.3833 -4.7555 -14.8505 -0.0333 0.5343 0.0037 0.8446
34.5552 239.0799 -4.7402 -14.5170 -0.0335 0.5327 0.0043 0.8457
34.6589 239.8315 -4.7048 -14.1544 -0.0352 0.5309 0.0063 0.8467
34.7625 240.5301 -4.6628 -13.8043 -0.0370 0.5295 0.0091 0.8475
34.8663 241.2666 -4.6197 -13.4376 -0.0385 0.5285 0.0121 0.8480
34.9700 241.9807 -4.5737 -13.0690 -0.0407 0.5274 0.0134 0.8485
35.0739 242.7295 -4.5044 -12.7098 -0.0422 0.5267 0.0171 0.8488
35.1776 243.4540 -4.4533 -12.3401 -0.0428 0.5260 0.0172 0.8492
35.2813 244.1661 -4.4192 -11.9651 -0.0417 0.5250 0.0121 0.8500
35.3850 244.8757 -4.3815 -11.6166 -0.0367 0.5246 0.0068 0.8505
35.4887 245.5993 -4.3232 -11.2183 -0.0330 0.5246 0.0033 0.8507
35.5924 246.3318 -4.2983 -10.8549 -0.0340 0.5245 0.0040 0.8507
35.6962 247.0568 -4.2439 -10.4918 -0.0364 0.5245 0.0064 0.8506
35.7998 247.7998 -4.2199 -10.1270 -0.0369 0.5238 0.0070 0.8510
35.9035 248.4895 -4.1730 -9.7541 -0.0355 0.5234 0.0081 0.8513
36.0072 249.2184 -4.1398 -9.3853 -0.0348 0.5225 0.0092 0.8519
36.1109 249.9778 -4.0949 -8.9817 -0.0364 0.5217 0.0110 0.8523
36.2145 250.6892 -4.0419 -8.6311 -0.0379 0.5215 0.0116 0.8523
36.3183 251.3848 -4.0041 -8.2630 -0.0386 0.5209 0.0105 0.8527
36.4220 252.1161 -3.9823 -7.8865 -0.0367 0.5205 0.0095 0.8530
36.5258 252.8470 -3.9339 -7.5148 -0.0359 0.5197 0.0092 0.8535
36.6295 253.5587 -3.8938 -7.1252 -0.0359 0.5190 0.0108 0.8539
36.7333 254.3091 -3.8389 -6.7349 -0.0370 0.5172 0.0117 0.8550
36.8370 254.9969 -3.7946 -6.3486 -0.0378 0.5156 0.0123 0.8559
36.9408 255.7254 -3.7504 -5.9566 -0.0369 0.5138 0.0135 0.8570
37.0445 256.4667 -3.7122 -5.5477 -0.0368 0.5116 0.0125 0.8583
37.1483 257.1554 -3.6738 -5.1678 -0.0368 0.5093 0.0095 0.8597
37.2520 257.8901 -3.6300 -4.7267 -0.0348 0.5066 0.0089 0.8614
37.3557 258.5792 -3.5976 -4.3128 -0.0327 0.5034 0.0098 0.8634
37.4594 259.3159 -3.5528 -3.8967 -0.0314 0.4992 0.0111 0.8659
37.5630 260.0076 -3.5218 -3.4762 -0.0299 0.4943 0.0138 0.8687
37.6667 260.7122 -3.4862 -3.0294 -0.0294 0.4877 0.0146 0.8724
37.7703 261.3995 -3.4439 -2.6016 -0.0302 0.4809 0.0146 0.8761
37.8740 262.0751 -3.4027 -2.1493 -0.0318 0.4741 0.0170 0.8797
37.9778 262.7732 -3.3612 -1.6460 -0.0335 0.4674 0.0180 0.8832
38.0815 263.4411 -3.3229 -1.1655 -0.0346 0.4616 0.0167 0.8863
38.1853 264.0938 -3.2796 -0.6765 -0.0352 0.4568 0.0130 0.8888
38.2892 264.7350 -3.2165 -0.1809 -0.0350 0.4535 0.0104 0.8905
38.3932 265.3985 -3.1844 0.3096 -0.0364 0.4523 0.0073 0.8911
38.4972 266.0388 -3.1485 0.7778 -0.0373 0.4540 0.0037 0.8902
38.6012 266.7105 -3.1170 1.2808 -0.0369 0.4579 -0.0003 0.8882
38.7052 267.3796 -3.0699 1.7576 -0.0359 0.4629 -0.0033 0.8857
38.8093 268.0492 -3.0416 2.2058 -0.0340 0.4686 -0.0019 0.8828
38.9133 268.7348 -3.0180 2.6567 -0.0341 0.4741 0.0002 0.8798
39.0172 269.4523 -2.9772 3.1342 -0.0354 0.4793 -0.0014 0.8769
39.1212 270.1307 -2.9528 3.5448 -0.0353 0.4840 -0.0002 0.8744
39.2250 270.8394 -2.9343 3.9626 -0.0343 0.4884 0.0000 0.8720
39.3289 271.5499 -2.8921 4.3819 -0.0325 0.4926 0.0010 0.8697
39.4327 272.2574 -2.8646 4.8184 -0.0324 0.4966 -0.0005 0.8674
39.5364 272.9724 -2.8384 5.2180 -0.0339 0.4998 -0.0010 0.8655
39.6402 273.6717 -2.7957 5.6589 -0.0360 0.5024 -0.0007 0.8639
39.7438 274.3918 -2.7554 6.0505 -0.0395 0.5046 -0.0001 0.8625
39.8476 275.1379 -2.7157 6.4681 -0.0411 0.5068 0.0004 0.8611
39.9513 275.8801 -2.6800 6.8903 -0.0411 0.5084 -0.0010 0.8602
40.0550 276.5622 -2.6334 7.2739 -0.0387 0.5095 -0.0041 0.8596
40.1587 277.2747 -2.6301 7.6847 -0.0346 0.5105 -0.0085 0.8591
40.2624 278.0281 -2.6110 8.0933 -0.0316 0.5109 -0.0106 0.8590
40.3662 278.7622 -2.5719 8.4982 -0.0319 0.5117 -0.0115 0.8585
40.4699 279.5059 -2.5318 8.9188 -0.0338 0.5121 -0.0114 0.8582
40.5735 280.2325 -2.5217 9.3156 -0.0343 0.5125 -0.0096 0.8579
40.6773 280.9924 -2.4979 9.7241 -0.0344 0.5119 -0.0081 0.8583
40.7810 281.7429 -2.4652 10.1321 -0.0353 0.5111 -0.0066 0.8588
40.8848 282.4840 -2.4363 10.5351 -0.0352 0.5096 -0.0059 0.8597
40.9884 283.2345 -2.4068 10.9680 -0.0354 0.5078 -0.0059 0.8607
41.0922 283.9753 -2.3904 11.3843 -0.0361 0.5059 -0.0069 0.8618
41.1958 284.7389 -2.3413 11.8327 -0.0364 0.5041 -0.0075 0.8628
41.2994 285.5057 -2.3070 12.2790 -0.0354 0.5021 -0.0079 0.8641
41.4032 286.2282 -2.2952 12.7092 -0.0333 0.5001 -0.0073 0.8653
41.5068 286.9980 -2.2705 13.1586 -0.0313 0.4972 -0.0078 0.8671
41.6105 287.7510 -2.2480 13.6166 -0.0303 0.4939 -0.0080 0.8689
41.7142 288.4895 -2.2227 14.0924 -0.0307 0.4901 -0.0075 0.8711
41.8179 289.2373 -2.1791 14.5557 -0.0335 0.4866 -0.0068 0.8730
41.9215 289.9811 -2.1414 15.0304 -0.0368 0.4831 -0.0059 0.8748
42.0253 290.7295 -2.1063 15.5234 -0.0411 0.4798 -0.0066 0.8764
42.1289 291.4857 -2.0628 16.0188 -0.0429 0.4759 -0.0061 0.8784
42.2327 292.2278 -2.0308 16.5305 -0.0418 0.4719 -0.0068 0.8806
42.3363 292.9568 -1.9900 17.0404 -0.0381 0.4679 -0.0078 0.8829
42.4400 293.7119 -1.9519 17.5717 -0.0344 0.4638 -0.0097 0.8852
42.5438 294.4563 -1.9250 18.0925 -0.0304 0.4602 -0.0092 0.8872
42.6474 295.2086 -1.9036 18.6166 -0.0268 0.4563 -0.0080 0.8894
42.7512 295.9415 -1.8964 19.1574 -0.0260 0.4527 -0.0046 0.8913
42.8548 296.6702 -1.8682 19.7180 -0.0275 0.4487 -0.0014 0.8932
42.9585 297.4059 -1.8396 20.2619 -0.0296 0.4447 0.0026 0.8952
43.0623 298.1469 -1.8033 20.8278 -0.0313 0.4406 0.0043 0.8972
43.1661 298.8592 -1.7662 21.4354 -0.0320 0.4371 0.0051 0.8988
43.2698 299.5881 -1.7292 22.0387 -0.0333 0.4335 0.0032 0.9005
43.3736 300.3051 -1.6783 22.6184 -0.0350 0.4298 0.0017 0.9023
43.4773 301.0146 -1.6205 23.2384 -0.0357 0.4273 0.0038 0.9034
43.5810 301.7226 -1.5814 23.8576 -0.0352 0.4247 0.0038 0.9046
43.6849 302.4603 -1.5563 24.4644 -0.0332 0.4224 0.0037 0.9058
43.7887 303.1774 -1.5062 25.0664 -0.0309 0.4194 0.0024 0.9073
43.8924 303.9082 -1.4828 25.6886 -0.0311 0.4167 0.0027 0.9085
43.9961 304.5935 -1.4233 26.3361 -0.0337 0.4144 0.0021 0.9095
44.1000 305.2964 -1.3743 26.9650 -0.0363 0.4121 0.0033 0.9104
44.2036 306.0055 -1.3410 27.6061 -0.0363 0.4092 0.0026 0.9117
44.3073 306.7106 -1.2853 28.2418 -0.0344 0.4069 0.0011 0.9128
44.4110 307.3963 -1.2654 28.8982 -0.0323 0.4043 -0.0008 0.9141
44.5148 308.1095 -1.2168 29.5319 -0.0306 0.4016 0.0015 0.9153
44.6185 308.8307 -1.2007 30.1787 -0.0305 0.3990 0.0037 0.9164
44.7223 309.5046 -1.1510 30.8373 -0.0291 0.3966 0.0070 0.9175
44.8262 310.1802 -1.1332 31.5199 -0.0286 0.3934 0.0082 0.9189
44.9298 310.8741 -1.0897 32.1663 -0.0275 0.3905 0.0111 0.9201
45.0335 311.5634 -1.0456 32.8080 -0.0285 0.3880 0.0108 0.9211
45.1373 312.2445 -1.0068 33.4889 -0.0291 0.3859 0.0104 0.9220
45.2410 312.9028 -0.9922 34.1653 -0.0284 0.3835 0.0104 0.9231
45.3448 313.5472 -0.9143 34.8446 -0.0284 0.3810 0.0097 0.9241
45.4485 314.2189 -0.9116 35.5405 -0.0279 0.3787 0.0115 0.9250
45.5523 314.8816 -0.8535 36.2096 -0.0289 0.3754 0.0115 0.9264
45.6562 315.5354 -0.8265 36.9135 -0.0276 0.3731 0.0116 0.9273
45.7599 316.1643 -0.7790 37.5695 -0.0270 0.3705 0.0132 0.9283
45.8637 316.8189 -0.7428 38.2660 -0.0286 0.3681 0.0129 0.9293
45.9674 317.4486 -0.6906 38.9713 -0.0304 0.3665 0.0116 0.9298
46.0713 318.0554 -0.6652 39.6684 -0.0322 0.3650 0.0095 0.9304
46.1750 318.6879 -0.6001 40.3581 -0.0346 0.3635 0.0118 0.9309
46.2788 319.3389 -0.5663 41.0606 -0.0348 0.3624 0.0112 0.9313
46.3827 319.9410 -0.5293 41.7393 -0.0317 0.3614 0.0123 0.9318
46.4865 320.5915 -0.4963 42.4502 -0.0287 0.3608 0.0093 0.9321
46.5904 321.2134 -0.4445 43.1683 -0.0283 0.3612 0.0099 0.9320
46.6942 321.8245 -0.4018 43.8554 -0.0297 0.3618 0.0094 0.9318
46.7981 322.4535 -0.3750 44.5555 -0.0314 0.3624 0.0119 0.9314
46.9019 323.1087 -0.3239 45.2500 -0.0324 0.3639 0.0116 0.9308
47.0058 323.7441 -0.2770 45.9556 -0.0323 0.3665 0.0113 0.9298
47.1097 324.3972 -0.2503 46.6620 -0.0314 0.3693 0.0085 0.9287
47.2136 325.0686 -0.1958 47.3656 -0.0295 0.3726 0.0076 0.9275
47.3174 325.7288 -0.1624 48.0517 -0.0287 0.3762 0.0066 0.9261
47.4212 326.4013 -0.1075 48.7360 -0.0289 0.3801 0.0065 0.9245
47.5251 327.0898 -0.0888 49.4094 -0.0292 0.3836 0.0068 0.9230
47.6288 327.7716 -0.0355 50.0787 -0.0313 0.3874 0.0057 0.9214
47.7327 328.4674 0.0004 50.7750 -0.0346 0.3917 0.0063 0.9194
47.8364 329.1700 0.0750 51.4399 -0.0371 0.3957 0.0067 0.9176
47.9402 329.8683 0.1078 52.1304 -0.0370 0.4000 0.0049 0.9158
48.0439 330.5643 0.1433 52.7765 -0.0343 0.4033 0.0027 0.9144
48.1477 331.2771 0.1843 53.4091 -0.0316 0.4070 0.0022 0.9129
48.2514 332.0312 0.2270 54.0815 -0.0313 0.4103 0.0032 0.9114
48.3550 332.7653 0.2671 54.7253 -0.0321 0.4134 0.0033 0.9100
48.4588 333.5074 0.3240 55.3658 -0.0327 0.4162 0.0035 0.9087
48.5626 334.2513 0.3572 56.0075 -0.0336 0.4188 0.0040 0.9075
48.6662 334.9996 0.4064 56.6644 -0.0346 0.4213 0.0036 0.9062
48.7699 335.7712 0.4529 57.2960 -0.0357 0.4237 0.0029 0.9051
48.8736 336.5367 0.5046 57.9664 -0.0363 0.4261 0.0014 0.9039
48.9773 337.2961 0.5502 58.5847 -0.0367 0.4282 0.0007 0.9029
49.0809 338.0703 0.5891 59.2374 -0.0370 0.4303 -0.0002 0.9019
49.1847 338.8567 0.6398 59.8743 -0.0370 0.4323 -0.0005 0.9010
49.2883 339.6477 0.6721 60.4980 -0.0373 0.4343 -0.0007 0.9000
49.3920 340.4418 0.7263 61.1353 -0.0376 0.4358 -0.0013 0.8993
49.4958 341.2187 0.7741 61.7562 -0.0378 0.4377 -0.0010 0.8983
49.5994 342.0109 0.8132 62.3758 -0.0389 0.4390 -0.0021 0.8977
49.7032 342.8291 0.8738 63.0189 -0.0395 0.4411 -0.0014 0.8966
49.8068 343.6037 0.9096 63.6139 -0.0394 0.4427 -0.0017 0.8958
49.9106 344.3990 0.9468 64.2266 -0.0388 0.4443 -0.0025 0.8950
50.0142 345.2168 0.9982 64.8534 -0.0383 0.4454 -0.0024 0.8945
50.1180 346.0266 1.0556 65.4592 -0.0395 0.4460 0.0001 0.8941
50.2216 346.8482 1.1137 66.0691 -0.0416 0.4463 0.0041 0.8939
50.3253 347.6401 1.1759 66.6725 -0.0438 0.4468 0.0056 0.8936
50.4290 348.4521 1.2347 67.2897 -0.0428 0.4470 0.0065 0.8935
50.5327 349.2552 1.2807 67.8869 -0.0396 0.4474 0.0058 0.8934
50.6365 350.0430 1.3231 68.4902 -0.0369 0.4481 0.0041 0.8932
50.7402 350.8590 1.3714 69.0979 -0.0350 0.4485 0.0048 0.8931
50.8440 351.6902 1.4270 69.7360 -0.0350 0.4490 0.0059 0.8928
50.9476 352.4736 1.4692 70.3122 -0.0358 0.4497 0.0086 0.8924
51.0512 353.3099 1.5251 70.9174 -0.0371 0.4499 0.0105 0.8922
51.1549 354.1329 1.5900 71.5286 -0.0386 0.4502 0.0114 0.8920
51.2586 354.9169 1.6430 72.1207 -0.0384 0.4502 0.0118 0.8920
51.3623 355.7511 1.6981 72.7350 -0.0376 0.4504 0.0116 0.8920
51.4659 356.5732 1.7341 73.3269 -0.0361 0.4503 0.0119 0.8921
51.5697 357.3744 1.8011 73.9365 -0.0358 0.4503 0.0127 0.8921
51.6733 358.1612 1.8642 74.5234 -0.0359 0.4504 0.0158 0.8920
51.7769 358.9717 1.9153 75.1092 -0.0353 0.4505 0.0178 0.8919
51.8807 359.7982 1.9768 75.7427 -0.0353 0.4508 0.0166 0.8918
51.9843 360.6323 2.0190 76.3464 -0.0349 0.4511 0.0156 0.8916
52.0881 361.4100 2.0874 76.9244 -0.0351 0.4511 0.0157 0.8916
52.1917 362.2502 2.1416 77.5351 -0.0348 0.4510 0.0180 0.8916
52.2954 363.0376 2.2027 78.1407 -0.0354 0.4512 0.0184 0.8915
52.3992 363.8477 2.2447 78.7231 -0.0350 0.4508 0.0211 0.8917
52.5029 364.6480 2.3087 79.3216 -0.0347 0.4506 0.0233 0.8917
52.6067 365.4646 2.3705 79.9164 -0.0337 0.4504 0.0265 0.8918
52.7104 366.2827 2.4161 80.4977 -0.0330 0.4499 0.0295 0.8920
52.8142 367.1060 2.4981 81.1140 -0.0331 0.4494 0.0310 0.8922
52.9179 367.8957 2.5621 81.7082 -0.0334 0.4488 0.0322 0.8924
53.0217 368.6865 2.6276 82.2927 -0.0332 0.4480 0.0346 0.8927
53.1254 369.4368 2.6860 82.8623 -0.0335 0.4474 0.0346 0.8930
53.2292 370.2167 2.7653 83.4471 -0.0338 0.4466 0.0345 0.8934
53.3329 370.9700 2.8084 84.0214 -0.0339 0.4458 0.0353 0.8938
53.4365 371.7068 2.8707 84.5863 -0.0344 0.4454 0.0366 0.8939
53.5403 372.4420 2.9304 85.1683 -0.0367 0.4448 0.0374 0.8941
53.6441 373.1522 3.0036 85.6999 -0.0398 0.4446 0.0384 0.8940
53.7478 373.8479 3.0823 86.2323 -0.0434 0.4445 0.0379 0.8939
53.8516 374.5473 3.1461 86.7803 -0.0472 0.4444 0.0342 0.8939
53.9553 375.2009 3.2285 87.3111 -0.0485 0.4448 0.0325 0.8937
54.0590 375.8589 3.2832 87.8368 -0.0491 0.4452 0.0316 0.8935
54.1628 376.5149 3.3594 88.3387 -0.0510 0.4455 0.0274 0.8934
54.2666 377.1316 3.4309 88.8099 -0.0511 0.4459 0.0258 0.8933
54.3702 377.7686 3.4929 89.3177 -0.0508 0.4462 0.0245 0.8932
54.4739 378.3716 3.5599 89.7527 -0.0495 0.4464 0.0262 0.8931
54.5776 378.9828 3.6057 90.2076 -0.0494 0.4468 0.0265 0.8929
54.6813 379.5988 3.6868 90.6828 -0.0495 0.4477 0.0260 0.8924
54.7851 380.1803 3.7516 91.1511 -0.0500 0.4495 0.0257 0.8915
54.8888 380.8060 3.8369 91.5897 -0.0525 0.4521 0.0226 0.8901
54.9927 381.3887 3.8746 92.0123 -0.0522 0.4551 0.0243 0.8886
55.0964 381.9503 3.9419 92.4261 -0.0519 0.4582 0.0234 0.8870
55.2002 382.5311 3.9960 92.8457 -0.0509 0.4618 0.0209 0.8853
55.3040 383.1127 4.0556 93.2465 -0.0507 0.4651 0.0162 0.8836
55.4078 383.6948 4.1170 93.6399 -0.0501 0.4696 0.0140 0.8813
55.5117 384.2922 4.1824 94.0198 -0.0519 0.4748 0.0126 0.8785
55.6154 384.9199 4.2615 94.3963 -0.0541 0.4799 0.0135 0.8756
55.7192 385.5055 4.3229 94.7871 -0.0569 0.4849 0.0150 0.8726
55.8229 386.1482 4.3802 95.1738 -0.0586 0.4899 0.0164 0.8697
55.9267 386.7794 4.4529 95.5281 -0.0590 0.4948 0.0169 0.8668
56.0304 387.4061 4.5147 95.8861 -0.0584 0.4993 0.0173 0.8643
56.1341 388.0422 4.5764 96.2542 -0.0557 0.5033 0.0179 0.8621
56.2378 388.6883 4.6328 96.5967 -0.0524 0.5064 0.0191 0.8605
56.3416 389.3227 4.7002 96.9451 -0.0504 0.5093 0.0209 0.8588
56.4453 390.0028 4.7559 97.3094 -0.0517 0.5117 0.0240 0.8573
56.5491 390.7222 4.8605 97.6610 -0.0561 0.5141 0.0295 0.8554
56.6529 391.3982 4.9463 98.0197 -0.0638 0.5157 0.0327 0.8538
56.7567 392.0961 5.0846 98.3766 -0.0690 0.5175 0.0360 0.8521
56.8604 392.7741 5.1610 98.7420 -0.0706 0.5200 0.0376 0.8504
56.9643 393.4869 5.2480 99.0959 -0.0719 0.5226 0.0358 0.8488
57.0681 394.1622 5.3490 99.4555 -0.0715 0.5253 0.0356 0.8472
57.1719 394.8796 5.4639 99.7858 -0.0716 0.5276 0.0384 0.8456
57.2756 395.6371 5.5941 100.1521 -0.0719 0.5306 0.0421 0.8435
57.3793 396.3341 5.7024 100.4680 -0.0719 0.5332 0.0459 0.8417
57.4831 397.0897 5.8253 100.8161 -0.0721 0.5356 0.0470 0.8401
57.5868 397.7962 5.9364 101.1309 -0.0729 0.5382 0.0456 0.8384
57.6906 398.4709 6.0448 101.4469 -0.0725 0.5409 0.0462 0.8366
57.7943 399.1846 6.1529 101.7701 -0.0711 0.5441 0.0477 0.8347
57.8982 399.9041 6.2721 102.0488 -0.0716 0.5476 0.0471 0.8324
58.0019 400.6217 6.3663 102.3686 -0.0710 0.5513 0.0483 0.8299
58.1058 401.2450 6.4835 102.6363 -0.0714 0.5555 0.0476 0.8271
58.2097 401.9857 6.5858 102.9055 -0.0715 0.5601 0.0481 0.8239
58.3134 402.6526 6.7050 103.1648 -0.0704 0.5644 0.0501 0.8210
58.4173 403.2942 6.7921 103.4037 -0.0700 0.5688 0.0500 0.8179
58.5211 404.0181 6.8900 103.6599 -0.0671 0.5736 0.0492 0.8149
58.6249 404.7420 6.9850 103.9216 -0.0667 0.5791 0.0429 0.8114
58.7287 405.4179 7.0788 104.1417 -0.0652 0.5852 0.0386 0.8073
58.8327 406.0649 7.1738 104.3177 -0.0636 0.5917 0.0355 0.8028
58.9366 406.7207 7.2529 104.5330 -0.0615 0.5994 0.0353 0.7973
59.0404 407.4003 7.3488 104.6966 -0.0587 0.6081 0.0346 0.7909
59.1443 408.0932 7.4254 104.8456 -0.0548 0.6168 0.0340 0.7845
59.2482 408.8041 7.4895 104.9638 -0.0508 0.6253 0.0335 0.7780
59.3521 409.5140 7.5542 105.0776 -0.0476 0.6334 0.0339 0.7716
59.4558 410.2447 7.6214 105.1939 -0.0463 0.6407 0.0345 0.7656
59.5596 410.9538 7.6967 105.2947 -0.0472 0.6474 0.0368 0.7598
59.6633 411.7034 7.7851 105.4120 -0.0509 0.6534 0.0385 0.7543
59.7669 412.4731 7.8685 105.4914 -0.0514 0.6581 0.0440 0.7499
59.8707 413.2251 7.9559 105.5954 -0.0543 0.6618 0.0452 0.7464
59.9743 413.9771 8.0444 105.6786 -0.0555 0.6652 0.0459 0.7432
60.0781 414.7237 8.1187 105.7590 -0.0577 0.6677 0.0460 0.7408
60.1818 415.4677 8.2335 105.8425 -0.0611 0.6703 0.0451 0.7382
60.2856 416.2507 8.3504 105.9271 -0.0613 0.6733 0.0446 0.7355
60.3893 417.0026 8.4353 106.0208 -0.0616 0.6756 0.0371 0.7337
60.4931 417.7647 8.4793 106.0562 -0.0572 0.6777 0.0294 0.7325
60.5968 418.4959 8.5185 106.1140 -0.0538 0.6799 0.0235 0.7309
60.7006 419.2508 8.6101 106.1743 -0.0549 0.6808 0.0216 0.7301
60.8042 420.0742 8.7247 106.2579 -0.0606 0.6808 0.0220 0.7296
60.9080 420.8321 8.8367 106.3066 -0.0610 0.6807 0.0226 0.7297
61.0116 421.6175 8.8666 106.3601 -0.0590 0.6796 0.0162 0.7310
61.1153 422.3263 8.8901 106.4289 -0.0508 0.6786 0.0080 0.7327
61.2189 423.0699 8.9099 106.5095 -0.0462 0.6770 0.0001 0.7345
61.3227 423.8371 8.9737 106.5723 -0.0460 0.6754 0.0000 0.7360
61.4264 424.5996 9.0533 106.6400 -0.0517 0.6749 0.0020 0.7361
61.5302 425.3421 9.1072 106.7185 -0.0539 0.6736 0.0042 0.7371
61.6338 426.0848 9.1433 106.7973 -0.0517 0.6720 0.0047 0.7387
61.7376 426.8190 9.1512 106.8467 -0.0473 0.6716 0.0021 0.7394
61.8413 427.5338 9.1734 106.9216 -0.0451 0.6703 0.0005 0.7407
61.9451 428.1569 9.2156 106.9994 -0.0428 0.6697 0.0014 0.7414
62.0488 428.8319 9.2452 107.0695 -0.0395 0.6701 0.0017 0.7412
62.1526 429.5405 9.2731 107.1641 -0.0376 0.6700 -0.0004 0.7414
62.2564 430.2319 9.2890 107.2478 -0.0361 0.6708 -0.0026 0.7407
62.3601 430.8430 9.3107 107.3113 -0.0371 0.6710 -0.0054 0.7405
62.4640 431.4927 9.3180 107.3987 -0.0375 0.6737 -0.0074 0.7380
62.5679 432.1214 9.3406 107.4134 -0.0384 0.6781 -0.0098 0.7339
62.6718 432.7544 9.3453 107.4384 -0.0385 0.6841 -0.0110 0.7283
62.7758 433.4134 9.3482 107.4595 -0.0374 0.6908 -0.0110 0.7220
62.8798 434.0371 9.3668 107.4696 -0.0361 0.6976 -0.0097 0.7155
62.9837 434.6288 9.3691 107.4720 -0.0347 0.7038 -0.0092 0.7095
63.0876 435.2591 9.3781 107.4807 -0.0337 0.7102 -0.0093 0.7031
63.1914 435.8148 9.3725 107.4536 -0.0332 0.7165 -0.0091 0.6967
63.2954 436.3559 9.3788 107.4184 -0.0339 0.7229 -0.0093 0.6901
63.3993 436.8884 9.4017 107.3702 -0.0346 0.7293 -0.0096 0.6833
63.5032 437.3848 9.3946 107.3139 -0.0345 0.7357 -0.0101 0.6764
63.6071 437.8393 9.3912 107.2548 -0.0314 0.7414 -0.0107 0.6702
63.7108 438.2445 9.3699 107.1910 -0.0266 0.7468 -0.0115 0.6644
63.8147 438.6623 9.3597 107.1198 -0.0208 0.7518 -0.0137 0.6589
63.9184 439.0489 9.3446 107.0532 -0.0179 0.7559 -0.0167 0.6542
64.0222 439.4081 9.3502 107.0164 -0.0161 0.7595 -0.0194 0.6500
64.1260 439.7467 9.3364 106.9412 -0.0145 0.7626 -0.0210 0.6464
64.2297 440.0905 9.3286 106.8905 -0.0124 0.7654 -0.0203 0.6432
64.3333 440.4210 9.3179 106.8201 -0.0090 0.7677 -0.0173 0.6406
64.4371 440.6825 9.2840 106.7351 -0.0073 0.7694 -0.0152 0.6385
64.5407 440.9535 9.2918 106.6832 -0.0083 0.7711 -0.0143 0.6365
64.6444 441.2300 9.2728 106.6250 -0.0110 0.7726 -0.0155 0.6346
64.7481 441.4508 9.2895 106.5956 -0.0138 0.7738 -0.0167 0.6331
64.8517 441.7007 9.2789 106.5639 -0.0151 0.7748 -0.0173 0.6318
64.9553 441.8751 9.2645 106.5016 -0.0142 0.7755 -0.0169 0.6309
65.0591 442.0381 9.2450 106.4503 -0.0121 0.7760 -0.0161 0.6304
65.1627 442.2115 9.2398 106.4218 -0.0100 0.7764 -0.0153 0.6299
65.2663 442.3572 9.2266 106.3969 -0.0085 0.7762 -0.0158 0.6302
65.3701 442.5063 9.2257 106.3698 -0.0084 0.7757 -0.0169 0.6309
65.4737 442.6562 9.2327 106.3331 -0.0075 0.7748 -0.0153 0.6319
65.5774 442.8071 9.2129 106.3032 -0.0059 0.7736 -0.0122 0.6336
65.6811 442.9580 9.2256 106.2571 -0.0045 0.7719 -0.0095 0.6357
65.7848 443.1083 9.2111 106.2398 -0.0033 0.7706 -0.0092 0.6372
65.8886 443.2577 9.2098 106.2233 -0.0036 0.7693 -0.0105 0.6387
65.9922 443.4013 9.2028 106.2057 -0.0044 0.7678 -0.0122 0.6406
66.0959 443.5436 9.2010 106.1898 -0.0047 0.7661 -0.0136 0.6426
66.1997 443.6902 9.1919 106.1829 -0.0047 0.7641 -0.0135 0.6449
66.3033 443.8711 9.1806 106.1425 -0.0049 0.7620 -0.0137 0.6474
66.4071 444.0703 9.1745 106.1302 -0.0077 0.7598 -0.0152 0.6500
66.5107 444.2894 9.1867 106.1309 -0.0115 0.7569 -0.0166 0.6532
66.6143 444.5022 9.2047 106.1199 -0.0139 0.7539 -0.0176 0.6566
66.7181 444.7439 9.1772 106.0937 -0.0137 0.7508 -0.0158 0.6602
66.8217 444.9903 9.1731 106.0586 -0.0118 0.7472 -0.0133 0.6644
66.9254 445.2420 9.1450 106.0299 -0.0111 0.7433 -0.0116 0.6688
67.0291 445.4992 9.1719 106.0274 -0.0094 0.7381 -0.0096 0.6746
67.1328 445.7737 9.1334 106.0134 -0.0087 0.7326 -0.0091 0.6805
67.2364 446.0307 9.1467 106.0080 -0.0085 0.7266 -0.0077 0.6869
67.3401 446.3167 9.1364 106.0139 -0.0087 0.7193 -0.0074 0.6946
67.4437 446.6147 9.1411 106.0496 -0.0086 0.7118 -0.0075 0.7023
67.5473 446.9207 9.1165 106.0680 -0.0086 0.7042 -0.0087 0.7099
67.6511 447.2429 9.1362 106.1004 -0.0095 0.6960 -0.0119 0.7179
67.7547 447.5719 9.1226 106.1333 -0.0101 0.6874 -0.0147 0.7260
67.8583 447.8897 9.1405 106.1928 -0.0107 0.6782 -0.0148 0.7347
67.9621 448.2577 9.1088 106.2516 -0.0104 0.6686 -0.0134 0.7434
68.0657 448.6107 9.1021 106.3323 -0.0100 0.6592 -0.0119 0.7518
68.1693 448.9871 9.1019 106.4067 -0.0103 0.6492 -0.0119 0.7605
68.2731 449.3804 9.0907 106.4958 -0.0107 0.6392 -0.0119 0.7689
68.3767 449.7671 9.1055 106.6235 -0.0109 0.6294 -0.0119 0.7769
68.4803 450.1806 9.0923 106.7193 -0.0109 0.6190 -0.0120 0.7852
68.5841 450.6069 9.0905 106.8599 -0.0106 0.6094 -0.0114 0.7927
68.6878 451.0423 9.0846 107.0232 -0.0105 0.6006 -0.0111 0.7994
68.7916 451.5145 9.0822 107.1725 -0.0105 0.5920 -0.0104 0.8058
68.8953 451.9801 9.0764 107.3586 -0.0103 0.5843 -0.0100 0.8114
68.9991 452.4650 9.0793 107.5381 -0.0101 0.5764 -0.0100 0.8170
69.1028 452.9775 9.0701 107.7485 -0.0097 0.5691 -0.0094 0.8221
69.2066 453.4950 9.0689 107.9549 -0.0089 0.5615 -0.0080 0.8274
69.3103 454.0289 9.0654 108.2039 -0.0075 0.5534 -0.0059 0.8329
69.4139 454.5539 9.0547 108.4415 -0.0065 0.5456 -0.0046 0.8380
69.5177 455.0867 9.0588 108.7049 -0.0060 0.5383 -0.0043 0.8427
69.6214 455.6450 9.0488 108.9873 -0.0059 0.5314 -0.0050 0.8471
69.7253 456.2037 9.0457 109.2903 -0.0062 0.5252 -0.0056 0.8510
69.8291 456.8092 9.0454 109.6192 -0.0066 0.5195 -0.0051 0.8544
69.9328 457.3824 9.0420 109.9406 -0.0076 0.5147 -0.0047 0.8573
70.0367 457.9788 9.0495 110.2902 -0.0089 0.5110 -0.0043 0.8595
70.1406 458.5910 9.0450 110.6310 -0.0097 0.5078 -0.0037 0.8614
70.2443 459.2135 9.0448 111.0009 -0.0101 0.5054 -0.0040 0.8628
70.3482 459.8584 9.0452 111.3669 -0.0107 0.5036 -0.0044 0.8638
70.4519 460.4988 9.0492 111.7368 -0.0111 0.5020 -0.0049 0.8648
70.5558 461.1668 9.0503 112.1285 -0.0112 0.5008 -0.0055 0.8655
70.6596 461.8475 9.0467 112.5173 -0.0107 0.4993 -0.0050 0.8663
70.7633 462.5203 9.0444 112.9282 -0.0099 0.4980 -0.0048 0.8671
70.8672 463.2408 9.0411 113.3544 -0.0092 0.4969 -0.0051 0.8678
70.9708 463.9301 9.0427 113.7570 -0.0084 0.4955 -0.0052 0.8685
71.0747 464.6478 9.0363 114.1907 -0.0077 0.4944 -0.0055 0.8692
71.1784 465.3662 9.0385 114.6278 -0.0067 0.4935 -0.0044 0.8697
71.2822 466.1069 9.0287 115.0663 -0.0056 0.4924 -0.0032 0.8704
71.3859 466.8476 9.0227 115.5247 -0.0050 0.4916 -0.0029 0.8708
71.4896 467.5932 9.0213 115.9844 -0.0042 0.4906 -0.0037 0.8714
71.5933 468.3713 8.9972 116.4426 -0.0026 0.4902 -0.0042 0.8716
71.6972 469.1209 8.9791 116.9325 -0.0017 0.4901 -0.0050 0.8716
71.8010 469.9051 8.9766 117.4197 -0.0025 0.4899 -0.0056 0.8717
71.9047 470.6975 8.9689 117.9085 -0.0035 0.4897 -0.0046 0.8718
72.0085 471.4917 8.9726 118.4085 -0.0044 0.4897 -0.0038 0.8719
72.1122 472.3192 8.9483 118.8927 -0.0039 0.4893 -0.0032 0.8721
72.2160 473.1198 8.9433 119.3980 -0.0029 0.4891 -0.0027 0.8722
72.3197 473.9660 8.9222 119.9023 -0.0021 0.4887 -0.0018 0.8725
72.4235 474.8028 8.9165 120.4234 -0.0019 0.4883 -0.0014 0.8727
72.5272 475.6443 8.9024 120.9573 -0.0017 0.4879 -0.0008 0.8729
72.6309 476.4988 8.8850 121.4882 -0.0016 0.4875 -0.0002 0.8731
72.7347 477.3718 8.8798 122.0329 -0.0013 0.4874 -0.0004 0.8732
72.8385 478.2471 8.8652 122.5757 -0.0012 0.4870 -0.0013 0.8734
72.9422 479.1034 8.8607 123.1261 -0.0014 0.4867 -0.0014 0.8736
73.0460 480.0333 8.8281 123.7076 -0.0019 0.4870 -0.0010 0.8734
73.1497 480.8935 8.8336 124.2616 -0.0032 0.4875 -0.0026 0.8731
73.2535 481.8154 8.8222 124.8291 -0.0033 0.4885 -0.0043 0.8726
73.3572 482.7344 8.8007 125.4135 -0.0028 0.4903 -0.0060 0.8715
73.4611 483.6383 8.7834 125.9789 -0.0030 0.4934 -0.0082 0.8698
73.5649 484.5854 8.7622 126.5377 -0.0037 0.4980 -0.0118 0.8671
73.6688 485.5083 8.7356 127.0830 -0.0041 0.5035 -0.0141 0.8639
73.7727 486.4629 8.7150 127.6160 -0.0050 0.5102 -0.0157 0.8599
73.8767 487.4453 8.6847 128.1371 -0.0061 0.5175 -0.0160 0.8555
73.9806 488.4125 8.6619 128.6215 -0.0085 0.5249 -0.0160 0.8510
74.0845 489.4019 8.6439 129.1232 -0.0093 0.5324 -0.0169 0.8463
74.1885 490.4272 8.6047 129.5909 -0.0084 0.5405 -0.0178 0.8411
74.2923 491.4043 8.5788 130.0373 -0.0075 0.5484 -0.0195 0.8359
74.3962 492.4279 8.5444 130.4944 -0.0071 0.5572 -0.0200 0.8301
74.5001 493.4565 8.5269 130.8978 -0.0081 0.5663 -0.0203 0.8239
74.6038 494.4976 8.4987 131.2669 -0.0081 0.5760 -0.0196 0.8172
74.7078 495.5508 8.4512 131.6324 -0.0070 0.5864 -0.0207 0.8098
74.8117 496.5824 8.4342 131.9556 -0.0060 0.5968 -0.0243 0.8020
74.9155 497.6702 8.3584 132.2591 -0.0040 0.6079 -0.0255 0.7936
75.0193 498.7241 8.3538 132.5378 -0.0045 0.6192 -0.0303 0.7847
75.1233 499.7968 8.2599 132.7695 -0.0021 0.6313 -0.0299 0.7750
75.2271 500.9416 8.2286 132.9970 -0.0025 0.6430 -0.0330 0.7652
75.3310 502.0206 8.1551 133.1616 -0.0002 0.6541 -0.0333 0.7557
75.4348 503.1282 8.0729 133.2865 0.0024 0.6648 -0.0343 0.7463
75.5386 504.2175 8.0004 133.3966 0.0049 0.6743 -0.0346 0.7376
75.6422 505.3319 7.9091 133.4688 0.0064 0.6833 -0.0340 0.7294
75.7459 506.4772 7.8282 133.5439 0.0073 0.6918 -0.0338 0.7212
75.8496 507.5643 7.7543 133.5595 0.0075 0.6995 -0.0350 0.7137
75.9533 508.6816 7.6708 133.5596 0.0086 0.7074 -0.0365 0.7058
76.0570 509.8191 7.5696 133.5578 0.0092 0.7149 -0.0363 0.6983
76.1606 510.9703 7.4830 133.4951 0.0098 0.7211 -0.0340 0.6920
76.2642 512.0906 7.3915 133.4309 0.0114 0.7258 -0.0316 0.6871
76.3677 513.2245 7.2961 133.3713 0.0146 0.7291 -0.0301 0.6836
76.4713 514.3511 7.1982 133.2847 0.0161 0.7310 -0.0307 0.6815
76.5750 515.4771 7.1130 133.2183 0.0161 0.7327 -0.0310 0.6796
76.6786 516.5918 7.0288 133.1469 0.0164 0.7338 -0.0311 0.6785
76.7822 517.7321 6.9351 133.0527 0.0165 0.7349 -0.0321 0.6772
76.8859 518.9006 6.8239 132.9770 0.0183 0.7361 -0.0328 0.6759
76.9896 520.0582 6.7253 132.8504 0.0190 0.7370 -0.0335 0.6748
77.0932 521.2324 6.6080 132.7643 0.0191 0.7383 -0.0330 0.6734
77.1970 522.4123 6.5154 132.6338 0.0186 0.7393 -0.0315 0.6724
77.3006 523.5911 6.4331 132.5545 0.0178 0.7401 -0.0302 0.6716
77.4042 524.7761 6.3332 132.4453 0.0171 0.7406 -0.0315 0.6709
77.5078 525.9982 6.2291 132.3464 0.0181 0.7407 -0.0334 0.6708
77.6116 527.1799 6.1132 132.2390 0.0188 0.7405 -0.0346 0.6709
77.7152 528.4233 6.0021 132.1133 0.0198 0.7406 -0.0337 0.6708
77.8190 529.6435 5.8955 132.0095 0.0195 0.7403 -0.0340 0.6711
77.9227 530.8941 5.7913 131.8953 0.0191 0.7405 -0.0348 0.6709
78.0263 532.1471 5.6797 131.7836 0.0182 0.7407 -0.0362 0.6706
78.1301 533.4086 5.5639 131.6666 0.0181 0.7415 -0.0356 0.6697
78.2338 534.6612 5.4480 131.5448 0.0178 0.7423 -0.0354 0.6689
78.3375 535.9220 5.3347 131.4218 0.0181 0.7431 -0.0354 0.6680
78.4412 537.2088 5.2106 131.2835 0.0182 0.7437 -0.0357 0.6673
78.5448 538.4770 5.1146 131.1659 0.0182 0.7451 -0.0355 0.6658
78.6486 539.7651 4.9827 131.0235 0.0179 0.7461 -0.0356 0.6647
78.7523 541.0635 4.8712 130.8804 0.0170 0.7472 -0.0359 0.6634
78.8560 542.3680 4.7501 130.7362 0.0166 0.7486 -0.0355 0.6618
78.9597 543.6779 4.6412 130.5878 0.0162 0.7497 -0.0356 0.6606
79.0633 544.9997 4.5275 130.4156 0.0159 0.7507 -0.0363 0.6595
79.1671 546.3279 4.4085 130.2538 0.0159 0.7516 -0.0365 0.6584
79.2708 547.6431 4.2880 130.0659 0.0160 0.7523 -0.0364 0.6576
79.3745 549.0100 4.1603 129.9078 0.0164 0.7532 -0.0368 0.6566
79.4782 550.3517 4.0396 129.7300 0.0166 0.7543 -0.0370 0.6553
79.5820 551.6839 3.9191 129.5450 0.0162 0.7554 -0.0373 0.6540
79.6857 553.0642 3.8017 129.3623 0.0163 0.7566 -0.0372 0.6527
79.7895 554.4448 3.6608 129.1568 0.0162 0.7578 -0.0371 0.6512
79.8932 555.8270 3.5385 128.9324 0.0158 0.7591 -0.0373 0.6497
79.9970 557.2112 3.4082 128.7447 0.0165 0.7603 -0.0370 0.6483
80.1006 558.6044 3.2826 128.5268 0.0166 0.7611 -0.0372 0.6474
80.2043 560.0220 3.1539 128.3057 0.0173 0.7618 -0.0370 0.6465
80.3080 561.4457 3.0200 128.0646 0.0174 0.7625 -0.0371 0.6457
80.4117 562.8415 2.8903 127.8433 0.0170 0.7630 -0.0374 0.6451
80.5153 564.2727 2.7565 127.6121 0.0179 0.7633 -0.0367 0.6448
80.6191 565.7000 2.6265 127.3841 0.0184 0.7639 -0.0368 0.6440
80.7227 567.1491 2.4825 127.1413 0.0182 0.7642 -0.0370 0.6436
80.8264 568.5846 2.3569 126.8943 0.0191 0.7645 -0.0354 0.6434
80.9301 570.0088 2.2204 126.6611 0.0188 0.7648 -0.0360 0.6430
81.0338 571.4265 2.0862 126.4195 0.0191 0.7652 -0.0355 0.6426
81.1375 572.9811 1.9450 126.1607 0.0183 0.7657 -0.0354 0.6420
81.2412 574.4060 1.8178 125.9134 0.0177 0.7659 -0.0346 0.6417
81.3449 575.8789 1.6815 125.6494 0.0175 0.7663 -0.0348 0.6413
81.4486 577.3564 1.5435 125.4017 0.0176 0.7664 -0.0355 0.6412
81.5523 578.8139 1.4084 125.1550 0.0187 0.7664 -0.0346 0.6412
81.6561 580.3370 1.2736 124.8889 0.0184 0.7665 -0.0353 0.6411
81.7597 581.7965 1.1338 124.6416 0.0189 0.7665 -0.0345 0.6410
81.8635 583.2928 0.9966 124.3808 0.0186 0.7664 -0.0353 0.6412
81.9671 584.7677 0.8523 124.1337 0.0196 0.7663 -0.0354 0.6412
82.0708 586.2303 0.7047 123.8719 0.0205 0.7660 -0.0354 0.6415
82.1745 587.7194 0.5494 123.6071 0.0208 0.7655 -0.0349 0.6422
82.2782 589.2520 0.4022 123.3439 0.0215 0.7648 -0.0332 0.6431
82.3820 590.7187 0.2709 123.0952 0.0221 0.7642 -0.0321 0.6438
82.4857 592.1942 0.1262 122.8513 0.0210 0.7640 -0.0328 0.6441
82.5894 593.6725 -0.0109 122.6220 0.0220 0.7637 -0.0316 0.6445
82.6931 595.1432 -0.1556 122.3875 0.0216 0.7634 -0.0322 0.6447
82.7969 596.6270 -0.2956 122.1277 0.0213 0.7632 -0.0327 0.6450
82.9006 598.0931 -0.4417 121.8954 0.0216 0.7630 -0.0319 0.6453
83.0042 599.5846 -0.5878 121.6581 0.0212 0.7628 -0.0325 0.6455
83.1078 601.0612 -0.7216 121.4316 0.0206 0.7627 -0.0325 0.6456
83.2116 602.5382 -0.8676 121.1882 0.0201 0.7627 -0.0325 0.6457
83.3152 604.0393 -1.0068 120.9420 0.0205 0.7625 -0.0309 0.6459
83.4190 605.5196 -1.1415 120.6905 0.0234 0.7623 -0.0280 0.6462
83.5226 607.0158 -1.2773 120.4562 0.0246 0.7618 -0.0281 0.6468
83.6262 608.5007 -1.4251 120.2223 0.0253 0.7617 -0.0294 0.6468
83.7300 609.9486 -1.5711 119.9908 0.0241 0.7615 -0.0306 0.6469
83.8336 611.4380 -1.7068 119.7557 0.0231 0.7612 -0.0304 0.6474
83.9373 612.9250 -1.8442 119.5256 0.0228 0.7608 -0.0305 0.6478
84.0410 614.3977 -1.9689 119.3185 0.0220 0.7606 -0.0315 0.6481
84.1447 615.8697 -2.1091 119.0908 0.0213 0.7604 -0.0322 0.6483
84.2484 617.3560 -2.2567 118.8565 0.0204 0.7602 -0.0326 0.6485
84.3521 618.8323 -2.3934 118.6415 0.0200 0.7602 -0.0322 0.6486
84.4557 620.3042 -2.5403 118.4126 0.0204 0.7603 -0.0321 0.6485
84.5594 621.7767 -2.6759 118.1815 0.0207 0.7603 -0.0321 0.6484
84.6630 623.2491 -2.8114 117.9387 0.0213 0.7602 -0.0315 0.6486
84.7667 624.7195 -2.9471 117.7233 0.0219 0.7600 -0.0299 0.6489
84.8703 626.1789 -3.0854 117.4993 0.0227 0.7593 -0.0300 0.6496
84.9740 627.6379 -3.2349 117.2742 0.0225 0.7589 -0.0329 0.6500
85.0777 629.0748 -3.3755 117.0654 0.0211 0.7587 -0.0335 0.6503
85.1813 630.5274 -3.5197 116.8626 0.0197 0.7582 -0.0337 0.6509
85.2851 631.9779 -3.6648 116.6438 0.0184 0.7579 -0.0334 0.6512
85.3887 633.3883 -3.7993 116.4440 0.0184 0.7579 -0.0318 0.6513
85.4925 634.8288 -3.9295 116.2219 0.0189 0.7578 -0.0305 0.6515
85.5961 636.2324 -4.0649 116.0367 0.0190 0.7579 -0.0304 0.6514
85.6997 637.6239 -4.1887 115.8300 0.0190 0.7581 -0.0310 0.6511
85.8034 639.0087 -4.3202 115.6335 0.0188 0.7583 -0.0309 0.6509
85.9071 640.4045 -4.4503 115.4337 0.0183 0.7586 -0.0311 0.6506
86.0108 641.7567 -4.5827 115.2415 0.0178 0.7587 -0.0313 0.6504
86.1145 643.1040 -4.7106 115.0397 0.0175 0.7590 -0.0311 0.6501
86.2182 644.4144 -4.8293 114.8428 0.0164 0.7594 -0.0302 0.6497
86.3218 645.7224 -4.9500 114.6377 0.0151 0.7597 -0.0291 0.6495
86.4256 646.9665 -5.0563 114.4586 0.0156 0.7599 -0.0293 0.6491
86.5292 648.2219 -5.1915 114.2866 0.0175 0.7601 -0.0307 0.6489
86.6330 649.4231 -5.3025 114.1143 0.0172 0.7601 -0.0313 0.6488
86.7367 650.6170 -5.4238 113.9170 0.0173 0.7600 -0.0301 0.6490
86.8403 651.7558 -5.5217 113.7424 0.0168 0.7596 -0.0290 0.6496
86.9441 652.8526 -5.6349 113.5816 0.0164 0.7591 -0.0290 0.6501
87.0477 653.9376 -5.7403 113.4114 0.0152 0.7586 -0.0292 0.6508
87.1514 654.9975 -5.8387 113.2450 0.0148 0.7577 -0.0278 0.6518
87.2550 655.9916 -5.9257 113.1087 0.0139 0.7571 -0.0260 0.6526
87.3587 656.9897 -6.0009 112.9867 0.0128 0.7568 -0.0260 0.6531
87.4625 657.9101 -6.1017 112.8417 0.0134 0.7566 -0.0259 0.6532
87.5662 658.7967 -6.1783 112.7327 0.0137 0.7564 -0.0267 0.6535
87.6699 659.6454 -6.2616 112.6123 0.0141 0.7563 -0.0269 0.6535
87.7736 660.4429 -6.3353 112.4941 0.0134 0.7563 -0.0275 0.6535
87.8773 661.1991 -6.3975 112.3968 0.0122 0.7572 -0.0285 0.6524
87.9812 661.9270 -6.4617 112.3085 0.0110 0.7601 -0.0300 0.6491
88.0852 662.6313 -6.5255 112.1891 0.0097 0.7654 -0.0316 0.6427
88.1892 663.2656 -6.5802 112.0645 0.0084 0.7728 -0.0333 0.6337
88.2933 663.8752 -6.6410 111.9221 0.0085 0.7818 -0.0345 0.6225
88.3975 664.4834 -6.6972 111.7438 0.0098 0.7923 -0.0355 0.6091
88.5016 665.0311 -6.7692 111.5667 0.0118 0.8039 -0.0352 0.5936
88.6058 665.6154 -6.8200 111.3267 0.0123 0.8168 -0.0352 0.5757
88.7101 666.1506 -6.8743 111.0929 0.0124 0.8311 -0.0350 0.5548
88.8143 666.6519 -6.9378 110.8177 0.0121 0.8454 -0.0343 0.5329
88.9186 667.1395 -6.9695 110.5201 0.0121 0.8597 -0.0340 0.5095
89.0228 667.5965 -7.0241 110.2070 0.0127 0.8748 -0.0341 0.4831
89.1271 668.0346 -7.1063 109.8273 0.0137 0.8892 -0.0349 0.4559
89.2313 668.4272 -7.1420 109.4835 0.0143 0.9037 -0.0366 0.4263
89.3356 668.7824 -7.1907 109.0715 0.0154 0.9170 -0.0387 0.3967
89.4396 669.1234 -7.2400 108.6975 0.0194 0.9294 -0.0394 0.3664
89.5437 669.3904 -7.3336 108.2784 0.0233 0.9408 -0.0382 0.3360
89.6478 669.6756 -7.3709 107.7961 0.0241 0.9511 -0.0380 0.3057
89.7518 669.9017 -7.4004 107.3998 0.0238 0.9606 -0.0381 0.2744
89.8558 670.1186 -7.4427 106.8862 0.0246 0.9689 -0.0377 0.2435
89.9597 670.2865 -7.5148 106.4203 0.0273 0.9763 -0.0370 0.2114
90.0637 670.4363 -7.5642 105.9293 0.0308 0.9824 -0.0380 0.1800
90.1676 670.5547 -7.6128 105.3918 0.0321 0.9876 -0.0412 0.1477
90.2715 670.6326 -7.6627 104.9059 0.0323 0.9918 -0.0444 0.1150
90.3755 670.6916 -7.7043 104.3407 0.0330 0.9950 -0.0463 0.0820
90.4793 670.6675 -7.7536 103.8429 0.0330 0.9972 -0.0457 0.0495
90.5831 670.6755 -7.8079 103.2876 0.0339 0.9983 -0.0451 0.0163
90.6870 670.6015 -7.8693 102.6849 0.0342 0.9982 -0.0460 -0.0171
90.7908 670.5084 -7.9191 102.1550 0.0347 0.9969 -0.0481 -0.0509
90.8946 670.3876 -7.9760 101.5723 0.0348 0.9945 -0.0504 -0.0846
90.9985 670.2420 -8.0232 101.0186 0.0350 0.9909 -0.0525 -0.1185
91.1021 670.0323 -8.0754 100.4518 0.0354 0.9865 -0.0542 -0.1506
91.2058 669.7346 -8.1439 99.8663 0.0371 0.9812 -0.0544 -0.1812
91.3095 669.4748 -8.2085 99.3105 0.0375 0.9753 -0.0550 -0.2105
91.4130 669.1603 -8.2729 98.7446 0.0384 0.9691 -0.0558 -0.2371
91.5166 668.7952 -8.3328 98.1888 0.0393 0.9630 -0.0567 -0.2606
91.6202 668.3977 -8.3903 97.6307 0.0398 0.9568 -0.0585 -0.2820
91.7237 668.0003 -8.4441 97.0887 0.0406 0.9513 -0.0596 -0.2997
91.8272 667.5652 -8.5219 96.5314 0.0414 0.9465 -0.0586 -0.3146
91.9306 667.0997 -8.5810 95.9673 0.0411 0.9425 -0.0561 -0.3270
92.0341 666.6507 -8.6477 95.3871 0.0398 0.9388 -0.0533 -0.3380
92.1377 666.1568 -8.7100 94.8220 0.0385 0.9355 -0.0515 -0.3475
92.2412 665.6350 -8.7732 94.2642 0.0373 0.9321 -0.0493 -0.3569
92.3449 665.1136 -8.8429 93.6961 0.0355 0.9287 -0.0467 -0.3662
92.4486 664.5651 -8.8900 93.1416 0.0323 0.9250 -0.0435 -0.3761
92.5522 664.0091 -8.9484 92.5801 0.0290 0.9211 -0.0399 -0.3862
92.6560 663.4406 -8.9950 92.0340 0.0280 0.9169 -0.0361 -0.3965
92.7597 662.8374 -9.0358 91.4786 0.0253 0.9123 -0.0311 -0.4076
92.8635 662.2366 -9.0872 90.9520 0.0226 0.9073 -0.0264 -0.4191
92.9672 661.6075 -9.1141 90.4361 0.0201 0.9019 -0.0238 -0.4307
93.0710 660.9465 -9.1612 89.9361 0.0189 0.8961 -0.0217 -0.4428
93.1747 660.2881 -9.1805 89.4664 0.0197 0.8901 -0.0204 -0.4549
93.2785 659.6029 -9.2029 88.9928 0.0211 0.8838 -0.0178 -0.4670
93.3821 658.8901 -9.2098 88.5633 0.0231 0.8780 -0.0161 -0.4778
93.4858 658.1758 -9.2445 88.1115 0.0254 0.8728 -0.0147 -0.4873
93.5895 657.4236 -9.2546 87.6948 0.0267 0.8684 -0.0130 -0.4950
93.6931 656.7078 -9.2721 87.2549 0.0268 0.8654 -0.0108 -0.5003
93.7967 655.9653 -9.2708 86.8477 0.0274 0.8636 -0.0083 -0.5034
93.9004 655.2184 -9.2755 86.3972 0.0275 0.8627 -0.0054 -0.5050
94.0040 654.4613 -9.2471 85.9492 0.0256 0.8625 -0.0023 -0.5055
94.1076 653.6713 -9.2411 85.5123 0.0233 0.8627 -0.0015 -0.5051
94.2113 652.8876 -9.2614 85.0156 0.0202 0.8632 -0.0029 -0.5044
94.3150 652.1185 -9.2925 84.5765 0.0167 0.8644 -0.0051 -0.5026
94.4186 651.3356 -9.2916 84.0997 0.0144 0.8660 -0.0072 -0.4999
94.5222 650.5099 -9.3020 83.6195 0.0148 0.8673 -0.0085 -0.4974
94.6260 649.7056 -9.2891 83.1205 0.0172 0.8689 -0.0091 -0.4946
94.7297 648.9083 -9.2979 82.6065 0.0159 0.8698 -0.0089 -0.4931
94.8335 648.1057 -9.3306 82.1410 0.0108 0.8702 -0.0090 -0.4924
94.9372 647.2587 -9.3885 81.6194 0.0071 0.8704 -0.0100 -0.4921
95.0410 646.4140 -9.3860 81.0716 0.0071 0.8706 -0.0103 -0.4918
95.1447 645.5765 -9.4090 80.5621 0.0083 0.8709 -0.0108 -0.4913
95.2484 644.7128 -9.4284 80.0239 0.0088 0.8712 -0.0097 -0.4908
95.3521 643.8452 -9.4627 79.5220 0.0103 0.8718 -0.0086 -0.4897
95.4559 643.0009 -9.4575 79.0065 0.0119 0.8722 -0.0081 -0.4890
95.5595 642.1066 -9.4999 78.4357 0.0111 0.8731 -0.0071 -0.4874
95.6631 641.2823 -9.5148 77.9165 0.0129 0.8740 -0.0080 -0.4857
95.7669 640.4198 -9.5450 77.3535 0.0118 0.8749 -0.0069 -0.4841
95.8705 639.5621 -9.5437 76.8096 0.0164 0.8759 -0.0089 -0.4821
95.9742 638.7419 -9.5719 76.2839 0.0153 0.8771 -0.0083 -0.4800
96.0779 637.8801 -9.6086 75.7069 0.0148 0.8781 -0.0090 -0.4782
96.1816 637.0505 -9.6425 75.1798 0.0140 0.8789 -0.0089 -0.4767
96.2853 636.2120 -9.6408 74.6100 0.0154 0.8794 -0.0089 -0.4757
96.3891 635.3670 -9.6535 74.0205 0.0166 0.8798 -0.0089 -0.4751
96.4929 634.5504 -9.6849 73.4696 0.0149 0.8802 -0.0087 -0.4742
96.5966 633.7347 -9.7344 72.9449 0.0139 0.8806 -0.0091 -0.4736
96.7004 632.9321 -9.7416 72.4102 0.0142 0.8805 -0.0087 -0.4737
96.8040 632.1229 -9.7323 71.8556 0.0158 0.8803 -0.0078 -0.4740
96.9077 631.3098 -9.7761 71.3083 0.0146 0.8805 -0.0065 -0.4737
97.0115 630.5355 -9.7971 70.8050 0.0137 0.8806 -0.0073 -0.4735
97.1151 629.7698 -9.8181 70.2949 0.0139 0.8808 -0.0080 -0.4732
97.2189 629.0100 -9.8427 69.7770 0.0147 0.8811 -0.0081 -0.4727
97.3225 628.2379 -9.8556 69.2607 0.0148 0.8816 -0.0082 -0.4717
97.4262 627.4803 -9.9002 68.7358 0.0135 0.8824 -0.0085 -0.4703
97.5300 626.7210 -9.8977 68.2204 0.0138 0.8830 -0.0081 -0.4691
97.6337 626.0175 -9.9300 67.7293 0.0146 0.8837 -0.0067 -0.4679
97.7375 625.3022 -9.9589 67.2333 0.0155 0.8845 -0.0065 -0.4663
97.8412 624.5905 -9.9770 66.7295 0.0125 0.8849 -0.0068 -0.4655
97.9451 623.8919 -9.9854 66.2415 0.0123 0.8856 -0.0075 -0.4642
98.0487 623.2471 -10.0234 65.7720 0.0119 0.8860 -0.0068 -0.4634
98.1525 622.5914 -10.0472 65.3025 0.0127 0.8862 -0.0068 -0.4631
98.2562 621.9405 -10.0587 64.8426 0.0110 0.8864 -0.0064 -0.4628
98.3600 621.3409 -10.0706 64.3987 0.0100 0.8866 -0.0064 -0.4623
98.4637 620.7493 -10.1036 63.9781 0.0114 0.8871 -0.0056 -0.4615
98.5675 620.1651 -10.1196 63.5800 0.0127 0.8874 -0.0044 -0.4608
98.6712 619.6160 -10.1303 63.1857 0.0130 0.8881 -0.0031 -0.4595
98.7749 619.0985 -10.1471 62.7907 0.0133 0.8884 -0.0026 -0.4589
98.8786 618.6008 -10.1578 62.4142 0.0129 0.8889 -0.0025 -0.4579
98.9823 618.1185 -10.1689 62.0768 0.0130 0.8893 -0.0024 -0.4571
99.0861 617.6725 -10.1855 61.7504 0.0125 0.8897 -0.0032 -0.4563
99.1897 617.2314 -10.2013 61.4515 0.0124 0.8900 -0.0037 -0.4558
99.2935 616.8461 -10.2080 61.1631 0.0132 0.8903 -0.0041 -0.4551
99.3972 616.4716 -10.2200 60.8766 0.0129 0.8904 -0.0050 -0.4549
99.5008 616.1329 -10.2278 60.6201 0.0120 0.8904 -0.0052 -0.4550
99.6046 615.8086 -10.2397 60.3567 0.0119 0.8904 -0.0047 -0.4549
99.7083 615.5167 -10.2538 60.1562 0.0126 0.8908 -0.0043 -0.4542
99.8120 615.2321 -10.2606 59.9531 0.0142 0.8910 -0.0054 -0.4537
99.9157 614.9551 -10.2675 59.7596 0.0145 0.8909 -0.0061 -0.4539
100.0193 614.7276 -10.2740 59.5895 0.0138 0.8911 -0.0063 -0.4535
100.1231 614.5416 -10.2885 59.4198 0.0138 0.8915 -0.0064 -0.4527
100.2267 614.3481 -10.3001 59.2818 0.0144 0.8916 -0.0059 -0.4527
100.3305 614.1312 -10.3005 59.1232 0.0144 0.8914 -0.0064 -0.4529
100.4341 613.9729 -10.3106 58.9998 0.0138 0.8916 -0.0075 -0.4525
100.5379 613.7957 -10.3077 58.8901 0.0136 0.8917 -0.0091 -0.4523
100.6415 613.6316 -10.3305 58.7553 0.0141 0.8916 -0.0096 -0.4524
100.7452 613.4749 -10.3329 58.6365 0.0147 0.8916 -0.0101 -0.4525
100.8489 613.2973 -10.3336 58.5015 0.0149 0.8917 -0.0100 -0.4522
100.9526 613.1356 -10.3388 58.4014 0.0146 0.8917 -0.0098 -0.4522
101.0562 612.9630 -10.3476 58.2722 0.0144 0.8916 -0.0098 -0.4524
101.1600 612.7950 -10.3449 58.1363 0.0138 0.8916 -0.0101 -0.4524
101.2636 612.6368 -10.3548 58.0238 0.0126 0.8918 -0.0106 -0.4522
101.3674 612.4624 -10.3570 57.8995 0.0134 0.8916 -0.0101 -0.4525
101.4710 612.2916 -10.3659 57.7707 0.0143 0.8916 -0.0099 -0.4525
101.5747 612.1392 -10.3768 57.6473 0.0144 0.8917 -0.0098 -0.4523
101.6784 611.9708 -10.3814 57.5426 0.0143 0.8917 -0.0097 -0.4524
101.7821 611.8278 -10.3735 57.4281 0.0144 0.8916 -0.0098 -0.4525
101.8859 611.6857 -10.3813 57.3144 0.0139 0.8916 -0.0097 -0.4524
101.9896 611.5564 -10.3908 57.2289 0.0142 0.8918 -0.0096 -0.4522
102.0932 611.4075 -10.3972 57.1023 0.0153 0.8917 -0.0097 -0.4523
102.1970 611.2803 -10.4043 57.0146 0.0155 0.8917 -0.0097 -0.4523
102.3007 611.1598 -10.4048 56.9306 0.0150 0.8917 -0.0095 -0.4523
102.4045 611.0416 -10.4097 56.8355 0.0141 0.8917 -0.0095 -0.4522
102.5083 610.8999 -10.4106 56.7351 0.0135 0.8918 -0.0097 -0.4522
102.6119 610.7942 -10.4085 56.6514 0.0145 0.8917 -0.0103 -0.4522
102.7156 610.6679 -10.4153 56.5684 0.0152 0.8917 -0.0106 -0.4523
102.8194 610.5512 -10.4250 56.4783 0.0158 0.8916 -0.0108 -0.4525
102.9230 610.4376 -10.4243 56.3881 0.0152 0.8917 -0.0096 -0.4524
103.0267 610.3412 -10.4181 56.3196 0.0134 0.8917 -0.0074 -0.4523
103.1305 610.2466 -10.4146 56.2500 0.0125 0.8916 -0.0072 -0.4526
103.2341 610.1316 -10.4412 56.1629 0.0128 0.8916 -0.0088 -0.4526
103.3379 610.0241 -10.4494 56.0831 0.0128 0.8917 -0.0091 -0.4523
103.4415 609.9447 -10.4457 56.0150 0.0129 0.8917 -0.0092 -0.4524
103.5452 609.8322 -10.4450 55.9402 0.0130 0.8917 -0.0095 -0.4523
103.6490 609.7089 -10.4423 55.8484 0.0125 0.8918 -0.0096 -0.4522
103.7526 609.5883 -10.4514 55.7536 0.0119 0.8919 -0.0100 -0.4519
103.8564 609.4802 -10.4491 55.6745 0.0119 0.8921 -0.0121 -0.4515
103.9601 609.3163 -10.4655 55.5542 0.0112 0.8924 -0.0136 -0.4510
104.0637 609.1447 -10.4657 55.4271 0.0114 0.8927 -0.0154 -0.4503
104.1674 608.9574 -10.4735 55.2827 0.0100 0.8933 -0.0158 -0.4491
104.2710 608.7574 -10.4906 55.1194 0.0094 0.8943 -0.0167 -0.4470
104.3746 608.5265 -10.4860 54.9429 0.0096 0.8955 -0.0174 -0.4446
104.4782 608.2774 -10.4965 54.7554 0.0104 0.8968 -0.0184 -0.4419
104.5820 608.0262 -10.4975 54.5353 0.0100 0.8983 -0.0201 -0.4388
104.6857 607.7516 -10.5098 54.3074 0.0096 0.9002 -0.0201 -0.4350
104.7894 607.4449 -10.5344 54.0416 0.0100 0.9022 -0.0205 -0.4307
104.8930 607.1348 -10.5480 53.7861 0.0112 0.9043 -0.0210 -0.4262
104.9967 606.8090 -10.5725 53.5135 0.0123 0.9065 -0.0207 -0.4214
105.1005 606.4696 -10.5806 53.2011 0.0133 0.9085 -0.0196 -0.4172
105.2041 606.1111 -10.6026 52.8542 0.0125 0.9109 -0.0205 -0.4120
105.3077 605.7599 -10.6175 52.5305 0.0114 0.9130 -0.0207 -0.4072
105.4115 605.3533 -10.6326 52.1635 0.0143 0.9149 -0.0192 -0.4029
105.5153 604.9484 -10.6634 51.7893 0.0163 0.9168 -0.0179 -0.3985
105.6189 604.5555 -10.6833 51.3964 0.0165 0.9186 -0.0169 -0.3945
105.7226 604.1557 -10.6766 50.9636 0.0156 0.9201 -0.0146 -0.3911
105.8265 603.7176 -10.7041 50.5356 0.0160 0.9213 -0.0127 -0.3884
105.9302 603.2786 -10.7143 50.0863 0.0132 0.9223 -0.0114 -0.3862
106.0341 602.8279 -10.7316 49.6303 0.0118 0.9227 -0.0103 -0.3853
106.1379 602.3721 -10.7369 49.1375 0.0102 0.9229 -0.0086 -0.3847
106.2417 601.8901 -10.7553 48.6609 0.0110 0.9235 -0.0087 -0.3833
106.3455 601.4060 -10.7550 48.1725 0.0109 0.9238 -0.0087 -0.3827
106.4492 600.8716 -10.7927 47.6367 0.0113 0.9240 -0.0089 -0.3822
106.5530 600.3737 -10.8086 47.0993 0.0075 0.9245 -0.0108 -0.3808
106.6568 599.8503 -10.8030 46.5468 0.0046 0.9248 -0.0131 -0.3802
106.7605 599.3192 -10.8431 45.9943 0.0038 0.9251 -0.0155 -0.3795
106.8642 598.7747 -10.8645 45.4557 0.0055 0.9254 -0.0163 -0.3786
106.9680 598.1921 -10.9046 44.8500 0.0063 0.9256 -0.0143 -0.3782
107.0718 597.6318 -10.9340 44.2515 0.0055 0.9258 -0.0130 -0.3779
107.1755 597.0546 -10.9585 43.6529 0.0055 0.9262 -0.0120 -0.3767
107.2791 596.4732 -10.9676 43.0319 0.0044 0.9267 -0.0116 -0.3756
107.3829 595.8617 -11.0030 42.3828 0.0064 0.9272 -0.0115 -0.3743
107.4865 595.2447 -11.0330 41.7294 0.0075 0.9280 -0.0110 -0.3724
107.5902 594.6114 -11.0502 41.0608 0.0077 0.9290 -0.0111 -0.3699
107.6939 593.9874 -11.0821 40.3941 0.0087 0.9300 -0.0105 -0.3673
107.7976 593.3694 -11.1011 39.7200 0.0099 0.9310 -0.0097 -0.3647
107.9012 592.7459 -11.1342 39.0334 0.0114 0.9319 -0.0105 -0.3623
108.0050 592.1507 -11.1496 38.3427 0.0111 0.9326 -0.0115 -0.3605
108.1087 591.5404 -11.2022 37.6696 0.0111 0.9331 -0.0128 -0.3592
108.2125 590.9288 -11.2199 36.9764 0.0086 0.9334 -0.0135 -0.3585
108.3162 590.3352 -11.2631 36.3051 0.0083 0.9332 -0.0142 -0.3590
108.4200 589.6992 -11.3028 35.5857 0.0076 0.9331 -0.0143 -0.3594
108.5237 589.1114 -11.3278 34.9238 0.0061 0.9327 -0.0142 -0.3603
108.6275 588.4893 -11.3675 34.2253 0.0058 0.9324 -0.0134 -0.3611
108.7312 587.8617 -11.3853 33.5598 0.0067 0.9321 -0.0137 -0.3619
108.8351 587.2485 -11.4405 32.8583 0.0073 0.9316 -0.0135 -0.3633
108.9389 586.6145 -11.4630 32.1820 0.0071 0.9312 -0.0144 -0.3642
109.0426 585.9887 -11.5076 31.4876 0.0070 0.9307 -0.0153 -0.3654
109.1464 585.3495 -11.5428 30.8138 0.0069 0.9302 -0.0154 -0.3667
109.2501 584.7240 -11.5809 30.1395 0.0069 0.9296 -0.0153 -0.3682
109.3539 584.0907 -11.6232 29.4552 0.0069 0.9292 -0.0153 -0.3691
109.4576 583.4298 -11.6742 28.7472 0.0072 0.9286 -0.0158 -0.3708
109.5612 582.7896 -11.7067 28.0850 0.0071 0.9282 -0.0165 -0.3717
109.6650 582.1577 -11.7443 27.4059 0.0072 0.9277 -0.0178 -0.3728
109.7687 581.4806 -11.7814 26.6898 0.0067 0.9274 -0.0176 -0.3736
109.8724 580.8268 -11.8398 26.0074 0.0070 0.9274 -0.0174 -0.3736
109.9761 580.1717 -11.8646 25.3046 0.0070 0.9273 -0.0169 -0.3738
110.0797 579.4865 -11.9194 24.6199 0.0069 0.9273 -0.0169 -0.3738
110.1835 578.8209 -11.9568 23.8962 0.0065 0.9274 -0.0173 -0.3735
110.2872 578.1617 -11.9991 23.1985 0.0060 0.9275 -0.0177 -0.3733
110.3909 577.5011 -12.0372 22.4936 0.0061 0.9279 -0.0176 -0.3724
110.4946 576.8439 -12.0920 21.8017 0.0061 0.9281 -0.0174 -0.3718
110.5982 576.1752 -12.1238 21.0987 0.0050 0.9284 -0.0183 -0.3711
110.7020 575.4996 -12.1883 20.3624 0.0042 0.9286 -0.0197 -0.3704
110.8056 574.8393 -12.2281 19.6504 0.0034 0.9290 -0.0199 -0.3695
110.9092 574.1964 -12.2888 18.9194 0.0047 0.9295 -0.0191 -0.3684
111.0129 573.5188 -12.3271 18.1917 0.0053 0.9300 -0.0174 -0.3671
111.1166 572.8840 -12.3644 17.5139 0.0048 0.9304 -0.0160 -0.3660
111.2202 572.2315 -12.4287 16.7857 0.0065 0.9308 -0.0168 -0.3650
111.3240 571.5716 -12.4681 16.0692 0.0054 0.9311 -0.0169 -0.3642
111.4276 570.9579 -12.5218 15.3954 0.0059 0.9315 -0.0174 -0.3632
111.5314 570.3035 -12.5752 14.6646 0.0068 0.9320 -0.0182 -0.3620
111.6350 569.6772 -12.6156 13.9830 0.0055 0.9322 -0.0189 -0.3613
111.7387 569.0292 -12.6725 13.2578 0.0051 0.9327 -0.0200 -0.3601
111.8424 568.4036 -12.7265 12.5533 0.0052 0.9331 -0.0196 -0.3591
111.9461 567.7951 -12.7517 11.8581 0.0048 0.9334 -0.0172 -0.3584
112.0497 567.1658 -12.7864 11.1637 0.0048 0.9336 -0.0154 -0.3581
112.1535 566.5812 -12.8511 10.4654 0.0045 0.9336 -0.0152 -0.3580
112.2571 565.9626 -12.9092 9.7791 0.0024 0.9334 -0.0159 -0.3584
112.3609 565.3505 -12.9346 9.1002 0.0011 0.9331 -0.0168 -0.3593
112.4646 564.7491 -12.9864 8.4272 0.0026 0.9326 -0.0184 -0.3604
112.5682 564.1295 -13.0279 7.7571 0.0047 0.9322 -0.0187 -0.3614
112.6720 563.5249 -13.0867 7.0944 0.0061 0.9317 -0.0198 -0.3625
112.7756 562.9181 -13.1219 6.4257 0.0068 0.9314 -0.0203 -0.3634
112.8794 562.3158 -13.1730 5.8036 0.0078 0.9310 -0.0206 -0.3643
112.9830 561.7244 -13.2239 5.1437 0.0075 0.9305 -0.0210 -0.3656
113.0867 561.1683 -13.2763 4.5284 0.0064 0.9300 -0.0228 -0.3669
113.1905 560.6232 -13.3464 3.9070 0.0028 0.9296 -0.0259 -0.3677
113.2941 560.0841 -13.4063 3.3213 0.0000 0.9291 -0.0283 -0.3686
113.3978 559.5194 -13.4561 2.7173 -0.0011 0.9288 -0.0288 -0.3695
113.5015 558.9880 -13.5246 2.1378 -0.0009 0.9286 -0.0279 -0.3702
113.6052 558.4869 -13.5606 1.6370 0.0029 0.9284 -0.0274 -0.3705
113.7090 558.0017 -13.6354 1.1096 0.0026 0.9282 -0.0271 -0.3710
113.8126 557.5261 -13.6620 0.5912 0.0049 0.9282 -0.0290 -0.3710
113.9164 557.0649 -13.7465 0.1377 0.0044 0.9280 -0.0314 -0.3712
114.0201 556.6536 -13.7899 -0.2974 0.0036 0.9280 -0.0327 -0.3711
114.1239 556.2049 -13.8313 -0.7918 0.0037 0.9280 -0.0328 -0.3711
114.2276 555.8057 -13.8799 -1.2161 0.0041 0.9281 -0.0322 -0.3709
114.3314 555.4254 -13.9337 -1.6290 0.0039 0.9282 -0.0318 -0.3706
114.4350 555.0827 -13.9687 -1.9848 0.0043 0.9282 -0.0329 -0.3706
114.5387 554.7072 -14.0203 -2.3744 0.0009 0.9281 -0.0337 -0.3708
114.6425 554.3786 -14.0598 -2.7605 -0.0015 0.9281 -0.0336 -0.3709
114.7463 554.0527 -14.1074 -3.1185 -0.0020 0.9280 -0.0331 -0.3711
114.8500 553.7005 -14.1396 -3.4879 -0.0005 0.9280 -0.0330 -0.3711
114.9538 553.3645 -14.1856 -3.8316 0.0002 0.9280 -0.0322 -0.3712
115.0574 553.0516 -14.2250 -4.1883 -0.0017 0.9279 -0.0311 -0.3715
115.1611 552.7352 -14.2648 -4.5211 -0.0031 0.9277 -0.0303 -0.3720
115.2649 552.4491 -14.2976 -4.8312 -0.0033 0.9276 -0.0303 -0.3722
115.3686 552.1342 -14.3396 -5.1440 -0.0012 0.9275 -0.0313 -0.3725
115.4724 551.8270 -14.3638 -5.4652 -0.0008 0.9275 -0.0316 -0.3726
115.5761 551.5382 -14.4019 -5.7544 -0.0004 0.9274 -0.0320 -0.3726
115.6797 551.2729 -14.4344 -6.0352 -0.0002 0.9274 -0.0321 -0.3726
115.7835 551.0071 -14.4676 -6.3154 -0.0001 0.9274 -0.0323 -0.3726
115.8871 550.7419 -14.4958 -6.5892 0.0002 0.9275 -0.0328 -0.3724
115.9909 550.4906 -14.5291 -6.8504 0.0001 0.9276 -0.0333 -0.3722
116.0946 550.2498 -14.5619 -7.1111 -0.0001 0.9277 -0.0340 -0.3719
116.1983 550.0298 -14.5916 -7.3458 -0.0006 0.9278 -0.0355 -0.3715
116.3020 549.8009 -14.6266 -7.5785 0.0008 0.9280 -0.0382 -0.3707
116.4056 549.5696 -14.6612 -7.8148 0.0027 0.9281 -0.0397 -0.3701
116.5094 549.3522 -14.6939 -8.0485 0.0031 0.9287 -0.0402 -0.3687
116.6133 549.1608 -14.7144 -8.2766 0.0031 0.9293 -0.0406 -0.3672
116.7167 548.9613 -14.7215 -8.4774 0.0019 0.9298 -0.0413 -0.3657
116.8205 548.8042 -14.7589 -8.6754 -0.0001 0.9303 -0.0408 -0.3645
116.9242 548.6569 -14.7791 -8.8557 -0.0019 0.9308 -0.0400 -0.3633
117.0280 548.4815 -14.8017 -9.0292 -0.0022 0.9312 -0.0399 -0.3623
117.1316 548.3389 -14.8254 -9.1928 -0.0008 0.9317 -0.0407 -0.3610
117.2354 548.2013 -14.8517 -9.3420 -0.0005 0.9321 -0.0406 -0.3600
117.3391 548.0735 -14.8734 -9.4990 -0.0003 0.9323 -0.0411 -0.3594
117.4429 547.9590 -14.8933 -9.6168 -0.0008 0.9324 -0.0417 -0.3591
117.5467 547.8443 -14.9133 -9.7532 -0.0014 0.9323 -0.0426 -0.3592
117.6504 547.7349 -14.9316 -9.8754 -0.0019 0.9321 -0.0433 -0.3596
117.7540 547.6430 -14.9407 -9.9803 -0.0020 0.9320 -0.0437 -0.3599
117.8577 547.5438 -14.9521 -10.0764 -0.0021 0.9319 -0.0442 -0.3599
117.9615 547.4618 -14.9727 -10.1711 -0.0021 0.9320 -0.0445 -0.3597
118.0651 547.3874 -14.9800 -10.2632 -0.0024 0.9321 -0.0449 -0.3594
118.1689 547.2997 -14.9896 -10.3599 -0.0024 0.9321 -0.0450 -0.3593
118.2725 547.2181 -15.0029 -10.4381 -0.0026 0.9322 -0.0453 -0.3590
118.3763 547.1439 -15.0170 -10.5317 -0.0030 0.9322 -0.0455 -0.3590
118.4799 547.0997 -15.0264 -10.5874 -0.0035 0.9324 -0.0459 -0.3586
118.5836 547.0385 -15.0404 -10.6653 -0.0038 0.9325 -0.0460 -0.3583
118.6872 546.9804 -15.0531 -10.7311 -0.0036 0.9324 -0.0460 -0.3584
118.7910 546.9291 -15.0578 -10.7724 -0.0035 0.9326 -0.0461 -0.3579
118.8948 546.8828 -15.0672 -10.8464 -0.0036 0.9327 -0.0463 -0.3577
118.9985 546.8361 -15.0770 -10.9081 -0.0040 0.9327 -0.0468 -0.3576
119.1021 546.7962 -15.0815 -10.9588 -0.0041 0.9327 -0.0469 -0.3575
119.2059 546.7526 -15.0807 -10.9855 -0.0042 0.9328 -0.0470 -0.3573
119.3096 546.7164 -15.0871 -11.0265 -0.0042 0.9329 -0.0471 -0.3571
119.4132 546.6769 -15.0950 -11.0682 -0.0042 0.9329 -0.0472 -0.3570
119.5170 546.6584 -15.0986 -11.0954 -0.0044 0.9330 -0.0475 -0.3568
119.6207 546.6234 -15.1038 -11.1257 -0.0044 0.9330 -0.0476 -0.3567
119.7244 546.5946 -15.1058 -11.1560 -0.0045 0.9330 -0.0477 -0.3566
119.8281 546.5650 -15.1085 -11.1887 -0.0046 0.9331 -0.0480 -0.3564
119.9319 546.5407 -15.1090 -11.2211 -0.0047 0.9331 -0.0481 -0.3564
120.0355 546.5172 -15.1121 -11.2415 -0.0047 0.9331 -0.0482 -0.3564
120.1392 546.5101 -15.1133 -11.2507 -0.0048 0.9331 -0.0481 -0.3563
120.2429 546.5030 -15.1241 -11.2755 -0.0048 0.9331 -0.0482 -0.3563
120.3466 546.4899 -15.1232 -11.2787 -0.0049 0.9332 -0.0482 -0.3561
120.4502 546.4834 -15.1228 -11.2761 -0.0049 0.9332 -0.0482 -0.3560
120.5540 546.4595 -15.1199 -11.3067 -0.0052 0.9331 -0.0486 -0.3563
120.6576 546.4670 -15.1258 -11.3073 -0.0054 0.9331 -0.0488 -0.3561
120.7614 546.4527 -15.1326 -11.3316 -0.0054 0.9331 -0.0490 -0.3561
120.8650 546.4471 -15.1360 -11.3440 -0.0056 0.9331 -0.0493 -0.3561
120.9686 546.4372 -15.1375 -11.3458 -0.0056 0.9332 -0.0493 -0.3560
121.0724 546.4156 -15.1418 -11.3643 -0.0055 0.9332 -0.0492 -0.3560
121.1760 546.3956 -15.1436 -11.3938 -0.0054 0.9332 -0.0491 -0.3560
121.2797 546.3660 -15.1481 -11.4248 -0.0055 0.9331 -0.0492 -0.3561
121.3834 546.3359 -15.1495 -11.4585 -0.0056 0.9331 -0.0493 -0.3561
121.4871 546.3452 -15.1536 -11.4650 -0.0056 0.9332 -0.0492 -0.3559
121.5909 546.3158 -15.1545 -11.4949 -0.0055 0.9332 -0.0490 -0.3560
121.6945 546.2718 -15.1581 -11.5301 -0.0054 0.9332 -0.0489 -0.3561
121.7982 546.2406 -15.1730 -11.5790 -0.0054 0.9331 -0.0490 -0.3561
121.9020 546.2100 -15.1736 -11.6229 -0.0056 0.9332 -0.0488 -0.3559
122.0056 546.1559 -15.1855 -11.6682 -0.0055 0.9332 -0.0489 -0.3560
122.1094 546.1280 -15.1865 -11.6995 -0.0057 0.9332 -0.0488 -0.3559
122.2131 546.0734 -15.2012 -11.7499 -0.0056 0.9333 -0.0489 -0.3557
122.3168 546.0210 -15.2068 -11.8201 -0.0057 0.9332 -0.0490 -0.3558
122.4205 545.9633 -15.2164 -11.8811 -0.0056 0.9333 -0.0490 -0.3558
122.5243 545.9062 -15.2222 -11.9498 -0.0058 0.9332 -0.0492 -0.3558
122.6280 545.8391 -15.2370 -12.0254 -0.0058 0.9332 -0.0494 -0.3559
122.7316 545.7788 -15.2486 -12.0996 -0.0056 0.9332 -0.0491 -0.3560
122.8352 545.7193 -15.2585 -12.1521 -0.0056 0.9333 -0.0491 -0.3557
122.9390 545.6654 -15.2729 -12.2228 -0.0055 0.9334 -0.0488 -0.3555
123.0426 545.5878 -15.2832 -12.3096 -0.0055 0.9334 -0.0487 -0.3555
123.1462 545.5121 -15.2877 -12.3806 -0.0058 0.9334 -0.0489 -0.3555
123.2500 545.4447 -15.3023 -12.4640 -0.0057 0.9334 -0.0491 -0.3555
123.3536 545.3692 -15.3159 -12.5558 -0.0057 0.9333 -0.0493 -0.3556
123.4574 545.2898 -15.3249 -12.6442 -0.0049 0.9333 -0.0493 -0.3557
123.5610 545.2131 -15.3431 -12.7308 -0.0033 0.9333 -0.0499 -0.3556
123.6648 545.1400 -15.3553 -12.7990 -0.0023 0.9333 -0.0495 -0.3556
123.7685 545.0443 -15.3732 -12.9032 -0.0018 0.9333 -0.0495 -0.3558
123.8721 544.9824 -15.3838 -12.9845 -0.0019 0.9333 -0.0493 -0.3557
123.9759 544.9187 -15.3954 -13.0514 -0.0019 0.9333 -0.0493 -0.3557
124.0796 544.8545 -15.4083 -13.1270 -0.0020 0.9332 -0.0492 -0.3559
124.1832 544.8036 -15.4122 -13.1871 -0.0018 0.9334 -0.0490 -0.3554
124.2870 544.7548 -15.4263 -13.2638 -0.0019 0.9335 -0.0489 -0.3553
124.3906 544.6721 -15.4355 -13.3326 -0.0017 0.9335 -0.0485 -0.3552
124.4944 544.6371 -15.4401 -13.3971 -0.0017 0.9335 -0.0482 -0.3552
