1.000000000000000000e+00 -3.306050084167601550e-19 -2.270457535318767223e-19 -8.673617379884035472e-19 7.546676715296109287e-19 1.000000000000000000e+00 6.237773588823049983e-19 1.387778780781445676e-17 -3.447385680526250622e-20 4.770700176052009879e-20 1.000000000000000222e+00 5.551115123125782702e-17
5.435710636150561381e-01 6.282972574901747251e-03 8.394149462541777851e-01 -6.080780000622223902e+00 -2.340297258307214023e-02 9.996967477127270962e-01 7.673184533452689568e-03 -5.279524573200007620e-02 -8.391121531899302655e-01 -2.381109778730234813e-02 5.435531487170778275e-01 5.990643366004036352e+00
3.660723681947500863e-01 2.316456803756865475e-03 9.306728921456879355e-01 -4.065941288206340154e+00 -3.180092104177339313e-02 9.994438992895393614e-01 1.001530927765996448e-02 -1.484159222338281292e-02 -9.301322986448575802e-01 -3.326068478764219322e-02 3.659425454677522893e-01 1.348898265658342588e+01
-4.276775974552232684e-01 -1.943021449448734464e-02 9.036403531038008641e-01 -1.014196475723806889e+00 -4.926459754702532112e-02 9.987838620137137191e-01 -1.849970869933081560e-03 1.943839264662406974e-01 -9.025055989170042148e-01 -4.531079449141223875e-02 -4.281146919400060091e-01 1.909754017774612933e+01
-2.552237582997361476e-01 -5.944227352829731421e-03 9.668207645376503123e-01 5.196318671559228441e+00 -3.701308274427170947e-02 9.993079862296940785e-01 -3.632508160001355051e-03 3.828729652028753372e-01 -9.661302448096530382e-01 -3.671913052695163771e-02 -2.552669533594927320e-01 1.985766369258008979e+01
-8.717186191181723887e-01 -3.007764886740978139e-02 4.902819571343302041e-01 1.003924076537356846e+01 -4.315154268015218564e-02 9.989498437175896584e-01 -1.541265089752158306e-02 4.261134856976312446e-01 -4.893039746288017078e-01 -3.457210005175841150e-02 -8.721011720328890604e-01 2.044971803938958033e+01
-7.552076642074839752e-01 -1.749808603515529137e-02 6.552117861679211952e-01 1.379195948924599335e+01 -3.133746093692638818e-02 9.994641497972907018e-01 -9.437858232730073418e-03 4.451582645539861049e-01 -6.546955050436488177e-01 -2.766919252387572623e-02 -7.553512941682980486e-01 1.719381506826965733e+01
-8.451682517579901521e-01 -2.100429446377997250e-02 5.329090888727071595e-01 1.830027870417512048e+01 -3.019909553264174540e-02 9.995074540982029632e-01 -8.519870013449832094e-03 4.492451561922030656e-01 -5.324673136346814717e-01 -2.331749867623844619e-02 -8.453861555415067564e-01 1.480515099635662324e+01
-9.968446585299284290e-01 -3.149052562893923934e-02 7.425855786995212704e-02 2.211545060011901143e+01 -3.245247182485257870e-02 9.994011377934004514e-01 -1.199946025370881610e-02 5.052299991790281108e-01 -7.383633403063086242e-02 -1.437024044699335319e-02 -9.972696664811844247e-01 1.224408721007078249e+01
-9.712039053617369522e-01 -2.629012380889878334e-02 -2.391021476668053758e-01 2.398410027589581262e+01 -2.598303178626739166e-02 9.996525922397518915e-01 -4.550896799407508526e-03 4.428737404210981721e-01 2.391385960034911884e-01 1.799908813026519826e-03 -9.715494969289792948e-01 8.471654381204096751e+00
-7.288408394854847261e-01 -1.058080510645657661e-02 -6.849840628687667854e-01 2.424883513219188558e+01 -1.167966161658744173e-02 9.999272043272711130e-01 -3.021491836820607447e-03 4.739000885687819076e-01 6.849661665143653710e-01 5.799230784898275551e-03 -7.289114891055499257e-01 4.997285549521104819e+00
-6.654619902157787870e-01 3.151020822792909796e-03 -7.462893441615701118e-01 2.279615899583299665e+01 -3.615782952689561031e-03 9.999659032838684736e-01 7.432460353119800002e-03 3.799615884541047151e-01 7.462872383330741988e-01 7.643440424437751915e-03 -6.654279471867421414e-01 2.347959322719934239e+00
-1.895057120880519752e-01 7.315959332790987826e-03 -9.817624715221116016e-01 2.158425105940433752e+01 -2.243397048482036367e-03 9.999664706970810002e-01 7.887925091721448637e-03 4.050484245800097804e-01 9.817871769518901059e-01 3.695935234320046892e-03 -1.894828651373111628e-01 8.280393004248984834e-01
-4.492834632925976068e-01 1.374468476638397892e-02 -8.933292759178412812e-01 2.053010405929216375e+01 -5.586472763786714743e-03 9.998188671490784163e-01 1.819484759957668008e-02 3.625320245144739717e-01 8.934176619515409312e-01 1.316668805091620459e-02 -4.491251937238818770e-01 1.071931387902414157e+00
-6.333844630317371494e-02 1.673767225919677373e-02 -9.978491675808669470e-01 2.020526239202430929e+01 -2.347488841896432348e-03 9.998541116133029538e-01 1.692059994756648506e-02 4.030470541535200457e-01 9.979868560472578976e-01 3.415374628746555355e-03 -6.328987951825525149e-02 9.753259832404714835e-01
-3.493403169708426126e-01 2.008326950721386200e-02 -9.369047380676333026e-01 2.009209521772856988e+01 -2.408591353854812604e-04 9.997683841141287164e-01 2.152233313873899018e-02 3.737697142330191902e-01 9.371199543386417030e-01 7.744249370460963913e-03 -3.492546483829863102e-01 1.052128807726222304e+00
6.413777052141575452e-02 2.201934700133451051e-02 -9.977004877774265923e-01 1.961600191169464580e+01 2.674575011168369831e-03 9.997491741739890081e-01 2.223775331933244143e-02 4.132148139085680127e-01 9.979398764061024885e-01 -4.094008589577056122e-03 6.406279976756223959e-02 1.097568455207202032e+00
-2.315848560039986404e-01 2.504875497949966487e-02 -9.723402269141867560e-01 1.949178426763161909e+01 3.606293925360462733e-03 9.996837334293668942e-01 2.488834139727469710e-02 3.750959550195486214e-01 9.726561400341978691e-01 2.261373935632304821e-03 -2.316019997550801124e-01 1.039804254779944426e+00
1.681702104918182672e-01 2.371983867455597014e-02 -9.855380514562201988e-01 1.895429735264681881e+01 6.080821698222857279e-03 9.996666045117318378e-01 2.509607982904344184e-02 4.166883879772609323e-01 9.858047498353865734e-01 -1.021044034681006449e-02 1.679697782953620544e-01 1.269707790635917544e+00
-1.144697572701357247e-01 2.621131597939806157e-02 -9.930743477404181396e-01 1.875021610652222392e+01 4.084279442041564498e-03 9.996558141046553159e-01 2.591740911642598580e-02 4.173455223047757290e-01 9.934119197519767352e-01 -1.087641609701191095e-03 -1.145374060094958291e-01 1.081691042772621625e+00
2.651004929144712974e-01 2.608261317917458938e-02 -9.638366081442346633e-01 1.835205677124450929e+01 5.315184306974450774e-04 9.996300686634944643e-01 2.719353476456853880e-02 4.399080377573797995e-01 9.641892709960232510e-01 -7.721641443959204043e-03 2.649884037140112225e-01 1.536682570717920360e+00
-1.459697124333983811e-02 2.880809304195799253e-02 -9.994845131759423351e-01 1.808872305653533274e+01 4.051362645038283396e-03 9.995783501034195551e-01 2.875503146529084786e-02 4.314018041048226504e-01 9.998914709954678237e-01 -3.635110347339940654e-03 -1.470752464910690151e-02 1.153288494785496443e+00
3.623900907523838755e-01 2.854833720288372026e-02 -9.315246077996175433e-01 1.772690206600141494e+01 -9.343819378018020051e-04 9.995413578340300864e-01 3.026832671199169295e-02 4.462224012645725768e-01 9.319615429193549572e-01 -1.010038096241024433e-02 3.622505611105466539e-01 1.916575709328467880e+00
1.745546302741790845e-01 3.073358374622411210e-02 -9.841775704257644808e-01 1.743833077290283029e+01 1.141276585523486996e-03 9.995056532393271631e-01 3.141742500088933604e-02 4.400347866692352339e-01 9.846567275877950998e-01 -6.607530964451906706e-03 1.744333223386209941e-01 1.472696837584665630e+00
4.479118711670383446e-01 2.748486681475844143e-02 -8.935898115731129021e-01 1.714082744094309163e+01 -2.067025289337673724e-03 9.995564472386095911e-01 2.970558869854170170e-02 4.499930141676593554e-01 8.940101689976779342e-01 -1.145721119137257243e-02 4.477700512976450220e-01 2.264212430230509998e+00
2.413679181047877764e-01 2.631558323032033922e-02 -9.699908535406434051e-01 1.662087123692839086e+01 3.628639678054666577e-03 9.996007071185721848e-01 2.802036657605061140e-02 4.629460603935264262e-01 9.703409518677971191e-01 -1.028283391886596412e-02 2.411760583761123344e-01 1.951907424566975857e+00
5.143546118440848192e-01 1.906468372115390289e-02 -8.575276875200076310e-01 1.640933884468228143e+01 2.117558357825707286e-03 9.997214766254877150e-01 2.349898669883340729e-02 4.664682681950469978e-01 8.577371780883757957e-01 -1.390356782331366760e-02 5.141710295266435082e-01 2.798582008969464407e+00
4.173754756367866192e-01 1.792454414392526812e-02 -9.083965689508457508e-01 1.590424786354979325e+01 5.963223506177865382e-03 9.997297417376204143e-01 2.246476369648450419e-02 4.746440868458972617e-01 9.085540610805369344e-01 -1.479321786352630515e-02 4.171559019912853272e-01 2.662354676273343657e+00
5.597893891913379161e-01 1.461608047289178654e-02 -8.285529987676639729e-01 1.531107425519272880e+01 3.826828555458833443e-03 9.997880850946450071e-01 2.022320524837710118e-02 4.869051748573739458e-01 8.286731216607432504e-01 -1.449328370375925663e-02 5.596148279410375626e-01 3.522002462815119639e+00
5.656428094725916011e-01 1.474746134008815893e-02 -8.245315111017414988e-01 1.458379963686536840e+01 5.824971426398812928e-03 9.997436498599991950e-01 2.187874025220831742e-02 4.932073489873419758e-01 8.246428366987114122e-01 -1.717887064139246231e-02 5.654118805111593149e-01 3.748241087727520515e+00
5.796582829186310848e-01 1.474173459718404466e-02 -8.147600576117131066e-01 1.425971736667657375e+01 6.898832340630847888e-03 9.997116537987634777e-01 2.299528762384731376e-02 4.941904037542774741e-01 8.148642368523231205e-01 -1.895069380786160509e-02 5.793894784322943803e-01 4.233584724910744335e+00
5.901774271934658866e-01 1.663642566242207188e-02 -8.069816697180245413e-01 1.357341607757736135e+01 6.095982073176384013e-03 9.996672068809852041e-01 2.506452856929404852e-02 5.116780657452418835e-01 8.071302300380228667e-01 -1.971263119144804621e-02 5.898796419913754363e-01 4.570304511460848040e+00
5.977478739827236653e-01 1.862193647219035839e-02 -8.013844104476023356e-01 1.311594481408532253e+01 4.769162557129493982e-03 9.996298616796676084e-01 2.678322791360152402e-02 5.272706430764287910e-01 8.015865312753671645e-01 -1.983448348003356149e-02 5.974377808094717413e-01 5.064480008521946353e+00
6.083258638164577015e-01 2.044739389944628255e-02 -7.934303267581322983e-01 1.247813562902991791e+01 3.683568398986788398e-03 9.995847325888830293e-01 2.858011413548783297e-02 5.396195743130792755e-01 7.936853220794053421e-01 -2.030756618227650551e-02 6.079977521549928543e-01 5.460384160924488306e+00
6.156776857607623166e-01 2.259726327859051809e-02 -7.876193879527596531e-01 1.192413042354185571e+01 3.115221022970528306e-03 9.995111874537678798e-01 3.110962396295205781e-02 5.497572069024776464e-01 7.879374969952419594e-01 -2.160540610782195683e-02 6.153063412477502991e-01 5.959543651040846157e+00
6.243202547183490658e-01 2.400405964715091045e-02 -7.809213481539805102e-01 1.130760858699946247e+01 2.670825688827697508e-03 9.994563566294371038e-01 3.286396638568752498e-02 5.658300143773644653e-01 7.812858305903725986e-01 -2.260283063231250181e-02 6.239168081086960971e-01 6.429293380487076881e+00
6.327214586087546166e-01 2.490530992891565668e-02 -7.738823196588701103e-01 1.070513484004871074e+01 2.328559508473805606e-03 9.994170734128297040e-01 3.406291268826205920e-02 5.812599461456144923e-01 7.742794116503304291e-01 -2.335652226606216991e-02 6.322946135014871905e-01 6.933551256085805470e+00
6.407550866013871360e-01 2.753937001608719459e-02 -7.672435863463806793e-01 1.008402292433007652e+01 9.571916520691632364e-04 9.993271241562353691e-01 3.666775209640141253e-02 6.043436974877746115e-01 7.677369237330053942e-01 -2.423483886865791456e-02 6.402974422193675741e-01 7.443426412577979434e+00
6.495498886939468086e-01 3.116929161893580713e-02 -7.597872977519199988e-01 9.466009535354086069e+00 -2.558912400593882819e-04 9.991681879745035744e-01 4.077906987433991409e-02 6.236649138078103061e-01 7.604267297943002601e-01 -2.628714886117583874e-02 6.490178528206855812e-01 7.967101097696000167e+00
6.603743939740367441e-01 3.425788129171200569e-02 -7.501510780303470849e-01 8.855826644344171328e+00 -9.679005278137934850e-04 9.989970202797580079e-01 4.477069324876619544e-02 6.370711701578065655e-01 7.509320852985235106e-01 -2.884371140361315089e-02 6.597451185487871461e-01 8.503947306250376315e+00
6.694244046108490664e-01 3.639044311196185100e-02 -7.419874815666169798e-01 8.247794773076945418e+00 -1.389736837391158074e-03 9.988591204480202768e-01 4.772388869770780029e-02 6.578315223696913350e-01 7.428781271527823415e-01 -3.091305353435874412e-02 6.687113017348014221e-01 9.054707531061156445e+00
6.804544154653099364e-01 3.616069294865065231e-02 -7.319327362549501448e-01 7.640213209736387512e+00 -1.522934105294818747e-03 9.988495157808887637e-01 4.792804603954888693e-02 6.783353887880886335e-01 7.328238049112177910e-01 -3.149969593565386805e-02 6.797264943023548778e-01 9.618829055567251984e+00
6.907647321592907952e-01 3.541613850777003414e-02 -7.223125313806467718e-01 7.048455274041144136e+00 -2.151354236830469151e-03 9.988961105612914615e-01 4.692562613652533771e-02 7.020544668096287966e-01 7.231770692300250047e-01 -3.086381384360303154e-02 6.900782629808643875e-01 1.018885541537478723e+01
7.032040251941860109e-01 3.479726481070603838e-02 -7.100446422400270574e-01 6.463062529821805846e+00 -2.911319357166536250e-03 9.989341881290427771e-01 4.606943526588373750e-02 7.245992068021877008e-01 7.108908342873374586e-01 -3.032966121984682906e-02 7.025558670295547481e-01 1.077178124102896994e+01
7.184032300767688728e-01 3.457842053127843651e-02 -6.949223020975000553e-01 5.877397304266119171e+00 -5.108320306613877045e-03 9.989991185109503569e-01 4.443369446569260528e-02 7.447050258541860757e-01 6.957635949334012304e-01 -2.836999510076035694e-02 7.178608083031502440e-01 1.137244996132941743e+01
7.353367647033897114e-01 3.580314209447366808e-02 -6.767119330760164031e-01 5.310718585407067316e+00 -8.766139432842649792e-03 9.990222670024697660e-01 4.332906019969356981e-02 7.684609861808866516e-01 6.776019232281816906e-01 -2.592239525735143962e-02 7.349321784687014025e-01 1.197927895605710269e+01
7.551637720789182717e-01 3.698499177861243326e-02 -6.545212962032692650e-01 4.761792829076214595e+00 -1.224734706241631561e-02 9.990289242646887002e-01 4.232873845967818210e-02 7.914136883851246029e-01 6.554508678405019939e-01 -2.395128374433002499e-02 7.548834817302764177e-01 1.262048888083756282e+01
7.774826820598217392e-01 3.672263009213748430e-02 -6.279114457825349938e-01 4.210260083880053905e+00 -1.393403177679320912e-02 9.990544643775379763e-01 4.117800508115088132e-02 8.121703624195280025e-01 6.288303060479870643e-01 -2.326479305084448723e-02 7.772593237278931921e-01 1.329850520531134883e+01
7.985464219733882096e-01 3.609206486624254306e-02 -6.010200986680079849e-01 3.701083688336785915e+00 -1.454041170050034658e-02 9.990659939637281939e-01 4.068951448888912664e-02 8.251220718400639198e-01 6.019276035066769559e-01 -2.375189036631192990e-02 7.983256705725885194e-01 1.397590115478567974e+01
8.197764482358796956e-01 3.517008837874170679e-02 -5.714968870217361774e-01 3.208203500335396807e+00 -1.550003411496945517e-02 9.991095482727732069e-01 3.924091174039068264e-02 8.384711664311025325e-01 5.723676943380074933e-01 -2.331168694314659368e-02 8.195913289308004446e-01 1.469300401331276618e+01
8.369496757043906054e-01 3.414222825164971858e-02 -5.462486404258607431e-01 2.750004506487957912e+00 -1.671732107892475588e-02 9.991813940663213378e-01 3.683494133290280553e-02 8.509892271734956770e-01 5.470592473407398515e-01 -2.169663288340236904e-02 8.368352316704811278e-01 1.540539385536706085e+01
8.550363184469182976e-01 3.364840513747618250e-02 -5.174091606454281900e-01 2.292678811811569961e+00 -1.893207681073736173e-02 9.992527763070540026e-01 3.369327439663110518e-02 8.670439078470183469e-01 5.181564815678963987e-01 -1.900986255750978376e-02 8.550344902794446700e-01 1.613698734049490469e+01
8.713722132373922236e-01 2.773182353558595672e-02 -4.897755190594739183e-01 1.866213083160144226e+00 -1.560864634265548417e-02 9.994627663831200381e-01 2.881548863126698334e-02 8.785026351558371527e-01 4.903116683157366928e-01 -1.746269408219125810e-02 8.713368443579121436e-01 1.688877577373167682e+01
8.864215394124402847e-01 1.979580041756538733e-02 -4.623444265592763225e-01 1.483407719516233847e+00 -1.007185074069806563e-02 9.996733602829307452e-01 2.348348895020227825e-02 8.834386416354302884e-01 4.626583943272485899e-01 -1.615825985634068707e-02 8.863312286920803640e-01 1.764735292797922028e+01
9.011771797077255952e-01 1.074929239301462142e-02 -4.332810198112131972e-01 1.118083348086330142e+00 -3.254682303670707998e-03 9.998320906790089113e-01 1.802843336999451762e-02 8.849860553305265443e-01 4.334021994169158787e-01 -1.483539342670145943e-02 9.010606916379544362e-01 1.843062602588876331e+01
9.131777005435156580e-01 2.562258189106446631e-03 -4.076242274041365077e-01 7.835644952429162702e-01 3.247125746645503682e-03 9.999027778119218279e-01 1.355983075642959099e-02 8.777487303497419902e-01 4.076194627794952341e-01 -1.370600571252559956e-02 9.130804293899240642e-01 1.922227428788554349e+01
9.252178305335587716e-01 -7.342240071512779950e-03 -3.793091574365154428e-01 4.483482816558300721e-01 1.202023100072742434e-02 9.998780987503669282e-01 9.962320707817651916e-03 8.743960579720213566e-01 3.791898565293837509e-01 -1.377815065969350584e-02 9.251931174804483016e-01 2.002681307520118281e+01
9.354157772324659392e-01 -1.685184966109217614e-02 -3.531033476265472704e-01 1.499059592973841781e-01 1.848577208577696987e-02 9.998282112621698081e-01 1.252129731400592264e-03 8.521658482788188049e-01 3.530216186211975748e-01 -7.701099771741586747e-03 9.355666990473262556e-01 2.083265627889324989e+01
9.438838437084037247e-01 -2.657708589643223082e-02 -3.292096187806592966e-01 -1.119807527921520274e-01 2.359186867558092301e-02 9.996363236882197523e-01 -1.306004134102663715e-02 8.283390285606343495e-01 3.294370193391188417e-01 4.560156076174437523e-03 9.441675753134903815e-01 2.164125248784902311e+01
9.516002830803302892e-01 -3.331700072659960626e-02 -3.054684779050472199e-01 -3.679216158173020945e-01 2.558207884569003998e-02 9.992434608508955485e-01 -2.927862533877806719e-02 7.919004760888035399e-01 3.062133452313062776e-01 2.004383350003438591e-02 9.517328218112671712e-01 2.243978636429437401e+01
9.596360954038657409e-01 -3.760130410711236965e-02 -2.786781486279111819e-01 -6.082014073885033678e-01 2.562833852058380921e-02 9.985902894742246794e-01 -4.647025167175484334e-02 7.631407581959551711e-01 2.800332490907084804e-01 3.744915452778475179e-02 9.592473485470502936e-01 2.324314786069821182e+01
9.663366126399082212e-01 -4.312128315416000751e-02 -2.536203637697648228e-01 -8.180699139213929438e-01 2.975696079256615750e-02 9.979705412930330866e-01 -5.627776622652171101e-02 7.069150558192955902e-01 2.555334352254245989e-01 4.683376586708069833e-02 9.656588785720944257e-01 2.407044906930278927e+01
9.730197534641386037e-01 -4.703178065558174387e-02 -2.257470157067443250e-01 -1.018132845192324831e+00 3.425377924114559464e-02 9.975992998709819481e-01 -6.014763628308420623e-02 6.465446545836198711e-01 2.280364246304356635e-01 5.078044311521378446e-02 9.722973995495537425e-01 2.489336073921890957e+01
9.777720401805154449e-01 -4.796450912661276433e-02 -2.040775260305607575e-01 -1.185205214866214662e+00 3.728065409129037444e-02 9.977416306838822191e-01 -5.585882136158514671e-02 5.831092201482609427e-01 2.062965184942951724e-01 4.700738525641831589e-02 9.773521085354742732e-01 2.572243386814925614e+01
9.819481315128346655e-01 -4.991506910786676354e-02 -1.824175447226585312e-01 -1.338116661487472214e+00 4.139809893631968274e-02 9.978804927106617040e-01 -5.019222579274677104e-02 5.186972663374214143e-01 1.845371030246288069e-01 4.173142827934372273e-02 9.819341020834192468e-01 2.656761365189227320e+01
9.847471042914527350e-01 -5.119605803146550643e-02 -1.662624237149476214e-01 -1.457088581491015722e+00 4.461832657495599236e-02 9.980751601793304006e-01 -4.303274039545803425e-02 4.481039035936715265e-01 1.681473171379405662e-01 3.495463155718357695e-02 9.851370799162715297e-01 2.740030834397797221e+01
9.863497753951960823e-01 -5.299202084964004661e-02 -1.557818577048310504e-01 -1.563893657643879109e+00 4.720982181267018019e-02 9.980596753027822787e-01 -4.055177642763048429e-02 3.836467496254707399e-01 1.576301765104144714e-01 3.263406215650890146e-02 9.869403846978350714e-01 2.823015916145462967e+01
9.880381551114538752e-01 -5.309807365766127524e-02 -1.446507582630410516e-01 -1.670986424095073586e+00 4.758288097703087388e-02 9.980109890567747666e-01 -4.127361566528030962e-02 3.173334628350625852e-01 1.465577361286095892e-01 3.388496029860998959e-02 9.886038018271025019e-01 2.906729671175141760e+01
9.887298975907522491e-01 -5.233795396182173293e-02 -1.401335246935567491e-01 -1.740577613742301910e+00 4.696521081462307762e-02 9.980373873741927859e-01 -4.131757907111761885e-02 2.660682953921190697e-01 1.420251714705526302e-01 3.425692872149126850e-02 9.892531703954678957e-01 2.984734603617069482e+01
9.901560203407615557e-01 -4.812385227529828585e-02 -1.312794493755775893e-01 -1.849774598339702036e+00 4.300221054337884097e-02 9.982095044479296631e-01 -4.150270922089842329e-02 2.181016887902467172e-01 1.330446311562611950e-01 3.543769670882966627e-02 9.904559316436515326e-01 3.067028881291275155e+01
9.915825763510150992e-01 -4.417594719728588221e-02 -1.215806420406443378e-01 -1.945457381651484186e+00 3.955404063221110850e-02 9.984092156334380963e-01 -4.011023615591696734e-02 1.743583311454533491e-01 1.231619597305719516e-01 3.495407632242377577e-02 9.917560736924266873e-01 3.147218965120496392e+01
9.918816801338491418e-01 -4.428853583628109686e-02 -1.189648561176517017e-01 -2.031155615799434155e+00 3.981802270819844586e-02 9.984173409603755989e-01 -3.957661585741975574e-02 1.249840217026337158e-01 1.205348354690225221e-01 3.450055250001769769e-02 9.920816670962359085e-01 3.227330246528447333e+01
9.915410969904278060e-01 -4.584216003107502435e-02 -1.212437088696980275e-01 -2.112335020017183762e+00 4.116599412487884080e-02 9.983182729764922270e-01 -4.071342135747112179e-02 6.568476217556507013e-02 1.229102802209611628e-01 3.536349827093917403e-02 9.917662465835258567e-01 3.307988801055602579e+01
9.913472259455660129e-01 -4.659835067624978205e-02 -1.225377678610655580e-01 -2.215437188722999551e+00 4.167348576636067253e-02 9.982281328830016065e-01 -4.235913188591924894e-02 3.178045551114293960e-02 1.242993097017448256e-01 3.687130973550516860e-02 9.915383730325471046e-01 3.384943737564758237e+01
9.912609037430653025e-01 -4.628924186294990084e-02 -1.233909967018425591e-01 -2.338361352478848243e+00 4.111641735642991569e-02 9.981788035772348744e-01 -4.407531080536521151e-02 -1.855613609160242095e-02 1.252093384555140465e-01 3.860706767019152913e-02 9.913620538300602636e-01 3.476401971404662561e+01
9.906641407224275886e-01 -4.825459542344267411e-02 -1.273632535469770843e-01 -2.460031030794838092e+00 4.281529438955278266e-02 9.980634776196199986e-01 -4.502642069565319927e-02 -6.410573807977117122e-02 1.292937520284888342e-01 3.914085815253760120e-02 9.908166040128416618e-01 3.561764726997988362e+01
9.901685693442952019e-01 -4.907481243196224613e-02 -1.307964140567081934e-01 -2.602749231747859771e+00 4.342667658417878607e-02 9.980112605611936027e-01 -4.558498838051842916e-02 -1.072376859296901019e-01 1.327781555772410971e-01 3.944217818588462154e-02 9.903351990480637745e-01 3.652142355894018522e+01
9.894648492657361905e-01 -4.930422539479990124e-02 -1.359363812542075389e-01 -2.758209956121308704e+00 4.327826778033637412e-02 9.979600094562456336e-01 -4.685179277271627613e-02 -1.476926934157646032e-01 1.379728819446273957e-01 4.046092943788317381e-02 9.895847357184786031e-01 3.744225725419124018e+01
9.889626261834032483e-01 -4.910419596579560647e-02 -1.396915263581879618e-01 -2.917745345282590552e+00 4.284096920880691578e-02 9.979523518813695482e-01 -4.744747908766618755e-02 -1.951894138085192576e-01 1.417375259087671757e-01 4.093165713037879433e-02 9.890435480697185033e-01 3.836000637141567893e+01
9.882607454502029265e-01 -4.855573438532034825e-02 -1.447108530476362842e-01 -3.080850340211678251e+00 4.194034762209376127e-02 9.979456974196235786e-01 -4.834413711954441834e-02 -2.425199091263982587e-01 1.467650650677879698e-01 4.169464255474135406e-02 9.882711462605753283e-01 3.927782367287443321e+01
9.876222194653763164e-01 -4.553265108609722001e-02 -1.499812150800312049e-01 -3.240344052488917992e+00 3.853132563218719664e-02 9.980425593264291573e-01 -4.920162657788675759e-02 -3.004745004831483879e-01 1.519306554869294390e-01 4.280469534475302151e-02 9.874458970199624375e-01 4.023074410961067571e+01
9.878130115664501831e-01 -4.228159997132582837e-02 -1.496962236003914759e-01 -3.414374636976055921e+00 3.536712081737333063e-02 9.981945741878356371e-01 -4.849666381135060711e-02 -3.482855393369907460e-01 1.514787017708116024e-01 4.260490370541480248e-02 9.875264618493216906e-01 4.118961337575672843e+01
9.878255696245586970e-01 -3.926499569536907874e-02 -1.504403065342636014e-01 -3.572252139455297737e+00 3.240216074292102955e-02 9.983314063356987234e-01 -4.775614877310612599e-02 -4.147419216042326218e-01 1.520663455512225037e-01 4.229375834698319292e-02 9.874511602168060120e-01 4.218117480091279958e+01
9.878613128912099306e-01 -3.777706924661739657e-02 -1.505534310251583907e-01 -3.727997172551791749e+00 3.103167348690791597e-02 9.984180650206253560e-01 -4.684349743215621142e-02 -4.732780033759584892e-01 1.520866847959608525e-01 4.159629152812811814e-02 9.874719882266231874e-01 4.316314821513559252e+01
9.881467668259981130e-01 -3.715754739155827796e-02 -1.487978039917869089e-01 -3.895094620353782844e+00 3.069939126741407301e-02 9.984948643872996188e-01 -4.539485017283291513e-02 -5.385548296975509741e-01 1.502629102690664631e-01 4.028006400052302344e-02 9.878019236649374646e-01 4.415462533558251579e+01
9.878021351319214993e-01 -3.735083397913007558e-02 -1.511029246456186137e-01 -4.048370488596869876e+00 3.082919940978053053e-02 9.984987458141441063e-01 -4.523267170204230830e-02 -5.976868356899093238e-01 1.525674071631215045e-01 4.001747844361959461e-02 9.874719428645122310e-01 4.518572380831705715e+01
9.879577050209845668e-01 -3.687977997124265717e-02 -1.501337281365006937e-01 -4.212615209147500650e+00 3.060295165791781721e-02 9.985677939229232747e-01 -4.384603761038850106e-02 -6.611564408651339209e-01 1.515372122183113734e-01 3.871720554823483013e-02 9.876723059839181973e-01 4.621136074247718284e+01
9.879236787619419813e-01 -3.673866943527157730e-02 -1.503774061187473088e-01 -4.377890956037905568e+00 3.056084547103075574e-02 9.985999432746015536e-01 -4.311766330734499719e-02 -7.240977728410857850e-01 1.517533949123897330e-01 3.799243937431854429e-02 9.876651825899215309e-01 4.723502714218302145e+01
9.878861327633087219e-01 -3.506758072003357540e-02 -1.510081931389726240e-01 -4.562874371237576554e+00 2.890340771960854885e-02 9.986648016189172417e-01 -4.275410217508696098e-02 -7.851236266340216874e-01 1.523085480075719034e-01 3.786100408637699255e-02 9.875831531803352936e-01 4.828810995444886345e+01
9.880175090836318397e-01 -3.437613503747211086e-02 -1.503257445126041369e-01 -4.735624006071521563e+00 2.838479855082126635e-02 9.987225959098844363e-01 -4.176909415277045567e-02 -8.499759971578583206e-01 1.515708509434113005e-01 3.699495286318577048e-02 9.877323581374348738e-01 4.930934469980713430e+01
9.878250303019852074e-01 -3.342489384832077887e-02 -1.517284806051407697e-01 -4.899910712322411932e+00 2.737306579070136053e-02 9.987516034180436986e-01 -4.169631087612905851e-02 -9.130027912770035670e-01 1.529363453877333467e-01 3.702259944829682653e-02 9.875095317081331592e-01 5.034765187701264466e+01
9.873441294784297551e-01 -3.299653682213030820e-02 -1.550104190515054770e-01 -5.056529256589029409e+00 2.695273397046018746e-02 9.987988050786151817e-01 -4.089534455537324753e-02 -9.740657816341415920e-01 1.561746646318998566e-01 3.619388359234092939e-02 9.870486247576831795e-01 5.137437740093829319e+01
9.872646870109444972e-01 -3.296174729014990368e-02 -1.555103649037861968e-01 -5.236957110379375280e+00 2.748274607771837227e-02 9.989283780466358120e-01 -3.720586480102905380e-02 -1.037347131115390564e+00 1.565713005595522622e-01 3.245217731452593873e-02 9.871134716169197576e-01 5.241587749993341561e+01
9.865174750519339897e-01 -3.355127515885265865e-02 -1.600257420126886820e-01 -5.399057853690941045e+00 2.816832764367971711e-02 9.989627089900661172e-01 -3.574099128163892719e-02 -1.091582134262573778e+00 1.610602020759666353e-01 3.074357698448837092e-02 9.864404850368270194e-01 5.346594515824789084e+01
9.859454779526201085e-01 -3.313234084644671451e-02 -1.636126337354685267e-01 -5.577768045542843112e+00 2.777838254038191360e-02 9.990047933870311869e-01 -3.485819219560534754e-02 -1.154635085617570223e+00 1.646059943172291373e-01 2.981632411453086912e-02 9.858858912274878206e-01 5.449209141562251091e+01
9.855519646213050100e-01 -3.320934140661167128e-02 -1.659237168071173441e-01 -5.753159116924806860e+00 2.779156844654568498e-02 9.990055251087986976e-01 -3.482006111030592349e-02 -1.218947622976764178e+00 1.669167054095944402e-01 2.969593393672799106e-02 9.854965406882926215e-01 5.551468307744234920e+01
9.852731532466093567e-01 -3.320811682985417429e-02 -1.676032821238832571e-01 -5.922780219261062129e+00 2.774277862573975781e-02 9.990076668987558639e-01 -3.479635851014901277e-02 -1.274558786726589288e+00 1.685941755780698270e-01 2.962623782455841084e-02 9.852181718208826711e-01 5.654323875263767007e+01
9.854343380030931021e-01 -3.264561983348294311e-02 -1.667531835696086373e-01 -6.098682879584932159e+00 2.684836675456345537e-02 9.989587358434153241e-01 -3.684932641279814458e-02 -1.333667150249312927e+00 1.677837815166769719e-01 3.182923904040996232e-02 9.852855069144478284e-01 5.754151503319780403e+01
9.857647150758468424e-01 -3.087979359469143759e-02 -1.651520550320028924e-01 -6.277745614065626256e+00 2.470112263210363923e-02 9.989213577868815142e-01 -3.928450055127435253e-02 -1.400523121896495971e+00 1.661882439262549194e-01 3.464051706831176164e-02 9.854648151034280934e-01 5.855128860031700810e+01
9.865945818771073572e-01 -2.917829089978604684e-02 -1.604565486167659760e-01 -6.436490059560017407e+00 2.304125559900522396e-02 9.989356394217907553e-01 -3.992949726145698236e-02 -1.464436640414511492e+00 1.614518168520716335e-01 3.569298199796399479e-02 9.862171770775668422e-01 5.957190290784267717e+01
9.876998791095240593e-01 -2.877764514383889666e-02 -1.535632262210303578e-01 -6.609583730937401924e+00 2.313853045226000812e-02 9.989957530111099882e-01 -3.833430484766309904e-02 -1.514498104856877969e+00 1.545134168241767691e-01 3.430360485008995819e-02 9.873746784720175418e-01 6.056883765916069962e+01
9.885346655392667214e-01 -3.037028084890506033e-02 -1.477856890633945375e-01 -6.764861415831207481e+00 2.560551618821712075e-02 9.990926116169623894e-01 -3.399346706059524353e-02 -1.586486292548754173e+00 1.486854511662511757e-01 2.981249981841313859e-02 9.884167816435149856e-01 6.158492919713304303e+01
9.896937654221541480e-01 -2.786378086205136898e-02 -1.403217995665653195e-01 -6.919260832944349460e+00 2.352060528136944856e-02 9.991948672782039464e-01 -3.245835880660128542e-02 -1.635162897481774014e+00 1.411146941399134824e-01 2.881679537045808009e-02 9.895532613540551914e-01 6.256727725853301081e+01
9.902632659973490403e-01 -2.746012402024571031e-02 -1.362457813943574458e-01 -7.063890250313677122e+00 2.311890368272300628e-02 9.991774294556977631e-01 -3.325602661583815234e-02 -1.700493785289043824e+00 1.370488807542710186e-01 2.977283834308778673e-02 9.900849898573170771e-01 6.357415972818477456e+01
9.909159732011010302e-01 -2.678637923011771560e-02 -1.315981933495400935e-01 -7.198573855488416662e+00 2.239526465515185791e-02 9.991463380521765636e-01 -3.464541908537830533e-02 -1.758783637080593376e+00 1.324161377487114155e-01 3.137478938201966605e-02 9.906715006020386793e-01 6.456310337778691633e+01
9.917296247965274869e-01 -2.610771530408107638e-02 -1.255029926364130688e-01 -7.350646405775659531e+00 2.182587761970479143e-02 9.991367085991865737e-01 -3.528965629785468794e-02 -1.809433323003057037e+00 1.263178822648408639e-01 3.225183328212386652e-02 9.914443789417800579e-01 6.554547181326920224e+01
9.922059200178012794e-01 -2.475451288742801931e-02 -1.219794173437183660e-01 -7.476115657796246872e+00 2.051990565305225958e-02 9.991472960926146563e-01 -3.578538379133973379e-02 -1.862212564202242460e+00 1.227626997299388206e-01 3.299742177664349851e-02 9.918688512456939055e-01 6.654705077010527248e+01
9.927167023241024735e-01 -2.419112397853054666e-02 -1.177816862001287712e-01 -7.600079353124659320e+00 2.017885576883773555e-02 9.991801462327231098e-01 -3.501656402679724500e-02 -1.920403229354563202e+00 1.185347370628954400e-01 3.237575823542779979e-02 9.923924995686325135e-01 6.752508591119168102e+01
9.930674399402888985e-01 -2.435455359427077596e-02 -1.148297725752567833e-01 -7.723971288910584931e+00 2.082557579101837822e-02 9.992767032613578682e-01 -3.175051293803907854e-02 -1.972228257879417024e+00 1.155220530086930597e-01 2.913146873819677518e-02 9.928577520353224495e-01 6.849782465837203915e+01
9.934855544425028606e-01 -2.424783262394986788e-02 -1.112111399692340824e-01 -7.837362863489206966e+00 2.157178034794336383e-02 9.994497371865451729e-01 -2.514968968165071789e-02 -2.020273369464002045e+00 1.117610415678170627e-01 2.258094534814653054e-02 9.934629880378530453e-01 6.948041027808169190e+01
9.936308962114428489e-01 -2.386604043910828254e-02 -1.099174856935901112e-01 -7.957915138299899382e+00 2.162471182130121933e-02 9.995337406469622099e-01 -2.147129502008275626e-02 -2.063563011863502883e+00 1.103804675251184447e-01 1.894779713892337861e-02 9.936858632484067977e-01 7.045164408635213249e+01
9.936449111165879255e-01 -2.327366880655814749e-02 -1.098601790630322483e-01 -8.046762339803452235e+00 2.095235556307698671e-02 9.995330365949429696e-01 -2.214200381402758183e-02 -2.126085135983433183e+00 1.103264265942933142e-01 1.968816697990648235e-02 9.936707642559374776e-01 7.141281598329092617e+01
9.937360728469102344e-01 -2.260971040454776843e-02 -1.093379977877883547e-01 -8.148253192936229183e+00 2.002472006830630785e-02 9.994947036998083068e-01 -2.463690273135560327e-02 -2.173817212880209571e+00 1.098409628864087523e-01 2.228833601541036977e-02 9.936877324597819250e-01 7.236786123751137723e+01
9.937150508456052966e-01 -2.519246810761478772e-02 -1.087869619430198442e-01 -8.241817204813651543e+00 2.248881976614807224e-02 9.994087891697601700e-01 -2.589835755195804903e-02 -2.235932441575489094e+00 1.093778815736430737e-01 2.327632109448271244e-02 9.936968577690588056e-01 7.333710948455322409e+01
9.935155944453916144e-01 -2.799076002813252056e-02 -1.100427272305533194e-01 -8.343191628488048295e+00 2.529967333287432008e-02 9.993472863036739762e-01 -2.571327737325420845e-02 -2.279832923672471701e+00 1.106925230823264522e-01 2.275441297906032403e-02 9.935772413784675905e-01 7.431095277621670903e+01
9.933954116474881246e-01 -2.850679434617826163e-02 -1.109081864844585069e-01 -8.459148154141836073e+00 2.588647442306610605e-02 9.993516645548211619e-01 -2.490706626751319069e-02 -2.321235265769364009e+00 1.115491609270456708e-01 2.185833138897532932e-02 9.934928339234232464e-01 7.528793932275317502e+01
9.935222265771928019e-01 -2.799283294995799989e-02 -1.098971235641314076e-01 -8.585598894291056382e+00 2.576197138196146402e-02 9.994326238712041288e-01 -2.159150565373993413e-02 -2.346337126299741893e+00 1.104413777193303109e-01 1.860842780207847685e-02 9.936825630533429043e-01 7.624782449304269960e+01
9.933345720256697708e-01 -2.784798270802595760e-02 -1.116813186571740113e-01 -8.703538551837214143e+00 2.591707787988283690e-02 9.994886395342214014e-01 -1.866163168900071556e-02 -2.375845768642264488e+00 1.121450628091459761e-01 1.563472006212407103e-02 9.935500341562042426e-01 7.721543829826721606e+01
9.936840462245510874e-01 -2.522974566698053117e-02 -1.090164819402770352e-01 -8.844626790495464519e+00 2.360113255316055245e-02 9.995889067404966077e-01 -1.612367527365476602e-02 -2.386544061079082901e+00 1.093806887853652765e-01 1.343333272487580096e-02 9.938746166913245972e-01 7.815328680761273006e+01
9.935448809959049887e-01 -2.143979257369029584e-02 -1.112369900290310493e-01 -8.973503838657817866e+00 1.984287728272660437e-02 9.996837415975682317e-01 -1.540735415515265792e-02 -2.399156327399706967e+00 1.115328217547744971e-01 1.309500530905751553e-02 9.936569250444665657e-01 7.910480375374027062e+01
9.930898476963858634e-01 -1.976734021774870578e-02 -1.154867695426601004e-01 -9.072367343069091206e+00 1.822265869208243919e-02 9.997296318171290386e-01 -1.437376864297174039e-02 -2.460761612884446503e+00 1.157406275966553211e-01 1.216228617687141814e-02 9.931829061027879213e-01 8.006033496556584339e+01
9.927266699413203055e-01 -2.044417409523540535e-02 -1.183873013083355519e-01 -9.186649788423775220e+00 1.909536081807586272e-02 9.997387839411964183e-01 -1.247313970174147510e-02 -2.519753850708438936e+00 1.186123218420810643e-01 1.011207810199764127e-02 9.928593461319795699e-01 8.099847950128756224e+01
9.918995414250821874e-01 -2.234753483978988223e-02 -1.248911998804470985e-01 -9.302961889317078459e+00 2.075811908493592484e-02 9.996859768017936076e-01 -1.398811298426163099e-02 -2.545814279230895760e+00 1.251651912789904231e-01 1.127598393767423671e-02 9.920530663869244759e-01 8.195427012039822046e+01
9.905669885046823886e-01 -2.519873108146457666e-02 -1.346041636384493756e-01 -9.428300030605482718e+00 2.352683641723682731e-02 9.996249831866719227e-01 -1.398635899230411296e-02 -2.583408801634856200e+00 1.349064043080762665e-01 1.068361997319015183e-02 9.907890206258456178e-01 8.289456445484701419e+01
9.891790730190512804e-01 -2.857228380470184029e-02 -1.437596653289705539e-01 -9.551859523240061378e+00 2.714102947885566747e-02 9.995598982033094826e-01 -1.189173604274945846e-02 -2.633399110142676136e+00 1.440367952512722205e-01 7.853055365978817842e-03 9.895208902469082579e-01 8.381947134347868200e+01
9.873923539446907149e-01 -3.088012718362389067e-02 -1.551171025372699297e-01 -9.711996791756519087e+00 2.926344170970617692e-02 9.994904485562297047e-01 -1.268179131846357624e-02 -2.656157945665238440e+00 1.554301829741205065e-01 7.974993579588748188e-03 9.877943429801895325e-01 8.475091645531624351e+01
9.856002303392549235e-01 -3.091279833368410640e-02 -1.660730802714695808e-01 -9.885651581000004740e+00 2.924324254343310323e-02 9.994934484220784343e-01 -1.247730335836787219e-02 -2.667342785541416017e+00 1.663751755478775629e-01 7.431239301828327162e-03 9.860068304053846155e-01 8.567818695528359285e+01
9.830257174863384906e-01 -3.036444206706854707e-02 -1.807504223573632995e-01 -1.005630469036658070e+01 2.945868689591821590e-02 9.995358453709196622e-01 -7.689964295265138382e-03 -2.700109467845207778e+00 1.809001475714625551e-01 2.226181923728691014e-03 9.834650413183096962e-01 8.660644764046604394e+01
9.807427443799777711e-01 -2.961037353834398977e-02 -1.930003520521842708e-01 -1.024486925480541721e+01 2.872783017123473059e-02 9.995597873220608554e-01 -7.367140836569790324e-03 -2.727370403415059652e+00 1.931337352242062100e-01 1.677205256626753673e-03 9.811624097995792493e-01 8.753268799306441394e+01
9.783987481875324743e-01 -2.979200323107915327e-02 -2.045301986334830679e-01 -1.044867395439496605e+01 2.894320316423140693e-02 9.995554183542115778e-01 -7.139015808702449915e-03 -2.746982197087631583e+00 2.046519964315836326e-01 1.063201766754421403e-03 9.788264459269757634e-01 8.844232821514106035e+01
9.752590779568967028e-01 -3.116642591425906883e-02 -2.188574735719884534e-01 -1.065744899360672271e+01 3.050109186332342071e-02 9.995137967040825799e-01 -6.419924006552851607e-03 -2.781548947514496994e+00 2.189512310792766925e-01 -4.166354775517914577e-04 9.757361966891187066e-01 8.937304579949208971e+01
9.721210888532025862e-01 -3.311292696563926385e-02 -2.319944212488570523e-01 -1.087666633088687007e+01 3.134744938979733969e-02 9.994440875344230424e-01 -1.129276684345928601e-02 -2.801583841634521566e+00 2.322395856077270337e-01 3.697060409934188868e-03 9.726199017564480798e-01 9.027275168313887832e+01
9.689927574558399037e-01 -3.629765521041557891e-02 -2.443175450412001792e-01 -1.110607464572857594e+01 3.244987385866743984e-02 9.992775875966107835e-01 -1.974929968136535791e-02 -2.839880360639363666e+00 2.448583336486349626e-01 1.120236804780190554e-02 9.694716498053377318e-01 9.116182027736991245e+01
9.654413152270610032e-01 -3.680552245874953166e-02 -2.579905124140296491e-01 -1.135199257169673359e+01 3.138714415371956362e-02 9.991919874862544848e-01 -2.508251718788530316e-02 -2.878139204037911902e+00 2.587057796879045912e-01 1.611449162442185612e-02 9.658171367398099560e-01 9.205562577354106679e+01
9.626749156818781294e-01 -3.672239946307823133e-02 -2.680532200223273986e-01 -1.161718836142501843e+01 3.156940487417025931e-02 9.992247378782123102e-01 -2.349989345248908873e-02 -2.902767976538361161e+00 2.687088162881446918e-01 1.415370815033205158e-02 9.630886758504627609e-01 9.294437009457058707e+01
9.587008996344944523e-01 -3.463269494654829667e-02 -2.821891849178816969e-01 -1.188403799631988633e+01 3.034305544618395162e-02 9.993480104071913450e-01 -1.955245223230954107e-02 -2.949337387463434546e+00 2.826825488449378754e-01 1.017743299881419122e-02 9.591270385781569541e-01 9.383682014319948905e+01
9.558508306951177813e-01 -3.200734560825584107e-02 -2.920758580628291523e-01 -1.216286812703678422e+01 2.710248555619149818e-02 9.994154131496095772e-01 -2.081923028168811834e-02 -2.989712619289409457e+00 2.925718632163005206e-01 1.198064030279154951e-02 9.561601215307916624e-01 9.470683961159980413e+01
9.536301801507366394e-01 -3.006118547198722776e-02 -2.993833010192401556e-01 -1.245636187196314815e+01 2.286188280448104779e-02 9.993598262944486388e-01 -2.751723023814449387e-02 -3.028621931426421110e+00 3.000188012940582793e-01 1.939428888196661691e-02 9.537070283906303736e-01 9.557815570542086903e+01
9.520300446682051776e-01 -2.521159618308848466e-02 -3.048870394227944369e-01 -1.275202928987472362e+01 1.528117684960075655e-02 9.992736707409078933e-01 -3.489990644425670918e-02 -3.074379231018459002e+00 3.055456713300763183e-01 2.856433007257486167e-02 9.517239978896847585e-01 9.645482721257332059e+01
9.506148180277766979e-01 -2.274510156661274998e-02 -3.094966557831305143e-01 -1.304568415804293835e+01 1.140550679759109662e-02 9.991975965196582266e-01 -3.839210023341962236e-02 -3.125349653900820535e+00 3.101217030182592538e-01 3.296451050926919868e-02 9.501113868746844382e-01 9.733830931988316593e+01
9.493848084212321847e-01 -2.277299704235449460e-02 -3.132151601777607985e-01 -1.334921807519237369e+01 1.122047434039792103e-02 9.991907196195788377e-01 -3.861854346333790100e-02 -3.174480864332768437e+00 3.138413101900281443e-01 3.314776775345170540e-02 9.488718196001804106e-01 9.821621743185640696e+01
9.477107807213190904e-01 -2.065901002297822892e-02 -3.184210950189952372e-01 -1.365522769128833680e+01 9.051895442901962408e-03 9.992411690227102072e-01 -3.788117906304172555e-02 -3.230483668659799523e+00 3.189621749549653162e-01 3.301731199040480735e-02 9.471783398105668716e-01 9.909439536041074348e+01
9.460924537000272583e-01 -1.819314538516073054e-02 -3.232647004654647938e-01 -1.396395410324394781e+01 7.306558632283178395e-03 9.993660548628520157e-01 -3.483462757377997487e-02 -3.278336572382421821e+00 3.236937029378642583e-01 3.059245992443494072e-02 9.456253875972467915e-01 9.996883027611765726e+01
9.436533493362686542e-01 -1.841184093377407072e-02 -3.304016765119142107e-01 -1.426517546372730472e+01 8.603330504425403535e-03 9.994786846251594303e-01 -3.111859670615050102e-02 -3.319441251682128335e+00 3.308023418226887502e-01 2.652296303119437357e-02 9.433195084160441723e-01 1.008449155241740129e+02
9.414229904598740983e-01 -1.395102039393218175e-02 -3.368942505328522685e-01 -1.457737776374675320e+01 5.101173343702322324e-03 9.996188095879671165e-01 -2.713539401196561618e-02 -3.382991766067789730e+00 3.371445256336901841e-01 2.382561843082598579e-02 9.411351952295639034e-01 1.017246332139787626e+02
9.393937613618549287e-01 -7.568573421437132034e-03 -3.426789048229642587e-01 -1.490645193960232184e+01 -2.091406279555473903e-03 9.996113553894233617e-01 -2.779174866116571052e-02 -3.428162968231928343e+00 3.427560765715637614e-01 2.682339906439449098e-02 9.390126664136999590e-01 1.025794920256735736e+02
9.370341074923527191e-01 -3.287783186048737899e-03 -3.492999633619220390e-01 -1.522964972982267007e+01 -8.090831021984840749e-03 9.994830312863485222e-01 -3.111172432323159806e-02 -3.456109621895420148e+00 3.492216917933840814e-01 3.197817328969895789e-02 9.365228816871496997e-01 1.034000950719076997e+02
9.344122467798740006e-01 -4.862849130223304180e-03 -3.560331570571084181e-01 -1.555862508715640935e+01 -7.736215586334763139e-03 9.993938576182036515e-01 -3.393913253077608660e-02 -3.514065836076271765e+00 3.559822583964939446e-01 3.446867609828527940e-02 9.338082840678041396e-01 1.042541596173617222e+02
9.317905527082149808e-01 -8.736900589108510806e-03 -3.628772456652441525e-01 -1.588923857495886161e+01 -4.957541272633466355e-03 9.993108490191567883e-01 -3.677987287169232761e-02 -3.567974554069527571e+00 3.629485420441601051e-01 3.606976859923290146e-02 9.311050573180388312e-01 1.051081872089236811e+02
9.291105891766402447e-01 -7.340143751546858962e-03 -3.697408579484030566e-01 -1.623269749989489341e+01 -5.998056007290170077e-03 9.993723331456689785e-01 -3.491700936235323655e-02 -3.613409112212421448e+00 3.697650974178482430e-01 3.465955843139825743e-02 9.284833347730280240e-01 1.059481242451381462e+02
9.266141676025466678e-01 -4.455247409002378693e-03 -3.759255849576808584e-01 -1.658002943249282524e+01 -7.435613031469411049e-03 9.995172369039686533e-01 -3.017548493209692984e-02 -3.655608678333488903e+00 3.758784710218927017e-01 3.075663530602312443e-02 9.261335958368075438e-01 1.067633139811262311e+02
9.229562709213735561e-01 -4.412386849957069916e-03 -3.848373561815964794e-01 -1.693883651558966363e+01 -6.811231167090144728e-03 9.995904691426379385e-01 -2.779390146835505893e-02 -3.698965236550603386e+00 3.848024210085141950e-01 2.827406806089240859e-02 9.225481791407005305e-01 1.076297018644867478e+02
9.203655029676560684e-01 -4.553154133437064578e-03 -3.908916380265746171e-01 -1.730705253529126963e+01 -8.091050444131726860e-03 9.994964670205340740e-01 -3.067954684855708075e-02 -3.746438209210486647e+00 3.908343921808491994e-01 3.140071237653582759e-02 9.198651933266295266e-01 1.084745372137486470e+02
9.183264653037910286e-01 -4.302310543014626482e-03 -3.957980508577151335e-01 -1.767672945442781085e+01 -9.842095295715440340e-03 9.993835728360247472e-01 -3.370380243242777213e-02 -3.793200789278465379e+00 3.956991082603765753e-01 3.484673105411054822e-02 9.177180805659341800e-01 1.092800191542997510e+02
9.149092756048936570e-01 -5.672098509667932408e-03 -4.035992151246660109e-01 -1.804671683946689242e+01 -9.198712340571027490e-03 9.993486210492430466e-01 -3.489657136791275011e-02 -3.828964739627924718e+00 4.035342858456411053e-01 3.563973915420265426e-02 9.142610900478288505e-01 1.101037510692937502e+02
9.121177772896135183e-01 -5.322447572745899434e-03 -4.097975841729007418e-01 -1.843076944339252066e+01 -9.383788294425737808e-03 9.993827080001116414e-01 -3.385036319293995705e-02 -3.873756908642020491e+00 4.097246448510991068e-01 3.472166939458904561e-02 9.115047141426482202e-01 1.109287135641114617e+02
9.089896108755084470e-01 -6.687351717803453194e-03 -4.167715050060008530e-01 -1.881067546547549796e+01 -7.660613189767412866e-03 9.994345022105162180e-01 -3.273111181332629543e-02 -3.920984203901805021e+00 4.167546244080891915e-01 3.294479344197984855e-02 9.084242841689196268e-01 1.117334812533607646e+02
9.053914750122489252e-01 -1.052350679080847791e-02 -4.245036685988334280e-01 -1.919231974314451250e+01 -3.419159587455149370e-03 9.994797233816492543e-01 -3.206579045383534804e-02 -3.972301339015964938e+00 4.246203877781724589e-01 3.048119880068453705e-02 9.048844249467087320e-01 1.125651213132878041e+02
9.024003489765632935e-01 -1.210755909597291229e-02 -4.307173994200781397e-01 -1.958618296412752358e+01 -1.663220670177286689e-03 9.994999407115754408e-01 -3.158383241997871071e-02 -4.017857004448753599e+00 4.308842587130800039e-01 2.921887578579055594e-02 9.019288438224511983e-01 1.133977833125930061e+02
8.992729787395307151e-01 -7.070593783353438556e-03 -4.374282428616740326e-01 -1.998627077763573467e+01 -7.849881521876361096e-03 9.994474580969455735e-01 -3.230123850101570410e-02 -4.063992473183569487e+00 4.374149086941619968e-01 3.248083553280217001e-02 8.987204496610217141e-01 1.142033367052620889e+02
8.959764587554082116e-01 -3.632495868186386406e-03 -4.439336493904186276e-01 -2.040794837371244341e+01 -1.139020139453819289e-02 9.994496801840412337e-01 -3.115143202489667126e-02 -4.099475539390645018e+00 4.438024483942812903e-01 3.296900920801257295e-02 8.954419049600869096e-01 1.150162558677079829e+02
8.937490104798784252e-01 -5.563282730000175882e-03 -4.485146130774557705e-01 -2.082249149134895561e+01 -8.913889096944526552e-03 9.995054675814759593e-01 -3.015913962686691402e-02 -4.154119965215955723e+00 4.484605531453009220e-01 3.095321596261462610e-02 8.932573007701278822e-01 1.158546283204749017e+02
8.919602310423015989e-01 -7.084969557970057299e-03 -4.521449671680056182e-01 -2.122236879234560902e+01 -7.288933758048969994e-03 9.995219584693197934e-01 -3.005145140142649607e-02 -4.199143543354697528e+00 4.521418219164207164e-01 3.009844842509994470e-02 8.914821592814086149e-01 1.166513158200714031e+02
8.893699550721733127e-01 -9.287268819076925641e-03 -4.569907573421857494e-01 -2.164255113633581828e+01 -5.394499695544567770e-03 9.995109765079217556e-01 -3.080649545834908062e-02 -4.235811451494860158e+00 4.570531741714256579e-01 2.986565311527080227e-02 8.888848193049150304e-01 1.174570769468900693e+02
8.868633417163049870e-01 -1.272794721964138308e-02 -4.618826067894785115e-01 -2.206058970249501527e+01 -4.158359114706506156e-04 9.995981807769079852e-01 -2.834851632786595382e-02 -4.277815131018726014e+00 4.620577889551878981e-01 2.533369780150247774e-02 8.865015245343752515e-01 1.182725670529239892e+02
8.843863400877405301e-01 -1.888325523618347365e-02 -4.664018962338052354e-01 -2.247827933089439156e+01 7.876698102300372720e-03 9.996427577536004527e-01 -2.553767540500676003e-02 -4.316999665391435315e+00 4.667177072372116764e-01 1.890860041992575152e-02 8.842191621798690671e-01 1.190681926852121819e+02
8.823769207197957876e-01 -2.177444240016986748e-02 -4.699711981259997451e-01 -2.290575452332060635e+01 1.199853254786110296e-02 9.996451697313570861e-01 -2.378611436075015947e-02 -4.352454138460641886e+00 4.703222387370103452e-01 1.534974120570690818e-02 8.823249263602183090e-01 1.198648930496476908e+02
8.800119652706214213e-01 -2.065755539113018832e-02 -4.743510416455252732e-01 -2.333673444670759878e+01 9.807574051793506442e-03 9.996311497074938934e-01 -2.533090196608849681e-02 -4.387660287749024945e+00 4.746990491536083878e-01 1.764103065873811119e-02 8.798896346747473451e-01 1.206603831690644881e+02
8.783529159640770523e-01 -1.919067971849706261e-02 -4.776024981040223327e-01 -2.377171008799769325e+01 6.948114287888390236e-03 9.996008894131042100e-01 -2.737969043309165448e-02 -4.428842488244590925e+00 4.779373471130659579e-01 2.073141360435766523e-02 8.781354051330728661e-01 1.214341349984813405e+02
8.776595902022270579e-01 -1.851891677931011629e-02 -4.789852756299374792e-01 -2.421226878295310314e+01 6.217767527227034512e-03 9.996091039449467308e-01 -2.726044566591622267e-02 -4.472735324820531488e+00 4.793029987360694077e-01 2.094584497976742857e-02 8.774316089305242983e-01 1.222201912199426772e+02
8.766210880549210049e-01 -1.738560305664456698e-02 -4.808524440579323711e-01 -2.464416957135548714e+01 5.948470099166136213e-03 9.996622894728571795e-01 -2.528885200096632827e-02 -4.515960593844106086e+00 4.811299033740484843e-01 1.930570415520337091e-02 8.764283953909230984e-01 1.230072509030153327e+02
8.770078361352738883e-01 -1.551721138052677106e-02 -4.802784914991404253e-01 -2.508679596444925508e+01 6.375498001289478349e-03 9.997661640076682676e-01 -2.066608580355151770e-02 -4.546046613029661287e+00 4.804870058810586930e-01 1.506059241649076487e-02 8.769016394864221908e-01 1.237841603038675231e+02
8.760841831454941886e-01 -1.242717288756542242e-02 -4.820012315479124676e-01 -2.550953119584371365e+01 5.655035625298398226e-03 9.998638502603813816e-01 -1.550238541792750731e-02 -4.581177684199007061e+00 4.821283710557833779e-01 1.085435789954122127e-02 8.760352515443809995e-01 1.245682089752208697e+02
8.753783082556739759e-01 -1.263182357197821341e-02 -4.832292703390306809e-01 -2.594635396272854422e+01 7.286865226992162922e-03 9.998897007050175922e-01 -1.293526180351936040e-02 -4.616730576655780460e+00 4.833394623218092434e-01 7.801806063037425645e-03 8.753738734588948356e-01 1.253396899268013129e+02
8.751938257440942115e-01 -1.303982660024518257e-02 -4.834590153894080533e-01 -2.637863706878051673e+01 5.444481525133392646e-03 9.998388602805207137e-01 -1.710774605256628472e-02 -4.647233084990695318e+00 4.836042243586100575e-01 1.233903738450339328e-02 8.751237165632761439e-01 1.261067888291357093e+02
8.748059658689286699e-01 -1.520297087804004486e-02 -4.841845608037976256e-01 -2.680099715190323550e+01 6.016113071334911952e-03 9.997713359441666725e-01 -2.052442887816426087e-02 -4.681711895117028455e+00 4.843859444109093193e-01 1.504081287449998521e-02 8.746974288692778154e-01 1.268746647944921193e+02
8.749963276269843160e-01 -1.419122909168330816e-02 -4.838354717995385634e-01 -2.723554178734841713e+01 4.944004863986984494e-03 9.997801258578956629e-01 -2.038013145573932400e-02 -4.710260403037459298e+00 4.840182458585208791e-01 1.544130628300036286e-02 8.748740248781573525e-01 1.276423306237972781e+02
8.747713729976092090e-01 -1.092900255212697624e-02 -4.843710500407191755e-01 -2.766220305439184912e+01 1.895400289054504283e-03 9.998151453302109859e-01 -1.912856580593945074e-02 -4.746364933718084878e+00 4.844905681910597894e-01 1.581561696763140665e-02 8.746303362444765028e-01 1.283973702894757878e+02
8.739340367600531012e-01 -1.466178314357640192e-02 -4.857649971802806554e-01 -2.807957301610045775e+01 6.494579987123185599e-03 9.998079035001703474e-01 -1.849127114580790057e-02 -4.785937523524871118e+00 4.859429457039131095e-01 1.300388952161675091e-02 8.738613569733584274e-01 1.291583506127785483e+02
8.736594854064003712e-01 -1.513819639229271180e-02 -4.863234091127455194e-01 -2.851410384814225196e+01 5.917581136667088119e-03 9.997725134589040552e-01 -2.048431882426174008e-02 -4.822769493019003484e+00 4.865230148006206568e-01 1.501774230614862267e-02 8.735503371790076521e-01 1.299254399390495394e+02
8.739002013660898127e-01 -7.579274892584060910e-03 -4.859842797978644602e-01 -2.895129756172933710e+01 -4.616306140868987190e-03 9.997039625396914042e-01 -2.388352583865221979e-02 -4.853548162067073513e+00 4.860214906621526110e-01 2.311568299652297723e-02 8.736064579280202747e-01 1.306628550034070599e+02
8.737177365710925292e-01 -5.129272000564876963e-03 -4.864457277798505119e-01 -2.938244819070882841e+01 -8.882594462277430478e-03 9.996095105043776297e-01 -2.648905986113363198e-02 -4.887026747499696455e+00 4.863916906471334456e-01 2.746396286070993190e-02 8.733308993059082370e-01 1.314013462302953315e+02
8.742357289196521775e-01 -6.657703488570714326e-03 -4.855089376348317165e-01 -2.980654476428979649e+01 -8.280513674607048805e-03 9.995560742652209729e-01 -2.862313113708519347e-02 -4.928731730144802370e+00 4.854841238780131518e-01 2.904242738180233541e-02 8.737924801670254871e-01 1.321481335455172825e+02
8.739653612893523160e-01 -8.543895669980912030e-03 -4.859081753851612340e-01 -3.024712282578928679e+01 -6.384902511459361434e-03 9.995573695368217271e-01 -2.905818756823800100e-02 -4.980529627113191360e+00 4.859412802618619520e-01 2.849965075266485195e-02 8.735239186298502378e-01 1.329220175018334373e+02
8.729874018331835739e-01 -9.310320907842560209e-03 -4.876133712145064858e-01 -3.064562459885030776e+01 -6.566374119235781660e-03 9.995029226688699753e-01 -3.084047109764111519e-02 -5.009232312358667727e+00 4.876581123968663500e-01 3.012597899873471069e-02 8.724921565007542901e-01 1.336247525827852769e+02
8.720087336215160967e-01 -1.229397025498210616e-02 -4.894135239190945952e-01 -3.107172863748833791e+01 -1.683226810625238282e-03 9.996033020600773034e-01 -2.810519038791754742e-02 -5.049518609351528298e+00 4.895650631776814476e-01 2.533033142007706795e-02 8.716420298320174398e-01 1.343711324816097488e+02
8.705700395482005582e-01 -1.566111639016512513e-02 -4.918301354051480834e-01 -3.150068011602947493e+01 4.839764882034570254e-03 9.997175786578104129e-01 -2.326974561600258021e-02 -5.092444047489772530e+00 4.920557714440087493e-01 1.787677753461623664e-02 8.703998713035716595e-01 1.351286375235144703e+02
8.692839868036253970e-01 -1.883586856560187650e-02 -4.939458065955947275e-01 -3.190735833216838557e+01 1.149915713953254121e-02 9.997739820721461834e-01 -1.788263809966434206e-02 -5.133008177542165207e+00 4.941711214397181418e-01 9.865092612517976228e-03 8.693039858132546316e-01 1.358613010597850632e+02
8.673899920061730606e-01 -2.111819631469486272e-02 -4.971539888453500033e-01 -3.231951277179718574e+01 1.458631245024684733e-02 9.997488283269152509e-01 -1.701521903247715101e-02 -5.154561527532721676e+00 4.973885068616786809e-01 7.508863811965845424e-03 8.674800222686881446e-01 1.365764425286169796e+02
8.648693814057024642e-01 -2.035255121922523516e-02 -5.014556088523545174e-01 -3.274628104112758109e+01 1.153347798560705809e-02 9.997196233115311914e-01 -2.068003103032911225e-02 -5.200976384737963087e+00 5.017359820697636641e-01 1.210017971307985121e-02 8.648616383453582301e-01 1.372911675292444329e+02
8.615511187723351449e-01 -2.449084822482686108e-02 -5.070363728254474456e-01 -3.318557117385431354e+01 1.447210154491829215e-02 9.996147377499911002e-01 -2.368877356329706155e-02 -5.229113232989749172e+00 5.074210621859606141e-01 1.307325797141534532e-02 8.615733631432014317e-01 1.380247923576902167e+02
8.574232469029388071e-01 -2.576623664516383000e-02 -5.139967721599674189e-01 -3.361016713302883829e+01 1.510792684315431095e-02 9.995755240200543401e-01 -2.490634269196176365e-02 -5.241560570553952303e+00 5.144205798526905182e-01 1.358846291817165930e-02 8.574486677938956136e-01 1.387269854325099061e+02
8.521714921457930192e-01 -2.306530591676029390e-02 -5.228042576976151823e-01 -3.405204765235262698e+01 1.442336669500740576e-02 9.996838192802904866e-01 -2.059433070831272541e-02 -5.279047035473380056e+00 5.231141038498730023e-01 1.000884023816375930e-02 8.522348069821198413e-01 1.394358851196965361e+02
8.459507204113304590e-01 -2.836383372081903789e-02 -5.325261810844318378e-01 -3.447669971482519458e+01 2.195158480526467407e-02 9.995902838964122461e-01 -1.837383601999951002e-02 -5.320348116203291511e+00 5.328290652190832422e-01 3.855219535624181734e-03 8.462268670721098118e-01 1.400979611506569427e+02
8.378643515178050283e-01 -3.058828121859238219e-02 -5.450242237314139038e-01 -3.495935732638502458e+01 2.408791569408046465e-02 9.995277170545829870e-01 -1.906631825646479608e-02 -5.365975078481803884e+00 5.453504402263765760e-01 2.840073339099061147e-03 8.382060163542175424e-01 1.408358009216889570e+02
8.299020034580861793e-01 -3.066965644855323622e-02 -5.571271851829082689e-01 -3.540671345743329823e+01 2.313879501016082030e-02 9.995205819917331036e-01 -2.055971665519322825e-02 -5.386753583164285430e+00 5.574909943167470905e-01 4.167836076825786468e-03 8.302143292802531827e-01 1.414961657931753791e+02
8.222950259725619881e-01 -3.394319661064381516e-02 -5.681468598308585527e-01 -3.585317078763200271e+01 2.655864089411778470e-02 9.994209436098309141e-01 -2.127363467829864255e-02 -5.422984059007519342e+00 5.685401202257891473e-01 2.406784556525999683e-03 8.227203302184801226e-01 1.421334147854905154e+02
8.136971632522956854e-01 -3.694295675191733297e-02 -5.801670138929303500e-01 -3.632060514932282302e+01 2.942321842084165417e-02 9.993166198930998334e-01 -2.236299435063535818e-02 -5.457854471916014027e+00 5.805971312417911312e-01 1.125233825916829074e-03 8.142284243817653477e-01 1.427923149106800338e+02
8.063744045064096255e-01 -3.732116283780274185e-02 -5.902333966660772147e-01 -3.679849014767025750e+01 2.519412600545447439e-02 9.992683508959331329e-01 -2.877612773897842910e-02 -5.495451602736380003e+00 5.908756845092673071e-01 8.329675019696662630e-03 8.067254110443431436e-01 1.434196610746538454e+02
7.985774311596340880e-01 -3.721607063608271815e-02 -6.006785002456347389e-01 -3.728307953402035935e+01 1.783210033239061854e-02 9.991114151258047027e-01 -3.818704887327671604e-02 -5.539901305695284606e+00 6.015659344360092531e-01 1.978248697558388294e-02 7.985316470312118220e-01 1.440316589521401625e+02
7.903191604785498869e-01 -3.563488938925851029e-02 -6.116461350748354509e-01 -3.778712754277358954e+01 8.942061816833633131e-03 9.988716703710861511e-01 -4.664061700560354073e-02 -5.579197499036529173e+00 6.126181945795983186e-01 3.139022741746625572e-02 7.897463420400737677e-01 1.446542101831436185e+02
