0.0000 -0.0000 0.0000 0.0000 0.0000 -0.0000 -0.0000 1.0000
0.1039 -0.0653 -0.0093 0.0368 0.0001 0.0074 -0.0002 1.0000
0.2077 0.0458 0.0100 0.2929 0.0003 0.0190 -0.0021 0.9998
0.3119 0.0238 0.0029 0.4243 -0.0004 0.0320 -0.0026 0.9995
0.4159 0.0793 0.0067 0.5874 -0.0013 0.0484 -0.0024 0.9988
0.5200 0.1671 0.0058 0.7949 -0.0024 0.0676 -0.0010 0.9977
0.6241 0.2075 -0.0090 0.9780 -0.0026 0.0876 0.0006 0.9962
0.7282 0.3213 -0.0041 1.2028 -0.0030 0.1096 0.0006 0.9940
0.8325 0.4280 0.0115 1.4029 -0.0047 0.1338 0.0003 0.9910
0.9366 0.5537 0.0247 1.6453 -0.0079 0.1586 0.0016 0.9873
1.0408 0.6793 0.0014 1.8441 -0.0114 0.1831 0.0057 0.9830
1.1449 0.8457 -0.0049 2.0765 -0.0134 0.2099 0.0079 0.9776
1.2490 1.0322 -0.0004 2.3334 -0.0152 0.2379 0.0081 0.9711
1.3531 1.2084 0.0257 2.5448 -0.0173 0.2660 0.0082 0.9638
1.4571 1.4533 0.0246 2.7778 -0.0191 0.2945 0.0100 0.9554
1.5611 1.6636 0.0254 2.9654 -0.0201 0.3234 0.0122 0.9460
1.6651 1.9199 0.0322 3.1787 -0.0209 0.3514 0.0137 0.9359
1.7690 2.2385 0.0439 3.4281 -0.0209 0.3789 0.0151 0.9251
1.8729 2.5189 0.0533 3.6220 -0.0212 0.4052 0.0155 0.9138
1.9768 2.8721 0.0830 3.8417 -0.0226 0.4308 0.0147 0.9020
2.0805 3.2076 0.1016 4.0466 -0.0235 0.4544 0.0143 0.8904
2.1841 3.5757 0.1211 4.2499 -0.0241 0.4759 0.0142 0.8790
2.2879 4.0090 0.1313 4.4562 -0.0249 0.4959 0.0149 0.8679
2.3915 4.4179 0.1548 4.6402 -0.0253 0.5144 0.0142 0.8570
2.4951 4.8670 0.1799 4.8277 -0.0248 0.5316 0.0138 0.8465
2.5988 5.3805 0.1942 5.0212 -0.0229 0.5472 0.0139 0.8366
2.7023 5.8756 0.2197 5.1963 -0.0208 0.5606 0.0142 0.8277
2.8059 6.4133 0.2416 5.3858 -0.0191 0.5721 0.0140 0.8198
2.9094 6.9999 0.2697 5.5696 -0.0181 0.5812 0.0143 0.8134
3.0129 7.5875 0.2979 5.7475 -0.0176 0.5871 0.0149 0.8092
3.1165 8.1999 0.3157 5.9277 -0.0178 0.5923 0.0157 0.8054
3.2201 8.8258 0.3434 6.1041 -0.0189 0.5968 0.0161 0.8020
3.3237 9.5027 0.3749 6.2751 -0.0201 0.6010 0.0161 0.7988
3.4274 10.1961 0.4057 6.4799 -0.0210 0.6054 0.0165 0.7955
3.5310 10.8949 0.4315 6.6757 -0.0220 0.6096 0.0169 0.7922
3.6348 11.6256 0.4638 6.8582 -0.0227 0.6137 0.0174 0.7890
3.7384 12.3991 0.4886 7.0268 -0.0234 0.6181 0.0176 0.7856
3.8421 13.1652 0.5248 7.2264 -0.0248 0.6220 0.0183 0.7824
3.9458 13.9399 0.5731 7.3847 -0.0268 0.6266 0.0189 0.7787
4.0495 14.7234 0.6114 7.5612 -0.0281 0.6316 0.0201 0.7745
4.1532 15.5201 0.6520 7.7146 -0.0293 0.6365 0.0207 0.7704
4.2570 16.3214 0.6863 7.8351 -0.0296 0.6419 0.0208 0.7659
4.3608 17.1237 0.7261 7.9853 -0.0296 0.6474 0.0204 0.7613
4.4645 17.9089 0.7599 8.1050 -0.0293 0.6537 0.0197 0.7559
4.5684 18.7290 0.8012 8.1912 -0.0294 0.6617 0.0186 0.7490
4.6723 19.5602 0.8452 8.2682 -0.0300 0.6715 0.0169 0.7402
4.7761 20.3772 0.8835 8.3254 -0.0308 0.6824 0.0157 0.7301
4.8801 21.2364 0.9225 8.3252 -0.0314 0.6944 0.0147 0.7187
4.9841 22.0717 0.9558 8.3233 -0.0312 0.7067 0.0141 0.7066
5.0881 22.9165 0.9880 8.2885 -0.0308 0.7188 0.0137 0.6944
5.1920 23.7527 1.0180 8.2442 -0.0303 0.7300 0.0124 0.6827
5.2959 24.5776 1.0588 8.1482 -0.0296 0.7409 0.0107 0.6709
5.3998 25.4125 1.0816 8.0168 -0.0268 0.7520 0.0102 0.6586
5.5036 26.2540 1.1011 7.8677 -0.0232 0.7623 0.0100 0.6467
5.6074 27.1050 1.1184 7.6902 -0.0188 0.7724 0.0103 0.6348
5.7113 27.8951 1.1246 7.4788 -0.0152 0.7817 0.0103 0.6234
5.8150 28.7134 1.1514 7.2518 -0.0102 0.7904 0.0115 0.6124
5.9188 29.5198 1.1408 7.0165 -0.0051 0.7989 0.0101 0.6014
6.0224 30.2919 1.1325 6.7412 0.0008 0.8067 0.0057 0.5909
6.1261 31.0959 1.1083 6.4655 0.0065 0.8144 -0.0012 0.5802
6.2298 31.8871 1.0815 6.1773 0.0106 0.8222 -0.0082 0.5691
6.3335 32.6423 1.0511 5.8642 0.0150 0.8296 -0.0113 0.5581
6.4371 33.4247 0.9983 5.5148 0.0174 0.8367 -0.0120 0.5473
6.5409 34.1484 0.9579 5.1539 0.0178 0.8434 -0.0109 0.5369
6.6445 34.8945 0.9106 4.7778 0.0178 0.8494 -0.0075 0.5274
6.7483 35.6055 0.8806 4.3602 0.0194 0.8547 -0.0036 0.5188
6.8519 36.3190 0.8335 3.9924 0.0206 0.8589 -0.0021 0.5117
6.9555 37.0166 0.7769 3.5685 0.0221 0.8619 -0.0025 0.5066
7.0590 37.7113 0.7409 3.1774 0.0234 0.8649 -0.0030 0.5013
7.1628 38.3985 0.6855 2.7809 0.0211 0.8679 -0.0058 0.4963
7.2664 39.0925 0.6661 2.3713 0.0203 0.8713 -0.0061 0.4903
7.3701 39.7728 0.6288 1.9482 0.0214 0.8737 -0.0056 0.4859
7.4738 40.4672 0.5819 1.5060 0.0232 0.8759 -0.0053 0.4819
7.5774 41.1487 0.5459 1.0532 0.0244 0.8768 -0.0066 0.4802
7.6810 41.8402 0.4961 0.6201 0.0244 0.8767 -0.0078 0.4804
7.7847 42.5756 0.4610 0.1468 0.0256 0.8757 -0.0069 0.4822
7.8883 43.3333 0.4119 -0.3023 0.0248 0.8740 -0.0071 0.4852
7.9919 44.0857 0.3697 -0.7510 0.0238 0.8721 -0.0075 0.4887
8.0956 44.8682 0.3235 -1.2232 0.0232 0.8700 -0.0082 0.4924
8.1994 45.6724 0.2786 -1.6865 0.0220 0.8682 -0.0086 0.4957
8.3031 46.4946 0.2342 -2.1479 0.0203 0.8668 -0.0096 0.4982
8.4070 47.3346 0.1959 -2.6170 0.0182 0.8664 -0.0105 0.4989
8.5108 48.1528 0.1394 -3.0807 0.0165 0.8666 -0.0107 0.4987
8.6146 48.9942 0.0977 -3.5730 0.0157 0.8668 -0.0108 0.4983
8.7184 49.8694 0.0490 -4.0674 0.0156 0.8671 -0.0106 0.4978
8.8221 50.7458 0.0018 -4.5727 0.0153 0.8670 -0.0104 0.4979
8.9259 51.6345 -0.0444 -5.0943 0.0153 0.8670 -0.0099 0.4980
9.0296 52.5152 -0.1003 -5.6033 0.0150 0.8672 -0.0098 0.4976
9.1335 53.3976 -0.1476 -6.1216 0.0140 0.8672 -0.0099 0.4977
9.2373 54.3029 -0.1956 -6.6212 0.0139 0.8673 -0.0097 0.4975
9.3410 55.1994 -0.2510 -7.1376 0.0132 0.8670 -0.0101 0.4980
9.4448 56.0967 -0.3057 -7.6582 0.0127 0.8667 -0.0097 0.4986
9.5485 56.9937 -0.3665 -8.1763 0.0121 0.8661 -0.0083 0.4997
9.6522 57.8657 -0.4050 -8.6720 0.0121 0.8655 -0.0072 0.5007
9.7559 58.7579 -0.4646 -9.1967 0.0117 0.8648 -0.0072 0.5020
9.8596 59.6479 -0.5087 -9.7073 0.0120 0.8642 -0.0069 0.5030
9.9635 60.5423 -0.5537 -10.1782 0.0121 0.8639 -0.0071 0.5035
10.0673 61.4240 -0.6036 -10.6785 0.0121 0.8642 -0.0081 0.5030
10.1711 62.3213 -0.6504 -11.1852 0.0124 0.8648 -0.0096 0.5019
10.2750 63.1980 -0.6971 -11.6791 0.0123 0.8659 -0.0106 0.5000
10.3789 64.0709 -0.7386 -12.1765 0.0122 0.8676 -0.0098 0.4970
10.4828 64.9403 -0.8071 -12.6920 0.0122 0.8691 -0.0075 0.4944
10.5865 65.7873 -0.8515 -13.2077 0.0107 0.8706 -0.0077 0.4918
10.6904 66.6173 -0.9028 -13.7210 0.0116 0.8721 -0.0083 0.4892
10.7941 67.4600 -0.9475 -14.2483 0.0123 0.8735 -0.0094 0.4866
10.8980 68.2920 -0.9890 -14.7678 0.0121 0.8750 -0.0101 0.4839
11.0017 69.1223 -1.0412 -15.2774 0.0120 0.8760 -0.0109 0.4821
11.1054 69.9502 -1.0988 -15.7810 0.0118 0.8770 -0.0105 0.4802
11.2091 70.7781 -1.1477 -16.3281 0.0102 0.8777 -0.0063 0.4790
11.3129 71.6049 -1.1766 -16.8640 0.0081 0.8782 -0.0017 0.4781
11.4166 72.3996 -1.2109 -17.3760 0.0074 0.8788 -0.0002 0.4771
11.5204 73.2068 -1.2426 -17.8789 0.0088 0.8791 -0.0028 0.4765
11.6240 74.0113 -1.2906 -18.4069 0.0104 0.8795 -0.0053 0.4758
11.7278 74.8252 -1.3181 -18.9288 0.0139 0.8797 -0.0046 0.4754
11.8315 75.6131 -1.3701 -19.4509 0.0147 0.8795 -0.0034 0.4756
11.9353 76.3860 -1.3996 -19.9824 0.0140 0.8795 -0.0020 0.4757
12.0389 77.1888 -1.4330 -20.4854 0.0120 0.8795 -0.0005 0.4757
12.1426 77.9925 -1.4573 -21.0140 0.0097 0.8790 0.0017 0.4767
12.2464 78.7823 -1.4878 -21.5227 0.0054 0.8790 0.0007 0.4768
12.3501 79.5684 -1.5112 -22.0058 0.0017 0.8786 -0.0011 0.4776
12.4539 80.3658 -1.5403 -22.5055 0.0025 0.8782 0.0002 0.4782
12.5576 81.1804 -1.5618 -23.0369 0.0049 0.8772 0.0014 0.4801
12.6614 81.9869 -1.5894 -23.5203 0.0062 0.8755 0.0002 0.4832
12.7651 82.7491 -1.6155 -23.9835 0.0079 0.8735 0.0018 0.4868
12.8688 83.5474 -1.6531 -24.4890 0.0101 0.8710 0.0038 0.4912
12.9724 84.3321 -1.6623 -24.9488 0.0106 0.8684 0.0036 0.4958
13.0762 85.1778 -1.6849 -25.4105 0.0088 0.8650 0.0030 0.5016
13.1799 85.9772 -1.7016 -25.8604 0.0086 0.8617 0.0050 0.5074
13.2837 86.7815 -1.7313 -26.2890 0.0080 0.8584 0.0055 0.5129
13.3874 87.6063 -1.7441 -26.7127 0.0070 0.8549 0.0056 0.5187
13.4911 88.4558 -1.7729 -27.1251 0.0088 0.8514 0.0060 0.5245
13.5949 89.2901 -1.7885 -27.5374 0.0100 0.8478 0.0047 0.5302
13.6988 90.1301 -1.8199 -27.9190 0.0121 0.8446 0.0011 0.5353
13.8025 90.9660 -1.8550 -28.2731 0.0140 0.8408 -0.0010 0.5411
13.9063 91.7915 -1.8702 -28.6332 0.0125 0.8371 -0.0006 0.5470
14.0100 92.6615 -1.9149 -28.9858 0.0112 0.8337 0.0012 0.5521
14.1138 93.4985 -1.9434 -29.3075 0.0107 0.8307 -0.0002 0.5567
14.2176 94.3320 -1.9608 -29.6310 0.0114 0.8286 -0.0041 0.5598
14.3215 95.1717 -1.9916 -29.9627 0.0116 0.8268 -0.0088 0.5623
14.4254 96.0208 -2.0435 -30.2925 0.0116 0.8259 -0.0109 0.5636
14.5293 96.8724 -2.0813 -30.6197 0.0112 0.8249 -0.0110 0.5651
14.6331 97.7100 -2.1361 -30.9216 0.0111 0.8235 -0.0111 0.5671
14.7369 98.5428 -2.1756 -31.2170 0.0100 0.8217 -0.0105 0.5698
14.8408 99.4145 -2.2273 -31.5412 0.0083 0.8202 -0.0089 0.5720
14.9445 100.2750 -2.2527 -31.8360 0.0079 0.8185 -0.0075 0.5744
15.0483 101.1163 -2.2927 -32.1163 0.0061 0.8167 -0.0089 0.5769
15.1520 101.9492 -2.3315 -32.4028 0.0026 0.8148 -0.0133 0.5796
15.2558 102.7973 -2.3773 -32.6561 0.0032 0.8127 -0.0147 0.5824
15.3595 103.6461 -2.4350 -32.9379 0.0035 0.8105 -0.0162 0.5855
15.4633 104.5184 -2.4627 -33.2168 0.0043 0.8084 -0.0150 0.5884
15.5671 105.3685 -2.4997 -33.4882 0.0031 0.8064 -0.0125 0.5912
15.6709 106.2225 -2.5355 -33.7289 0.0027 0.8041 -0.0112 0.5944
15.7746 107.0670 -2.5764 -33.9715 0.0030 0.8022 -0.0133 0.5969
15.8784 107.9609 -2.6277 -34.2234 0.0028 0.8001 -0.0153 0.5996
15.9822 108.7914 -2.6568 -34.4674 0.0027 0.7980 -0.0162 0.6024
16.0861 109.6868 -2.7026 -34.6915 0.0028 0.7960 -0.0154 0.6051
16.1898 110.5489 -2.7372 -34.9277 0.0034 0.7934 -0.0143 0.6086
16.2935 111.3871 -2.7874 -35.1466 0.0050 0.7908 -0.0131 0.6119
16.3973 112.2501 -2.8139 -35.3512 0.0069 0.7888 -0.0116 0.6145
16.5010 113.0975 -2.8565 -35.5570 0.0038 0.7867 -0.0143 0.6172
16.6048 113.9844 -2.9068 -35.7418 0.0016 0.7849 -0.0155 0.6194
16.7086 114.8489 -2.9312 -35.9438 0.0029 0.7834 -0.0143 0.6214
16.8124 115.7081 -2.9834 -36.1363 0.0031 0.7819 -0.0136 0.6232
16.9162 116.6040 -3.0242 -36.3332 0.0035 0.7804 -0.0141 0.6251
17.0200 117.4382 -3.0707 -36.5140 0.0048 0.7787 -0.0118 0.6273
17.1238 118.3617 -3.1145 -36.7119 0.0072 0.7770 -0.0085 0.6294
17.2275 119.2177 -3.1454 -36.8846 0.0080 0.7753 -0.0070 0.6315
17.3314 120.0735 -3.1760 -37.0545 0.0081 0.7739 -0.0075 0.6332
17.4351 120.9494 -3.2162 -37.2213 0.0074 0.7727 -0.0094 0.6347
17.5390 121.7914 -3.2513 -37.3724 0.0073 0.7721 -0.0095 0.6354
17.6429 122.6555 -3.2880 -37.5362 0.0063 0.7719 -0.0094 0.6356
17.7466 123.5644 -3.3192 -37.6921 0.0050 0.7718 -0.0083 0.6358
17.8505 124.4309 -3.3553 -37.8734 0.0028 0.7712 -0.0061 0.6366
17.9543 125.3368 -3.3908 -38.0296 0.0027 0.7710 -0.0045 0.6369
18.0581 126.1263 -3.4082 -38.1848 0.0040 0.7708 -0.0067 0.6370
18.1619 126.9890 -3.4646 -38.3298 0.0048 0.7709 -0.0090 0.6369
18.2658 127.8308 -3.4833 -38.4927 0.0057 0.7707 -0.0084 0.6371
18.3696 128.6785 -3.5156 -38.6406 0.0058 0.7704 -0.0078 0.6374
18.4734 129.5371 -3.5513 -38.8151 0.0068 0.7703 -0.0068 0.6376
18.5772 130.3974 -3.6041 -38.9578 0.0054 0.7701 -0.0093 0.6378
18.6810 131.2293 -3.6286 -39.1143 0.0046 0.7699 -0.0119 0.6380
18.7849 132.0953 -3.6675 -39.2365 0.0032 0.7697 -0.0142 0.6382
18.8885 132.9229 -3.7039 -39.3902 0.0048 0.7697 -0.0149 0.6383
18.9924 133.7438 -3.7443 -39.5478 0.0058 0.7695 -0.0150 0.6384
19.0960 134.5606 -3.7876 -39.6946 0.0062 0.7690 -0.0153 0.6390
19.1999 135.3635 -3.8249 -39.8544 0.0081 0.7681 -0.0124 0.6401
19.3035 136.1868 -3.8686 -40.0049 0.0085 0.7672 -0.0094 0.6413
19.4074 137.0236 -3.9008 -40.1617 0.0080 0.7665 -0.0068 0.6421
19.5112 137.7923 -3.9434 -40.3050 0.0083 0.7654 -0.0053 0.6434
19.6148 138.5962 -3.9839 -40.4166 0.0102 0.7637 -0.0068 0.6454
19.7184 139.3774 -4.0087 -40.5591 0.0121 0.7619 -0.0073 0.6476
19.8221 140.1557 -4.0720 -40.6708 0.0099 0.7591 -0.0094 0.6509
19.9257 140.9020 -4.0488 -40.7786 0.0164 0.7559 -0.0011 0.6545
20.0294 141.7629 -4.1190 -40.8677 0.0152 0.7521 -0.0007 0.6589
20.1329 142.5630 -4.1610 -40.9737 0.0145 0.7477 -0.0025 0.6639
20.2366 143.3766 -4.1962 -41.0406 0.0146 0.7427 -0.0037 0.6694
20.3404 144.1356 -4.2225 -41.1320 0.0175 0.7377 -0.0008 0.6749
20.4440 144.9210 -4.2625 -41.1806 0.0171 0.7334 -0.0024 0.6796
20.5478 145.7100 -4.3435 -41.2258 0.0167 0.7286 -0.0063 0.6847
20.6515 146.4893 -4.3544 -41.2342 0.0173 0.7241 -0.0124 0.6894
20.7553 147.2919 -4.4025 -41.2237 0.0203 0.7194 -0.0161 0.6941
20.8591 147.9891 -4.4590 -41.2375 0.0187 0.7147 -0.0181 0.6989
20.9629 148.7413 -4.5063 -41.2289 0.0196 0.7106 -0.0149 0.7031
21.0668 149.5339 -4.5606 -41.2143 0.0184 0.7067 -0.0141 0.7072
21.1706 150.3185 -4.6087 -41.2146 0.0191 0.7034 -0.0174 0.7103
21.2745 151.0343 -4.6561 -41.1700 0.0206 0.7010 -0.0219 0.7125
21.3785 151.7892 -4.7168 -41.1612 0.0183 0.6998 -0.0266 0.7136
21.4825 152.5151 -4.7694 -41.1240 0.0182 0.6995 -0.0236 0.7140
21.5864 153.3320 -4.8534 -41.1029 0.0161 0.7003 -0.0219 0.7133
21.6904 154.0473 -4.8870 -41.0944 0.0160 0.7016 -0.0206 0.7121
21.7943 154.7835 -4.9427 -41.0543 0.0167 0.7026 -0.0198 0.7111
21.8983 155.5946 -4.9895 -41.0770 0.0166 0.7036 -0.0201 0.7101
22.0022 156.3185 -5.0551 -41.0677 0.0162 0.7054 -0.0193 0.7083
22.1061 157.0637 -5.0956 -41.0629 0.0164 0.7074 -0.0194 0.7064
22.2101 157.8357 -5.1499 -41.0708 0.0145 0.7093 -0.0203 0.7044
22.3139 158.5553 -5.2115 -41.0760 0.0140 0.7114 -0.0192 0.7024
22.4178 159.2858 -5.2518 -41.0754 0.0142 0.7135 -0.0186 0.7003
22.5215 160.0021 -5.2947 -41.0952 0.0147 0.7153 -0.0187 0.6984
22.6254 160.6876 -5.3575 -41.0980 0.0151 0.7167 -0.0195 0.6969
22.7292 161.4542 -5.4041 -41.1235 0.0148 0.7178 -0.0219 0.6958
22.8329 162.1568 -5.4488 -41.1731 0.0162 0.7182 -0.0213 0.6954
22.9365 162.8809 -5.5051 -41.1815 0.0166 0.7179 -0.0198 0.6956
23.0401 163.5402 -5.5400 -41.2028 0.0163 0.7168 -0.0183 0.6968
23.1438 164.2200 -5.5997 -41.2210 0.0166 0.7142 -0.0174 0.6995
23.2474 164.9867 -5.6406 -41.2082 0.0177 0.7104 -0.0167 0.7034
23.3510 165.6695 -5.6828 -41.1997 0.0196 0.7052 -0.0149 0.7086
23.4547 166.3328 -5.7348 -41.2068 0.0175 0.7000 -0.0160 0.7137
23.5583 167.0252 -5.7707 -41.1219 0.0161 0.6941 -0.0137 0.7196
23.6620 167.7215 -5.8177 -41.0563 0.0129 0.6885 -0.0123 0.7250
23.7657 168.3954 -5.8604 -41.0090 0.0093 0.6822 -0.0109 0.7311
23.8694 169.0572 -5.8954 -40.9472 0.0060 0.6758 -0.0089 0.7370
23.9730 169.7388 -5.9086 -40.8588 0.0060 0.6693 -0.0044 0.7429
24.0768 170.3799 -5.9461 -40.7706 0.0043 0.6626 -0.0041 0.7489
24.1805 171.0186 -5.9785 -40.6660 0.0025 0.6558 -0.0056 0.7549
24.2842 171.6804 -5.9838 -40.5402 0.0034 0.6492 -0.0041 0.7606
24.3879 172.3177 -6.0099 -40.4164 -0.0000 0.6427 -0.0070 0.7660
24.4916 172.9587 -6.0358 -40.2782 -0.0024 0.6370 -0.0063 0.7708
24.5954 173.5586 -6.0596 -40.1402 -0.0031 0.6324 -0.0042 0.7746
24.6993 174.1849 -6.0766 -40.0012 -0.0020 0.6281 -0.0022 0.7781
24.8031 174.8211 -6.0927 -39.8500 -0.0021 0.6239 -0.0047 0.7815
24.9068 175.3974 -6.1166 -39.7050 -0.0015 0.6204 -0.0085 0.7842
25.0105 176.0061 -6.1347 -39.5380 0.0023 0.6166 -0.0122 0.7871
25.1143 176.5946 -6.1448 -39.4096 0.0068 0.6131 -0.0126 0.7899
25.2180 177.1644 -6.1616 -39.2178 0.0068 0.6106 -0.0117 0.7918
25.3218 177.7904 -6.1707 -39.0430 0.0024 0.6083 -0.0110 0.7936
25.4255 178.3992 -6.2118 -38.8727 -0.0039 0.6065 -0.0090 0.7950
25.5294 178.9978 -6.2305 -38.6970 -0.0070 0.6057 -0.0058 0.7956
25.6332 179.6015 -6.2488 -38.5291 -0.0068 0.6053 -0.0051 0.7960
25.7370 180.2070 -6.2528 -38.3610 -0.0043 0.6049 -0.0043 0.7963
25.8408 180.8254 -6.2618 -38.1927 -0.0032 0.6043 -0.0034 0.7968
25.9445 181.4310 -6.2522 -38.0133 -0.0038 0.6035 -0.0028 0.7974
26.0481 182.0405 -6.2753 -37.8302 -0.0059 0.6025 -0.0018 0.7981
26.1519 182.6541 -6.2779 -37.6464 -0.0079 0.6010 0.0000 0.7992
26.2555 183.2928 -6.2889 -37.4674 -0.0090 0.5993 0.0008 0.8004
26.3591 183.9034 -6.2926 -37.2756 -0.0092 0.5967 0.0022 0.8024
26.4628 184.5085 -6.2857 -37.0837 -0.0098 0.5932 0.0033 0.8050
26.5666 185.1536 -6.2910 -36.8769 -0.0098 0.5892 0.0043 0.8080
26.6703 185.7757 -6.3016 -36.6476 -0.0096 0.5844 0.0038 0.8114
26.7739 186.3728 -6.3033 -36.4300 -0.0084 0.5795 0.0025 0.8149
26.8777 186.9970 -6.3001 -36.1857 -0.0073 0.5746 0.0014 0.8184
26.9813 187.6002 -6.2956 -35.9423 -0.0068 0.5695 0.0016 0.8220
27.0850 188.2254 -6.2978 -35.6863 -0.0077 0.5644 0.0024 0.8254
27.1888 188.8338 -6.2995 -35.4286 -0.0085 0.5596 0.0028 0.8287
27.2925 189.4743 -6.3006 -35.1485 -0.0103 0.5544 0.0021 0.8322
27.3963 190.0825 -6.2864 -34.8703 -0.0119 0.5502 0.0016 0.8349
27.5000 190.7439 -6.2947 -34.5699 -0.0132 0.5468 0.0002 0.8371
27.6039 191.3619 -6.2760 -34.2803 -0.0141 0.5448 0.0010 0.8384
27.7078 192.0204 -6.2778 -33.9849 -0.0148 0.5439 0.0027 0.8390
27.8117 192.6657 -6.2742 -33.7039 -0.0132 0.5437 0.0038 0.8391
27.9155 193.3348 -6.2692 -33.4016 -0.0123 0.5441 0.0040 0.8389
28.0194 193.9850 -6.2646 -33.1011 -0.0103 0.5445 0.0046 0.8387
28.1233 194.6656 -6.2546 -32.8099 -0.0096 0.5445 0.0061 0.8387
28.2272 195.3538 -6.2389 -32.5053 -0.0102 0.5449 0.0085 0.8384
28.3309 196.0254 -6.2402 -32.1989 -0.0116 0.5453 0.0100 0.8381
28.4348 196.7184 -6.2312 -31.9033 -0.0125 0.5462 0.0107 0.8375
28.5387 197.3984 -6.2164 -31.5864 -0.0129 0.5467 0.0108 0.8371
28.6424 198.0858 -6.2142 -31.2780 -0.0134 0.5473 0.0108 0.8368
28.7462 198.7556 -6.2075 -30.9706 -0.0133 0.5483 0.0101 0.8361
28.8499 199.4737 -6.1953 -30.6817 -0.0117 0.5489 0.0093 0.8357
28.9538 200.1569 -6.2043 -30.3684 -0.0096 0.5493 0.0071 0.8356
29.0575 200.8218 -6.1881 -30.0803 -0.0089 0.5498 0.0060 0.8352
29.1613 201.5360 -6.1844 -29.7708 -0.0101 0.5504 0.0065 0.8348
29.2649 202.2092 -6.1799 -29.4797 -0.0125 0.5508 0.0069 0.8345
29.3686 202.8810 -6.1773 -29.1812 -0.0137 0.5521 0.0054 0.8337
29.4725 203.5622 -6.1799 -28.9066 -0.0151 0.5539 0.0047 0.8324
29.5763 204.2551 -6.1789 -28.6067 -0.0156 0.5572 0.0047 0.8302
29.6802 204.9675 -6.1558 -28.3391 -0.0153 0.5609 0.0052 0.8277
29.7839 205.6506 -6.1575 -28.0677 -0.0137 0.5652 0.0056 0.8249
29.8878 206.3204 -6.1615 -27.8056 -0.0131 0.5701 0.0040 0.8215
29.9917 207.0162 -6.1413 -27.5498 -0.0135 0.5750 0.0037 0.8181
30.0955 207.7424 -6.1214 -27.3433 -0.0149 0.5795 0.0068 0.8148
30.1993 208.4343 -6.1253 -27.0931 -0.0161 0.5835 0.0112 0.8119
30.3030 209.1548 -6.1147 -26.8716 -0.0188 0.5863 0.0130 0.8097
30.4068 209.8800 -6.0880 -26.6308 -0.0213 0.5883 0.0115 0.8083
30.5104 210.5732 -6.0737 -26.3941 -0.0218 0.5893 0.0121 0.8075
30.6140 211.2687 -6.0367 -26.1835 -0.0213 0.5902 0.0130 0.8069
30.7178 211.9876 -6.0330 -25.9418 -0.0216 0.5905 0.0123 0.8066
30.8214 212.6959 -6.0056 -25.7022 -0.0216 0.5906 0.0112 0.8066
30.9252 213.4264 -5.9815 -25.4787 -0.0223 0.5904 0.0113 0.8067
31.0288 214.1617 -5.9622 -25.2319 -0.0226 0.5900 0.0113 0.8070
31.1325 214.8653 -5.9275 -25.0240 -0.0228 0.5891 0.0118 0.8077
31.2363 215.6118 -5.9136 -24.7879 -0.0223 0.5885 0.0133 0.8081
31.3401 216.3469 -5.8971 -24.5462 -0.0223 0.5872 0.0139 0.8090
31.4437 217.0856 -5.8769 -24.2804 -0.0238 0.5854 0.0140 0.8103
31.5474 217.8204 -5.8283 -24.0325 -0.0256 0.5835 0.0153 0.8116
31.6510 218.5420 -5.8058 -23.7563 -0.0273 0.5810 0.0165 0.8133
31.7548 219.2734 -5.7956 -23.4959 -0.0290 0.5791 0.0151 0.8146
31.8585 219.9900 -5.7603 -23.2355 -0.0291 0.5777 0.0133 0.8156
31.9623 220.7333 -5.7234 -22.9373 -0.0287 0.5754 0.0097 0.8173
32.0660 221.4691 -5.6929 -22.6657 -0.0291 0.5737 0.0078 0.8185
32.1696 222.2158 -5.6460 -22.3690 -0.0295 0.5718 0.0077 0.8198
32.2734 222.9507 -5.6306 -22.0941 -0.0293 0.5700 0.0064 0.8211
32.3772 223.7001 -5.6100 -21.8351 -0.0293 0.5686 0.0048 0.8221
32.4809 224.4397 -5.5781 -21.5063 -0.0289 0.5662 0.0042 0.8238
32.5845 225.1886 -5.5451 -21.2059 -0.0291 0.5643 0.0052 0.8251
32.6883 225.9373 -5.5257 -20.9233 -0.0282 0.5624 0.0066 0.8263
32.7919 226.6283 -5.5131 -20.6351 -0.0272 0.5603 0.0071 0.8278
32.8957 227.3553 -5.4838 -20.3370 -0.0266 0.5586 0.0064 0.8290
32.9994 228.0868 -5.4495 -20.0563 -0.0281 0.5563 0.0056 0.8305
33.1032 228.8430 -5.4181 -19.6924 -0.0297 0.5542 0.0047 0.8318
33.2068 229.5687 -5.4008 -19.3879 -0.0274 0.5527 0.0051 0.8329
33.3105 230.2902 -5.3925 -19.0790 -0.0247 0.5509 0.0028 0.8342
33.4143 231.0204 -5.3750 -18.7493 -0.0240 0.5492 0.0002 0.8353
33.5182 231.7165 -5.3383 -18.4238 -0.0279 0.5477 -0.0025 0.8362
33.6218 232.4462 -5.3164 -18.1059 -0.0318 0.5465 0.0003 0.8369
33.7255 233.1921 -5.2856 -17.7927 -0.0353 0.5459 0.0055 0.8371
33.8293 233.9451 -5.2469 -17.4453 -0.0392 0.5452 0.0091 0.8373
33.9331 234.6695 -5.2076 -17.1231 -0.0403 0.5443 0.0094 0.8379
34.0367 235.3885 -5.1746 -16.7777 -0.0396 0.5430 0.0075 0.8388
34.1404 236.0835 -5.1380 -16.4521 -0.0367 0.5411 0.0052 0.8401
34.2440 236.8022 -5.1117 -16.1194 -0.0356 0.5390 0.0028 0.8415
34.3478 237.5162 -5.0728 -15.7617 -0.0331 0.5373 0.0041 0.8427
34.4515 238.2708 -5.0461 -15.4309 -0.0323 0.5351 0.0029 0.8441
34.5552 238.9708 -5.0256 -15.0772 -0.0324 0.5336 0.0038 0.8451
34.6589 239.6871 -4.9791 -14.7356 -0.0341 0.5323 0.0055 0.8458
34.7625 240.4076 -4.9427 -14.3895 -0.0356 0.5309 0.0083 0.8467
34.8663 241.1513 -4.8968 -14.0197 -0.0367 0.5298 0.0116 0.8473
34.9700 241.8639 -4.8447 -13.6796 -0.0391 0.5287 0.0130 0.8478
35.0739 242.6324 -4.7924 -13.3153 -0.0408 0.5280 0.0162 0.8481
35.1776 243.3661 -4.7436 -12.9333 -0.0413 0.5271 0.0165 0.8486
35.2813 244.0517 -4.7010 -12.5682 -0.0401 0.5267 0.0117 0.8490
35.3850 244.7809 -4.6740 -12.1810 -0.0355 0.5263 0.0057 0.8496
35.4887 245.4928 -4.6353 -11.8093 -0.0321 0.5260 0.0025 0.8499
35.5924 246.2159 -4.6048 -11.4665 -0.0328 0.5261 0.0032 0.8498
35.6962 246.9380 -4.5585 -11.0902 -0.0356 0.5261 0.0052 0.8497
35.7998 247.6846 -4.5251 -10.7389 -0.0357 0.5251 0.0058 0.8503
35.9035 248.4008 -4.4904 -10.3523 -0.0347 0.5246 0.0063 0.8506
36.0072 249.1230 -4.4538 -9.9834 -0.0337 0.5241 0.0080 0.8509
36.1109 249.8629 -4.4079 -9.6049 -0.0352 0.5231 0.0099 0.8515
36.2145 250.5851 -4.3679 -9.2558 -0.0368 0.5228 0.0103 0.8516
36.3183 251.2861 -4.3264 -8.8823 -0.0371 0.5228 0.0092 0.8516
36.4220 251.9984 -4.3073 -8.5028 -0.0355 0.5219 0.0085 0.8522
36.5258 252.7176 -4.2657 -8.1207 -0.0348 0.5217 0.0077 0.8524
36.6295 253.4584 -4.2243 -7.7604 -0.0347 0.5207 0.0096 0.8530
36.7333 254.2011 -4.1775 -7.3597 -0.0356 0.5188 0.0108 0.8541
36.8370 254.9208 -4.1311 -6.9629 -0.0363 0.5172 0.0112 0.8550
36.9408 255.6368 -4.0981 -6.5734 -0.0357 0.5153 0.0119 0.8562
37.0445 256.3526 -4.0600 -6.2056 -0.0354 0.5131 0.0116 0.8575
37.1483 257.0705 -4.0126 -5.7963 -0.0354 0.5112 0.0086 0.8587
37.2520 257.7937 -3.9747 -5.3683 -0.0334 0.5085 0.0081 0.8604
37.3557 258.4802 -3.9480 -4.9691 -0.0315 0.5052 0.0093 0.8624
37.4594 259.2124 -3.9021 -4.5600 -0.0301 0.5007 0.0103 0.8650
37.5630 259.9182 -3.8810 -4.1528 -0.0289 0.4956 0.0127 0.8680
37.6667 260.6260 -3.8464 -3.7224 -0.0280 0.4895 0.0134 0.8714
37.7703 261.3335 -3.8060 -3.2634 -0.0286 0.4825 0.0137 0.8753
37.8740 262.0315 -3.7675 -2.8109 -0.0303 0.4755 0.0154 0.8791
37.9778 262.6832 -3.7329 -2.3381 -0.0320 0.4690 0.0163 0.8825
38.0815 263.3578 -3.6923 -1.8319 -0.0333 0.4632 0.0156 0.8855
38.1853 264.0138 -3.6542 -1.3608 -0.0338 0.4584 0.0117 0.8880
38.2892 264.6508 -3.5942 -0.8820 -0.0335 0.4555 0.0094 0.8896
38.3932 265.3238 -3.5559 -0.3770 -0.0346 0.4542 0.0069 0.8902
38.4972 265.9776 -3.5309 0.0948 -0.0356 0.4558 0.0029 0.8893
38.6012 266.6524 -3.4978 0.5975 -0.0356 0.4595 -0.0013 0.8875
38.7052 267.3160 -3.4428 1.0756 -0.0343 0.4647 -0.0040 0.8848
38.8093 267.9786 -3.4331 1.5177 -0.0328 0.4705 -0.0031 0.8818
38.9133 268.6802 -3.4077 1.9748 -0.0329 0.4756 -0.0011 0.8790
39.0172 269.3795 -3.3703 2.4303 -0.0339 0.4809 -0.0020 0.8761
39.1212 270.0969 -3.3470 2.8372 -0.0338 0.4856 -0.0011 0.8735
39.2250 270.7787 -3.3354 3.2720 -0.0326 0.4901 -0.0002 0.8711
39.3289 271.4928 -3.2948 3.6979 -0.0312 0.4945 0.0005 0.8686
39.4327 272.1874 -3.2680 4.1140 -0.0310 0.4983 -0.0010 0.8665
39.5364 272.8894 -3.2416 4.4966 -0.0320 0.5012 -0.0012 0.8648
39.6402 273.6430 -3.1985 4.9215 -0.0346 0.5037 -0.0017 0.8632
39.7438 274.3568 -3.1640 5.3334 -0.0380 0.5063 -0.0010 0.8615
39.8476 275.1050 -3.1348 5.7271 -0.0392 0.5086 0.0009 0.8601
39.9513 275.8145 -3.0974 6.1538 -0.0394 0.5101 -0.0007 0.8592
40.0550 276.5207 -3.0517 6.5552 -0.0371 0.5113 -0.0048 0.8586
40.1587 277.2473 -3.0377 6.9389 -0.0330 0.5120 -0.0094 0.8583
40.2624 277.9714 -3.0228 7.3513 -0.0300 0.5122 -0.0113 0.8583
40.3662 278.7064 -2.9930 7.7704 -0.0303 0.5134 -0.0122 0.8575
40.4699 279.4623 -2.9662 8.1701 -0.0323 0.5138 -0.0115 0.8572
40.5735 280.2010 -2.9498 8.5694 -0.0326 0.5137 -0.0100 0.8573
40.6773 280.9300 -2.9282 8.9647 -0.0326 0.5138 -0.0079 0.8572
40.7810 281.7148 -2.9019 9.3730 -0.0337 0.5124 -0.0071 0.8580
40.8848 282.4614 -2.8756 9.7922 -0.0339 0.5112 -0.0069 0.8587
40.9884 283.2080 -2.8416 10.1954 -0.0335 0.5094 -0.0063 0.8598
41.0922 283.9444 -2.8303 10.6074 -0.0341 0.5075 -0.0073 0.8609
41.1958 284.7071 -2.7948 11.0671 -0.0348 0.5056 -0.0078 0.8621
41.2994 285.4532 -2.7645 11.5066 -0.0342 0.5037 -0.0089 0.8632
41.4032 286.2293 -2.7421 11.9452 -0.0317 0.5015 -0.0078 0.8646
41.5068 286.9643 -2.7278 12.3922 -0.0298 0.4990 -0.0085 0.8660
41.6105 287.7293 -2.7014 12.8181 -0.0286 0.4955 -0.0086 0.8681
41.7142 288.4733 -2.6852 13.2938 -0.0292 0.4914 -0.0084 0.8704
41.8179 289.2285 -2.6487 13.7543 -0.0319 0.4881 -0.0077 0.8722
41.9215 289.9785 -2.6121 14.2550 -0.0348 0.4844 -0.0069 0.8742
42.0253 290.7158 -2.5656 14.7373 -0.0387 0.4811 -0.0070 0.8758
42.1289 291.4718 -2.5336 15.2171 -0.0410 0.4779 -0.0063 0.8775
42.2327 292.2242 -2.5127 15.7347 -0.0398 0.4733 -0.0070 0.8800
42.3363 292.9629 -2.4707 16.2546 -0.0365 0.4696 -0.0086 0.8821
42.4400 293.7126 -2.4446 16.7807 -0.0326 0.4653 -0.0102 0.8845
42.5438 294.4628 -2.4165 17.3127 -0.0289 0.4616 -0.0099 0.8866
42.6474 295.1880 -2.4053 17.8258 -0.0258 0.4582 -0.0090 0.8884
42.7512 295.9473 -2.3849 18.3475 -0.0246 0.4544 -0.0056 0.8904
42.8548 296.6669 -2.3715 18.8957 -0.0258 0.4504 -0.0025 0.8924
42.9585 297.4129 -2.3390 19.4658 -0.0279 0.4464 0.0011 0.8944
43.0623 298.1440 -2.3109 20.0326 -0.0296 0.4423 0.0034 0.8964
43.1661 298.8773 -2.2708 20.6027 -0.0305 0.4387 0.0043 0.8981
43.2698 299.6271 -2.2462 21.2103 -0.0317 0.4349 0.0021 0.8999
43.3736 300.3134 -2.1894 21.8108 -0.0331 0.4317 0.0006 0.9014
43.4773 301.0411 -2.1503 22.4100 -0.0337 0.4289 0.0031 0.9027
43.5810 301.7501 -2.1084 23.0145 -0.0336 0.4267 0.0025 0.9038
43.6849 302.4734 -2.0778 23.6113 -0.0314 0.4241 0.0026 0.9051
43.7887 303.1842 -2.0402 24.2146 -0.0296 0.4212 0.0019 0.9065
43.8924 303.9227 -2.0149 24.8362 -0.0296 0.4186 0.0018 0.9077
43.9961 304.6207 -1.9552 25.4899 -0.0322 0.4162 0.0014 0.9087
44.1000 305.3315 -1.9038 26.1295 -0.0342 0.4138 0.0033 0.9097
44.2036 306.0613 -1.8755 26.7468 -0.0341 0.4110 0.0026 0.9110
44.3073 306.7491 -1.8280 27.3987 -0.0327 0.4089 0.0001 0.9120
44.4110 307.4641 -1.8090 28.0502 -0.0304 0.4063 -0.0012 0.9132
44.5148 308.1666 -1.7737 28.6749 -0.0291 0.4037 0.0007 0.9144
44.6185 308.8776 -1.7492 29.3269 -0.0285 0.4012 0.0034 0.9156
44.7223 309.5483 -1.7140 29.9569 -0.0279 0.3986 0.0054 0.9167
44.8262 310.2364 -1.6896 30.6347 -0.0269 0.3956 0.0072 0.9180
44.9298 310.9379 -1.6539 31.2885 -0.0260 0.3922 0.0102 0.9194
45.0335 311.6242 -1.6172 31.9477 -0.0267 0.3901 0.0101 0.9203
45.1373 312.3030 -1.5830 32.6145 -0.0274 0.3880 0.0095 0.9212
45.2410 312.9569 -1.5622 33.2741 -0.0267 0.3853 0.0094 0.9224
45.3448 313.6069 -1.5055 33.9467 -0.0266 0.3830 0.0085 0.9233
45.4485 314.2671 -1.4915 34.6528 -0.0261 0.3808 0.0107 0.9242
45.5523 314.9411 -1.4421 35.3220 -0.0266 0.3775 0.0110 0.9256
45.6562 315.5935 -1.4247 35.9919 -0.0256 0.3750 0.0111 0.9266
45.7599 316.2240 -1.3838 36.6686 -0.0254 0.3723 0.0125 0.9277
45.8637 316.8806 -1.3535 37.3722 -0.0269 0.3701 0.0120 0.9285
45.9674 317.5101 -1.3037 38.0658 -0.0292 0.3688 0.0098 0.9290
46.0713 318.1438 -1.2857 38.7599 -0.0310 0.3670 0.0075 0.9297
46.1750 318.7905 -1.2115 39.4566 -0.0320 0.3656 0.0116 0.9301
46.2788 319.4226 -1.1846 40.1441 -0.0321 0.3644 0.0122 0.9306
46.3827 320.0317 -1.1446 40.8337 -0.0295 0.3636 0.0116 0.9310
46.4865 320.6657 -1.1208 41.5341 -0.0268 0.3629 0.0097 0.9314
46.5904 321.3135 -1.0639 42.2464 -0.0262 0.3631 0.0096 0.9313
46.6942 321.9381 -1.0501 42.9257 -0.0277 0.3636 0.0098 0.9311
46.7981 322.5708 -1.0018 43.6278 -0.0287 0.3643 0.0119 0.9308
46.9019 323.2160 -0.9601 44.3023 -0.0299 0.3657 0.0115 0.9302
47.0058 323.8661 -0.9259 45.0409 -0.0296 0.3689 0.0114 0.9289
47.1097 324.5366 -0.9049 45.7302 -0.0293 0.3715 0.0085 0.9279
47.2136 325.1889 -0.8564 46.4197 -0.0276 0.3746 0.0076 0.9267
47.3174 325.8600 -0.8083 47.1173 -0.0265 0.3784 0.0062 0.9252
47.4212 326.5485 -0.7709 47.8041 -0.0266 0.3819 0.0065 0.9238
47.5251 327.2181 -0.7460 48.4715 -0.0267 0.3856 0.0064 0.9223
47.6288 327.9084 -0.7060 49.1402 -0.0288 0.3896 0.0062 0.9205
47.7327 328.6003 -0.6662 49.8233 -0.0324 0.3938 0.0058 0.9186
47.8364 329.2819 -0.6128 50.4732 -0.0347 0.3977 0.0065 0.9168
47.9402 330.0051 -0.5794 51.1612 -0.0343 0.4019 0.0048 0.9150
48.0439 330.7244 -0.5430 51.8111 -0.0319 0.4053 0.0030 0.9136
48.1477 331.4429 -0.5054 52.4592 -0.0294 0.4091 0.0025 0.9120
48.2514 332.1689 -0.4606 53.1304 -0.0290 0.4124 0.0030 0.9105
48.3550 332.9189 -0.4285 53.7595 -0.0300 0.4151 0.0032 0.9093
48.4588 333.6536 -0.3784 54.3832 -0.0304 0.4182 0.0036 0.9079
48.5626 334.4015 -0.3477 55.0247 -0.0309 0.4205 0.0039 0.9068
48.6662 335.1696 -0.3073 55.6643 -0.0323 0.4232 0.0038 0.9055
48.7699 335.9294 -0.2646 56.3099 -0.0329 0.4256 0.0029 0.9043
48.8736 336.6794 -0.2253 56.9544 -0.0338 0.4278 0.0016 0.9032
48.9773 337.4669 -0.1823 57.5963 -0.0341 0.4299 0.0007 0.9022
49.0809 338.2481 -0.1412 58.2399 -0.0343 0.4323 -0.0002 0.9011
49.1847 339.0103 -0.1004 58.8573 -0.0344 0.4340 -0.0009 0.9003
49.2883 339.8009 -0.0623 59.4900 -0.0344 0.4360 -0.0008 0.8993
49.3920 340.5871 -0.0173 60.1186 -0.0347 0.4375 -0.0011 0.8985
49.4958 341.3823 0.0218 60.7349 -0.0353 0.4391 -0.0010 0.8977
49.5994 342.1820 0.0651 61.3499 -0.0360 0.4406 -0.0015 0.8970
49.7032 343.0021 0.1089 61.9904 -0.0367 0.4426 -0.0012 0.8960
49.8068 343.7867 0.1424 62.5769 -0.0369 0.4443 -0.0019 0.8951
49.9106 344.5839 0.1832 63.1981 -0.0362 0.4457 -0.0028 0.8944
50.0142 345.3810 0.2287 63.8259 -0.0356 0.4472 -0.0024 0.8937
50.1180 346.1965 0.2723 64.4185 -0.0369 0.4476 -0.0002 0.8935
50.2216 347.0272 0.3270 65.0372 -0.0393 0.4479 0.0038 0.8932
50.3253 347.8301 0.3848 65.6319 -0.0412 0.4485 0.0054 0.8928
50.4290 348.6343 0.4429 66.2388 -0.0404 0.4486 0.0061 0.8928
50.5327 349.4479 0.4747 66.8433 -0.0374 0.4489 0.0052 0.8928
50.6365 350.2314 0.5297 67.4484 -0.0344 0.4496 0.0036 0.8925
50.7402 351.0390 0.5702 68.0163 -0.0324 0.4497 0.0041 0.8926
50.8440 351.8631 0.6150 68.6558 -0.0327 0.4505 0.0055 0.8921
50.9476 352.6578 0.6518 69.2527 -0.0332 0.4514 0.0083 0.8917
51.0512 353.5053 0.7071 69.8541 -0.0344 0.4516 0.0102 0.8915
51.1549 354.3211 0.7518 70.4625 -0.0359 0.4517 0.0115 0.8914
51.2586 355.1415 0.8187 71.0566 -0.0363 0.4517 0.0110 0.8914
51.3623 355.9401 0.8586 71.6568 -0.0352 0.4519 0.0108 0.8913
51.4659 356.7716 0.9005 72.2495 -0.0338 0.4520 0.0112 0.8913
51.5697 357.5703 0.9508 72.8445 -0.0333 0.4518 0.0125 0.8914
51.6733 358.3760 1.0110 73.4561 -0.0330 0.4521 0.0156 0.8912
51.7769 359.1881 1.0650 74.0377 -0.0341 0.4522 0.0147 0.8912
51.8807 360.0120 1.1130 74.6521 -0.0335 0.4524 0.0148 0.8911
51.9843 360.8478 1.1561 75.2506 -0.0328 0.4526 0.0148 0.8910
52.0881 361.6471 1.2108 75.8572 -0.0319 0.4531 0.0168 0.8907
52.1917 362.4747 1.2657 76.4557 -0.0322 0.4527 0.0179 0.8909
52.2954 363.2830 1.3122 77.0457 -0.0324 0.4529 0.0191 0.8907
52.3992 364.0933 1.3560 77.6413 -0.0319 0.4527 0.0210 0.8908
52.5029 364.9186 1.4093 78.2299 -0.0321 0.4523 0.0227 0.8910
52.6067 365.6978 1.4900 78.8064 -0.0312 0.4521 0.0259 0.8911
52.7104 366.5167 1.5181 79.3793 -0.0302 0.4515 0.0288 0.8913
52.8142 367.3416 1.5961 79.9948 -0.0304 0.4511 0.0303 0.8914
52.9179 368.1440 1.6425 80.5829 -0.0304 0.4505 0.0316 0.8917
53.0217 368.9301 1.7049 81.1667 -0.0304 0.4496 0.0331 0.8921
53.1254 369.7063 1.7526 81.7272 -0.0310 0.4488 0.0336 0.8925
53.2292 370.4723 1.8168 82.3151 -0.0312 0.4481 0.0336 0.8928
53.3329 371.2161 1.8658 82.8731 -0.0311 0.4470 0.0349 0.8933
53.4365 371.9582 1.9154 83.4408 -0.0317 0.4467 0.0360 0.8934
53.5403 372.6976 1.9869 83.9979 -0.0338 0.4461 0.0367 0.8936
53.6441 373.3765 2.0593 84.5175 -0.0376 0.4457 0.0369 0.8937
53.7478 374.1351 2.1303 85.1122 -0.0408 0.4460 0.0361 0.8934
53.8516 374.8195 2.1924 85.6340 -0.0443 0.4459 0.0337 0.8933
53.9553 375.4722 2.2702 86.1581 -0.0456 0.4462 0.0316 0.8932
54.0590 376.1502 2.3314 86.6898 -0.0469 0.4466 0.0300 0.8930
54.1628 376.7884 2.3989 87.1841 -0.0479 0.4471 0.0273 0.8928
54.2666 377.4174 2.4578 87.6688 -0.0483 0.4474 0.0250 0.8927
54.3702 378.0771 2.5151 88.1655 -0.0476 0.4480 0.0251 0.8924
54.4739 378.6708 2.5898 88.6094 -0.0468 0.4482 0.0259 0.8923
54.5776 379.2703 2.6340 89.0446 -0.0470 0.4480 0.0253 0.8925
54.6813 379.8908 2.7138 89.5230 -0.0475 0.4491 0.0244 0.8919
54.7851 380.4727 2.7672 89.9524 -0.0476 0.4506 0.0242 0.8911
54.8888 381.0384 2.8275 90.4001 -0.0485 0.4532 0.0241 0.8897
54.9927 381.6378 2.8802 90.8324 -0.0495 0.4565 0.0234 0.8880
55.0964 382.2095 2.9413 91.2261 -0.0493 0.4596 0.0222 0.8865
55.2002 382.7777 2.9865 91.6234 -0.0480 0.4631 0.0203 0.8848
55.3040 383.3847 3.0332 92.0467 -0.0463 0.4667 0.0175 0.8830
55.4078 383.9980 3.0913 92.4678 -0.0446 0.4717 0.0178 0.8804
55.5117 384.6033 3.1582 92.8383 -0.0478 0.4767 0.0144 0.8776
55.6154 385.1951 3.2252 93.2111 -0.0504 0.4815 0.0152 0.8748
55.7192 385.8029 3.2817 93.6088 -0.0536 0.4867 0.0157 0.8718
55.8229 386.4192 3.3495 93.9655 -0.0554 0.4913 0.0168 0.8691
55.9267 387.0525 3.4143 94.3169 -0.0557 0.4960 0.0173 0.8663
56.0304 387.6819 3.4703 94.6853 -0.0551 0.5009 0.0177 0.8636
56.1341 388.2948 3.5296 95.0446 -0.0522 0.5047 0.0183 0.8615
56.2378 388.9704 3.5849 95.3733 -0.0491 0.5078 0.0196 0.8598
56.3416 389.6134 3.6474 95.7424 -0.0469 0.5108 0.0217 0.8581
56.4453 390.2881 3.6951 96.1034 -0.0485 0.5136 0.0245 0.8563
56.5491 390.9965 3.7953 96.4477 -0.0524 0.5155 0.0300 0.8547
56.6529 391.6881 3.8855 96.8084 -0.0600 0.5172 0.0331 0.8531
56.7567 392.4257 4.0229 97.1831 -0.0649 0.5194 0.0368 0.8513
56.8604 393.0834 4.0797 97.5321 -0.0676 0.5217 0.0376 0.8496
56.9643 393.7603 4.1735 97.8812 -0.0678 0.5243 0.0366 0.8481
57.0681 394.4701 4.2719 98.2338 -0.0680 0.5267 0.0363 0.8466
57.1719 395.1782 4.3773 98.5779 -0.0681 0.5295 0.0392 0.8447
57.2756 395.9561 4.5077 98.9295 -0.0684 0.5321 0.0430 0.8428
57.3793 396.6861 4.6167 99.2665 -0.0685 0.5350 0.0461 0.8408
57.4831 397.4197 4.7298 99.6035 -0.0690 0.5376 0.0472 0.8390
57.5868 398.1273 4.8319 99.9106 -0.0702 0.5398 0.0458 0.8376
57.6906 398.7720 4.9402 100.2296 -0.0694 0.5423 0.0462 0.8360
57.7943 399.4668 5.0354 100.5280 -0.0669 0.5450 0.0488 0.8344
57.8982 400.1764 5.1532 100.8439 -0.0683 0.5486 0.0476 0.8319
58.0019 400.9105 5.2477 101.1238 -0.0683 0.5529 0.0481 0.8290
58.1058 401.5722 5.3614 101.3924 -0.0689 0.5570 0.0473 0.8263
58.2097 402.2714 5.4810 101.6762 -0.0691 0.5614 0.0472 0.8233
58.3134 402.9970 5.5894 101.9324 -0.0678 0.5660 0.0492 0.8201
58.4173 403.7053 5.6718 102.1974 -0.0664 0.5708 0.0498 0.8169
58.5211 404.3401 5.7623 102.4331 -0.0639 0.5752 0.0496 0.8140
58.6249 405.0500 5.8440 102.6724 -0.0634 0.5804 0.0437 0.8107
58.7287 405.7142 5.9405 102.8670 -0.0616 0.5868 0.0393 0.8064
58.8327 406.3811 6.0273 103.0749 -0.0598 0.5935 0.0367 0.8018
58.9366 407.0965 6.1136 103.2524 -0.0587 0.6017 0.0353 0.7958
59.0404 407.7462 6.1995 103.4452 -0.0559 0.6101 0.0353 0.7895
59.1443 408.4577 6.2777 103.5912 -0.0525 0.6184 0.0340 0.7834
59.2482 409.1549 6.3402 103.7139 -0.0483 0.6269 0.0338 0.7769
59.3521 409.8717 6.4059 103.8446 -0.0448 0.6350 0.0346 0.7704
59.4558 410.5545 6.4605 103.9436 -0.0436 0.6421 0.0353 0.7646
59.5596 411.2824 6.5399 104.0328 -0.0439 0.6493 0.0377 0.7584
59.6633 412.0528 6.6305 104.1339 -0.0470 0.6551 0.0400 0.7530
59.7669 412.7928 6.7143 104.2202 -0.0488 0.6596 0.0440 0.7487
59.8707 413.4880 6.7757 104.3169 -0.0508 0.6630 0.0470 0.7454
59.9743 414.3139 6.8646 104.3812 -0.0522 0.6667 0.0471 0.7420
60.0781 415.0616 6.9485 104.4850 -0.0536 0.6693 0.0473 0.7395
60.1818 415.7977 7.0476 104.5551 -0.0566 0.6720 0.0476 0.7368
60.2856 416.5644 7.1662 104.6414 -0.0578 0.6746 0.0465 0.7344
60.3893 417.3194 7.2500 104.7256 -0.0586 0.6772 0.0385 0.7325
60.4931 418.0669 7.3025 104.7659 -0.0546 0.6791 0.0303 0.7314
60.5968 418.8550 7.3403 104.8311 -0.0507 0.6815 0.0246 0.7297
60.7006 419.6027 7.4336 104.8930 -0.0514 0.6824 0.0228 0.7288
60.8042 420.4126 7.5397 104.9497 -0.0568 0.6827 0.0230 0.7282
60.9080 421.0902 7.6498 105.0121 -0.0584 0.6817 0.0233 0.7289
61.0116 421.9341 7.6779 105.0671 -0.0552 0.6815 0.0182 0.7295
61.1153 422.6621 7.6957 105.1418 -0.0476 0.6802 0.0093 0.7314
61.2189 423.3956 7.7185 105.1981 -0.0431 0.6783 0.0020 0.7335
61.3227 424.1258 7.7710 105.2698 -0.0434 0.6768 0.0014 0.7349
61.4264 424.9363 7.8509 105.3532 -0.0481 0.6757 0.0031 0.7356
61.5302 425.7176 7.9035 105.4305 -0.0504 0.6749 0.0051 0.7362
61.6338 426.4139 7.9287 105.5013 -0.0488 0.6737 0.0061 0.7374
61.7376 427.1218 7.9419 105.5507 -0.0444 0.6727 0.0034 0.7386
61.8413 427.8045 7.9685 105.6344 -0.0411 0.6717 0.0028 0.7397
61.9451 428.4884 8.0101 105.6774 -0.0393 0.6713 0.0028 0.7401
62.0488 429.1678 8.0358 105.7477 -0.0366 0.6715 0.0030 0.7401
62.1526 429.8311 8.0439 105.8282 -0.0348 0.6718 0.0010 0.7399
62.2564 430.4938 8.0723 105.9035 -0.0337 0.6720 -0.0010 0.7398
62.3601 431.1782 8.0759 105.9803 -0.0344 0.6726 -0.0045 0.7392
62.4640 431.8100 8.0933 106.0563 -0.0346 0.6752 -0.0063 0.7368
62.5679 432.4810 8.1079 106.0890 -0.0351 0.6799 -0.0082 0.7324
62.6718 433.1219 8.1194 106.1045 -0.0352 0.6857 -0.0095 0.7270
62.7758 433.8127 8.1279 106.1315 -0.0342 0.6925 -0.0098 0.7206
62.8798 434.4069 8.1401 106.1542 -0.0330 0.6993 -0.0086 0.7140
62.9837 435.0027 8.1429 106.1359 -0.0317 0.7053 -0.0081 0.7081
63.0876 435.6035 8.1392 106.1165 -0.0307 0.7117 -0.0079 0.7018
63.1914 436.1488 8.1376 106.1039 -0.0301 0.7178 -0.0078 0.6956
63.2954 436.7052 8.1432 106.0676 -0.0306 0.7243 -0.0080 0.6888
63.3993 437.2704 8.1563 106.0290 -0.0313 0.7308 -0.0081 0.6819
63.5032 437.7179 8.1594 105.9702 -0.0312 0.7370 -0.0085 0.6751
63.6071 438.1892 8.1558 105.8896 -0.0284 0.7428 -0.0094 0.6688
63.7108 438.5791 8.1306 105.8385 -0.0232 0.7481 -0.0098 0.6631
63.8147 438.9905 8.1248 105.7533 -0.0180 0.7530 -0.0119 0.6576
63.9184 439.3779 8.1110 105.6906 -0.0148 0.7573 -0.0153 0.6528
64.0222 439.7329 8.1064 105.6462 -0.0130 0.7608 -0.0175 0.6486
64.1260 440.1023 8.0973 105.5838 -0.0115 0.7640 -0.0189 0.6448
64.2297 440.4373 8.0932 105.5186 -0.0095 0.7668 -0.0186 0.6415
64.3333 440.7347 8.0820 105.4380 -0.0066 0.7689 -0.0158 0.6392
64.4371 441.0160 8.0484 105.3664 -0.0044 0.7706 -0.0130 0.6371
64.5407 441.3032 8.0456 105.3098 -0.0054 0.7724 -0.0123 0.6350
64.6444 441.5589 8.0326 105.2617 -0.0079 0.7738 -0.0135 0.6332
64.7481 441.7846 8.0361 105.2296 -0.0108 0.7750 -0.0151 0.6317
64.8517 442.0322 8.0346 105.1967 -0.0122 0.7760 -0.0156 0.6304
64.9553 442.2171 8.0204 105.1342 -0.0113 0.7769 -0.0148 0.6294
65.0591 442.3866 8.0047 105.1003 -0.0093 0.7774 -0.0141 0.6288
65.1627 442.5432 7.9942 105.0534 -0.0070 0.7778 -0.0132 0.6284
65.2663 442.6876 7.9849 105.0242 -0.0057 0.7776 -0.0135 0.6286
65.3701 442.8484 7.9803 105.0025 -0.0053 0.7770 -0.0151 0.6293
65.4737 442.9985 7.9878 104.9582 -0.0045 0.7762 -0.0137 0.6304
65.5774 443.1469 7.9725 104.9247 -0.0030 0.7749 -0.0102 0.6320
65.6811 443.2900 7.9791 104.8731 -0.0017 0.7732 -0.0077 0.6341
65.7848 443.4379 7.9619 104.8426 -0.0003 0.7719 -0.0072 0.6357
65.8886 443.5915 7.9624 104.8518 -0.0007 0.7706 -0.0086 0.6372
65.9922 443.7346 7.9519 104.8316 -0.0017 0.7691 -0.0096 0.6390
66.0959 443.8806 7.9483 104.8085 -0.0019 0.7674 -0.0114 0.6410
66.1997 444.0411 7.9400 104.7818 -0.0019 0.7654 -0.0118 0.6434
66.3033 444.2131 7.9344 104.7607 -0.0020 0.7634 -0.0118 0.6459
66.4071 444.4025 7.9251 104.7587 -0.0047 0.7612 -0.0128 0.6484
66.5107 444.6246 7.9353 104.7443 -0.0084 0.7584 -0.0146 0.6516
66.6143 444.8548 7.9443 104.7320 -0.0107 0.7554 -0.0158 0.6550
66.7181 445.0756 7.9272 104.7061 -0.0108 0.7523 -0.0144 0.6586
66.8217 445.3194 7.9179 104.6804 -0.0087 0.7484 -0.0111 0.6630
66.9254 445.5862 7.8977 104.6482 -0.0076 0.7448 -0.0095 0.6671
67.0291 445.8385 7.9181 104.6544 -0.0064 0.7395 -0.0079 0.6731
67.1328 446.1071 7.8868 104.6201 -0.0056 0.7341 -0.0072 0.6790
67.2364 446.3732 7.8992 104.6207 -0.0055 0.7280 -0.0064 0.6856
67.3401 446.6686 7.8891 104.6243 -0.0057 0.7208 -0.0062 0.6931
67.4437 446.9548 7.8921 104.6281 -0.0055 0.7133 -0.0062 0.7008
67.5473 447.2285 7.8692 104.6577 -0.0055 0.7056 -0.0073 0.7086
67.6511 447.5612 7.8773 104.7107 -0.0063 0.6974 -0.0105 0.7166
67.7547 447.9031 7.8698 104.7513 -0.0070 0.6890 -0.0134 0.7246
67.8583 448.2244 7.8804 104.8158 -0.0075 0.6797 -0.0134 0.7333
67.9621 448.5878 7.8531 104.8534 -0.0071 0.6701 -0.0117 0.7422
68.0657 448.9433 7.8436 104.9255 -0.0067 0.6607 -0.0105 0.7505
68.1693 449.3196 7.8458 105.0014 -0.0069 0.6509 -0.0106 0.7591
68.2731 449.6959 7.8386 105.0892 -0.0073 0.6408 -0.0103 0.7676
68.3767 450.1025 7.8402 105.2172 -0.0075 0.6309 -0.0105 0.7757
68.4803 450.5269 7.8320 105.3237 -0.0074 0.6207 -0.0104 0.7839
68.5841 450.9501 7.8248 105.4598 -0.0071 0.6109 -0.0104 0.7916
68.6878 451.3724 7.8165 105.5981 -0.0070 0.6022 -0.0098 0.7982
68.7916 451.8362 7.8162 105.7549 -0.0071 0.5936 -0.0093 0.8047
68.8953 452.3081 7.8072 105.9414 -0.0073 0.5859 -0.0089 0.8103
68.9991 452.8105 7.8053 106.1273 -0.0071 0.5782 -0.0095 0.8158
69.1028 453.3025 7.8005 106.3182 -0.0062 0.5708 -0.0083 0.8210
69.2066 453.8129 7.7954 106.5199 -0.0054 0.5632 -0.0068 0.8263
69.3103 454.3476 7.7887 106.7585 -0.0041 0.5551 -0.0049 0.8318
69.4139 454.9104 7.7711 106.9966 -0.0032 0.5473 -0.0037 0.8369
69.5177 455.4225 7.7722 107.2844 -0.0026 0.5399 -0.0033 0.8417
69.6214 455.9778 7.7688 107.5768 -0.0025 0.5330 -0.0040 0.8461
69.7253 456.5522 7.7549 107.8681 -0.0028 0.5268 -0.0046 0.8500
69.8291 457.1560 7.7537 108.1841 -0.0033 0.5212 -0.0044 0.8534
69.9328 457.7209 7.7437 108.4987 -0.0040 0.5164 -0.0041 0.8563
70.0367 458.3079 7.7483 108.8540 -0.0054 0.5127 -0.0035 0.8585
70.1406 458.9608 7.7408 109.1916 -0.0061 0.5096 -0.0032 0.8604
70.2443 459.5765 7.7352 109.5536 -0.0066 0.5071 -0.0034 0.8618
70.3482 460.1905 7.7293 109.9097 -0.0071 0.5054 -0.0036 0.8628
70.4519 460.8327 7.7294 110.2807 -0.0077 0.5038 -0.0040 0.8638
70.5558 461.5058 7.7254 110.6553 -0.0078 0.5025 -0.0048 0.8645
70.6596 462.1899 7.7267 111.0443 -0.0071 0.5011 -0.0041 0.8654
70.7633 462.8677 7.7172 111.4674 -0.0065 0.4997 -0.0039 0.8662
70.8672 463.5853 7.7133 111.8793 -0.0057 0.4986 -0.0042 0.8668
70.9708 464.2921 7.7078 112.2960 -0.0051 0.4974 -0.0043 0.8675
71.0747 465.0044 7.7019 112.7162 -0.0041 0.4961 -0.0042 0.8682
71.1784 465.7193 7.6857 113.1479 -0.0032 0.4954 -0.0036 0.8687
71.2822 466.4773 7.6694 113.5904 -0.0020 0.4944 -0.0023 0.8692
71.3859 467.2144 7.6635 114.0493 -0.0016 0.4935 -0.0020 0.8697
71.4896 467.9401 7.6586 114.4788 -0.0009 0.4925 -0.0028 0.8703
71.5933 468.7074 7.6327 114.9323 0.0006 0.4922 -0.0034 0.8705
71.6972 469.4692 7.6154 115.4138 0.0017 0.4921 -0.0043 0.8705
71.8010 470.2590 7.6065 115.8867 0.0008 0.4917 -0.0047 0.8708
71.9047 471.0555 7.5905 116.3752 -0.0003 0.4917 -0.0041 0.8707
72.0085 471.8676 7.5819 116.8614 -0.0011 0.4916 -0.0034 0.8708
72.1122 472.6831 7.5615 117.3674 -0.0006 0.4914 -0.0031 0.8709
72.2160 473.5093 7.5456 117.8624 0.0004 0.4911 -0.0025 0.8711
72.3197 474.3415 7.5208 118.3606 0.0011 0.4908 -0.0015 0.8713
72.4235 475.1688 7.5106 118.8682 0.0012 0.4905 -0.0010 0.8714
72.5272 476.0127 7.4935 119.3980 0.0015 0.4900 -0.0004 0.8717
72.6309 476.8738 7.4717 119.9204 0.0017 0.4898 0.0007 0.8718
72.7347 477.7642 7.4476 120.4472 0.0017 0.4894 0.0001 0.8720
72.8385 478.6529 7.4311 120.9972 0.0021 0.4892 -0.0002 0.8722
72.9422 479.5160 7.4237 121.5459 0.0018 0.4889 -0.0010 0.8724
73.0460 480.4015 7.3895 122.1038 0.0014 0.4892 -0.0000 0.8722
73.1497 481.2994 7.3956 122.6650 0.0004 0.4897 -0.0019 0.8719
73.2535 482.1984 7.3694 123.2345 0.0002 0.4906 -0.0033 0.8714
73.3572 483.1316 7.3472 123.8108 0.0007 0.4925 -0.0049 0.8703
73.4611 484.0476 7.3137 124.3644 0.0001 0.4956 -0.0074 0.8685
73.5649 484.9830 7.2863 124.9138 -0.0005 0.5002 -0.0103 0.8659
73.6688 485.9018 7.2625 125.4584 -0.0009 0.5060 -0.0130 0.8625
73.7727 486.8513 7.2301 126.0051 -0.0017 0.5126 -0.0146 0.8585
73.8767 487.8521 7.1977 126.5058 -0.0028 0.5197 -0.0150 0.8542
73.9806 488.8263 7.1717 127.0074 -0.0051 0.5271 -0.0149 0.8496
74.0845 489.8140 7.1444 127.4918 -0.0059 0.5347 -0.0156 0.8449
74.1885 490.8276 7.1087 127.9426 -0.0050 0.5428 -0.0165 0.8397
74.2923 491.8211 7.0791 128.3952 -0.0042 0.5507 -0.0184 0.8345
74.3962 492.8354 7.0495 128.8365 -0.0037 0.5595 -0.0189 0.8286
74.5001 493.8633 7.0216 129.2362 -0.0046 0.5684 -0.0189 0.8225
74.6038 494.9230 6.9879 129.5962 -0.0047 0.5782 -0.0183 0.8156
74.7078 495.9720 6.9383 129.9542 -0.0036 0.5885 -0.0193 0.8082
74.8117 497.0059 6.9108 130.2668 -0.0028 0.5990 -0.0226 0.8004
74.9155 498.1005 6.8319 130.5772 -0.0007 0.6101 -0.0240 0.7919
75.0193 499.1525 6.8245 130.8330 -0.0011 0.6214 -0.0286 0.7830
75.1233 500.2345 6.7272 131.0763 0.0012 0.6334 -0.0284 0.7733
75.2271 501.3504 6.6873 131.2730 0.0006 0.6454 -0.0313 0.7632
75.3310 502.4435 6.6124 131.4238 0.0027 0.6562 -0.0316 0.7539
75.4348 503.5512 6.5343 131.5642 0.0056 0.6669 -0.0325 0.7444
75.5386 504.6349 6.4603 131.6803 0.0081 0.6766 -0.0327 0.7356
75.6422 505.7648 6.3643 131.7305 0.0097 0.6854 -0.0323 0.7274
75.7459 506.8986 6.2813 131.7715 0.0102 0.6939 -0.0320 0.7193
75.8496 508.0075 6.2009 131.8129 0.0108 0.7016 -0.0331 0.7117
75.9533 509.1172 6.1182 131.8247 0.0114 0.7097 -0.0344 0.7036
76.0570 510.2374 6.0240 131.7854 0.0124 0.7172 -0.0341 0.6960
76.1606 511.3820 5.9256 131.7361 0.0129 0.7232 -0.0319 0.6897
76.2642 512.5005 5.8372 131.6662 0.0141 0.7278 -0.0296 0.6850
76.3677 513.6544 5.7381 131.5672 0.0172 0.7309 -0.0282 0.6817
76.4713 514.7675 5.6489 131.4821 0.0187 0.7329 -0.0286 0.6794
76.5750 515.8997 5.5562 131.4025 0.0189 0.7346 -0.0290 0.6777
76.6786 517.0229 5.4644 131.3187 0.0191 0.7356 -0.0293 0.6765
76.7822 518.1477 5.3694 131.2415 0.0193 0.7369 -0.0301 0.6751
76.8859 519.3225 5.2659 131.1386 0.0205 0.7382 -0.0309 0.6735
76.9896 520.4663 5.1666 131.0304 0.0218 0.7391 -0.0314 0.6725
77.0932 521.6389 5.0531 130.9199 0.0216 0.7403 -0.0311 0.6712
77.1970 522.7966 4.9597 130.8053 0.0212 0.7415 -0.0296 0.6700
77.3006 524.0168 4.8678 130.7133 0.0207 0.7419 -0.0281 0.6696
77.4042 525.2042 4.7605 130.5864 0.0197 0.7425 -0.0296 0.6689
77.5078 526.3940 4.6586 130.4639 0.0206 0.7427 -0.0314 0.6686
77.6116 527.6293 4.5471 130.3475 0.0215 0.7424 -0.0326 0.6688
77.7152 528.8248 4.4352 130.2275 0.0225 0.7425 -0.0317 0.6687
77.8190 530.0647 4.3274 130.1122 0.0219 0.7423 -0.0320 0.6690
77.9227 531.3018 4.2166 129.9975 0.0216 0.7424 -0.0328 0.6688
78.0263 532.5377 4.1101 129.8682 0.0210 0.7429 -0.0339 0.6682
78.1301 533.8115 3.9928 129.7460 0.0210 0.7435 -0.0333 0.6676
78.2338 535.0717 3.8785 129.6220 0.0206 0.7442 -0.0334 0.6669
78.3375 536.3273 3.7633 129.4980 0.0209 0.7452 -0.0333 0.6657
78.4412 537.5868 3.6420 129.3751 0.0210 0.7458 -0.0334 0.6650
78.5448 538.8815 3.5395 129.2191 0.0209 0.7470 -0.0334 0.6637
78.6486 540.1674 3.4094 129.0603 0.0208 0.7480 -0.0334 0.6625
78.7523 541.4603 3.2962 128.9241 0.0199 0.7492 -0.0339 0.6611
78.8560 542.7446 3.1775 128.7659 0.0193 0.7505 -0.0335 0.6597
78.9597 544.0654 3.0577 128.6110 0.0189 0.7515 -0.0338 0.6585
79.0633 545.3868 2.9419 128.4321 0.0185 0.7525 -0.0344 0.6574
79.1671 546.7310 2.8225 128.2569 0.0186 0.7536 -0.0344 0.6562
79.2708 548.0523 2.7064 128.0742 0.0192 0.7545 -0.0343 0.6551
79.3745 549.3711 2.5828 127.9017 0.0189 0.7553 -0.0350 0.6541
79.4782 550.7523 2.4532 127.6918 0.0192 0.7561 -0.0351 0.6532
79.5820 552.1053 2.3284 127.5258 0.0193 0.7573 -0.0351 0.6518
79.6857 553.4855 2.2070 127.3161 0.0191 0.7585 -0.0350 0.6505
79.7895 554.8269 2.0764 127.1103 0.0185 0.7598 -0.0354 0.6489
79.8932 556.1874 1.9555 126.8947 0.0187 0.7611 -0.0351 0.6474
79.9970 557.5819 1.8254 126.6819 0.0188 0.7623 -0.0353 0.6459
80.1006 558.9848 1.6988 126.4539 0.0193 0.7631 -0.0353 0.6450
80.2043 560.4038 1.5645 126.2346 0.0201 0.7638 -0.0352 0.6441
80.3080 561.8162 1.4301 125.9736 0.0202 0.7642 -0.0353 0.6437
80.4117 563.2411 1.2960 125.7430 0.0207 0.7648 -0.0346 0.6430
80.5153 564.6568 1.1650 125.4994 0.0212 0.7653 -0.0340 0.6425
80.6191 566.0895 1.0294 125.2781 0.0220 0.7656 -0.0338 0.6420
80.7227 567.5132 0.8931 125.0167 0.0222 0.7662 -0.0341 0.6413
80.8264 568.9414 0.7684 124.7657 0.0228 0.7665 -0.0329 0.6410
80.9301 570.4034 0.6236 124.5080 0.0226 0.7666 -0.0331 0.6408
81.0338 571.8722 0.4857 124.2612 0.0226 0.7670 -0.0331 0.6404
81.1375 573.3255 0.3538 123.9995 0.0210 0.7674 -0.0332 0.6399
81.2412 574.7838 0.2251 123.7404 0.0215 0.7678 -0.0316 0.6396
81.3449 576.2429 0.0861 123.4755 0.0219 0.7680 -0.0314 0.6392
81.4486 577.7079 -0.0483 123.2128 0.0218 0.7680 -0.0324 0.6392
81.5523 579.1717 -0.1865 122.9547 0.0230 0.7681 -0.0317 0.6391
81.6561 580.6634 -0.3275 122.6834 0.0222 0.7683 -0.0325 0.6389
81.7597 582.1456 -0.4737 122.4184 0.0230 0.7682 -0.0316 0.6390
81.8635 583.5928 -0.6034 122.1696 0.0228 0.7682 -0.0321 0.6390
81.9671 585.0975 -0.7478 121.8995 0.0235 0.7681 -0.0326 0.6391
82.0708 586.6119 -0.8972 121.6275 0.0243 0.7678 -0.0326 0.6395
82.1745 588.0528 -1.0524 121.3605 0.0245 0.7673 -0.0324 0.6400
82.2782 589.5562 -1.1995 121.1007 0.0254 0.7668 -0.0305 0.6407
82.3820 591.0446 -1.3401 120.8358 0.0251 0.7662 -0.0303 0.6414
82.4857 592.5263 -1.4879 120.5854 0.0242 0.7659 -0.0307 0.6418
82.5894 593.9874 -1.6262 120.3179 0.0253 0.7655 -0.0294 0.6422
82.6931 595.4686 -1.7756 120.0726 0.0247 0.7653 -0.0305 0.6424
82.7969 596.9434 -1.9168 119.8250 0.0254 0.7652 -0.0300 0.6426
82.9006 598.4314 -2.0605 119.5669 0.0255 0.7648 -0.0296 0.6431
83.0042 599.8885 -2.2055 119.3308 0.0245 0.7646 -0.0305 0.6433
83.1078 601.3868 -2.3434 119.0789 0.0238 0.7644 -0.0309 0.6435
83.2116 602.8917 -2.4971 118.8317 0.0236 0.7646 -0.0300 0.6434
83.3152 604.3636 -2.6308 118.5848 0.0234 0.7645 -0.0294 0.6435
83.4190 605.8273 -2.7684 118.3133 0.0263 0.7640 -0.0264 0.6441
83.5226 607.2957 -2.9039 118.0631 0.0275 0.7636 -0.0262 0.6445
83.6262 608.7709 -3.0500 117.8117 0.0282 0.7634 -0.0273 0.6447
83.7300 610.2478 -3.1936 117.5764 0.0273 0.7634 -0.0283 0.6448
83.8336 611.7217 -3.3310 117.3524 0.0261 0.7630 -0.0286 0.6452
83.9373 613.2049 -3.4715 117.0976 0.0254 0.7629 -0.0292 0.6453
84.0410 614.6806 -3.6071 116.8594 0.0252 0.7626 -0.0295 0.6457
84.1447 616.1399 -3.7478 116.6208 0.0244 0.7625 -0.0304 0.6459
84.2484 617.6347 -3.8927 116.4016 0.0238 0.7623 -0.0306 0.6461
84.3521 619.1037 -4.0282 116.1815 0.0233 0.7622 -0.0306 0.6462
84.4557 620.5882 -4.1823 115.9357 0.0237 0.7623 -0.0302 0.6461
84.5594 622.0637 -4.3122 115.6823 0.0242 0.7622 -0.0303 0.6462
84.6630 623.5275 -4.4615 115.4374 0.0244 0.7621 -0.0296 0.6463
84.7667 625.0022 -4.5937 115.2043 0.0251 0.7619 -0.0285 0.6466
84.8703 626.4663 -4.7320 114.9746 0.0257 0.7615 -0.0284 0.6471
84.9740 627.9032 -4.8844 114.7444 0.0257 0.7609 -0.0309 0.6476
85.0777 629.3536 -5.0269 114.5323 0.0243 0.7607 -0.0314 0.6479
85.1813 630.8192 -5.1814 114.3035 0.0227 0.7604 -0.0321 0.6483
85.2851 632.2667 -5.3262 114.0735 0.0218 0.7601 -0.0316 0.6486
85.3887 633.7091 -5.4661 113.8586 0.0219 0.7601 -0.0303 0.6488
85.4925 635.1250 -5.6019 113.6305 0.0221 0.7600 -0.0293 0.6489
85.5961 636.5330 -5.7289 113.4311 0.0222 0.7601 -0.0294 0.6487
85.6997 637.8873 -5.8635 113.2230 0.0220 0.7603 -0.0296 0.6485
85.8034 639.2661 -5.9934 113.0072 0.0219 0.7607 -0.0294 0.6481
85.9071 640.6591 -6.1286 112.7874 0.0214 0.7608 -0.0297 0.6479
86.0108 642.0325 -6.2636 112.5793 0.0209 0.7610 -0.0299 0.6477
86.1145 643.3658 -6.3932 112.3748 0.0205 0.7612 -0.0297 0.6475
86.2182 644.6678 -6.5118 112.1647 0.0195 0.7615 -0.0288 0.6472
86.3218 645.9783 -6.6367 111.9538 0.0183 0.7619 -0.0279 0.6469
86.4256 647.2259 -6.7476 111.7819 0.0187 0.7622 -0.0279 0.6464
86.5292 648.4723 -6.8844 111.5739 0.0205 0.7622 -0.0293 0.6464
86.6330 649.6726 -6.9938 111.3867 0.0206 0.7624 -0.0297 0.6462
86.7367 650.8762 -7.1195 111.1800 0.0203 0.7620 -0.0288 0.6466
86.8403 652.0067 -7.2277 111.0064 0.0200 0.7618 -0.0278 0.6469
86.9441 653.1063 -7.3388 110.8273 0.0195 0.7613 -0.0277 0.6475
87.0477 654.2129 -7.4448 110.6566 0.0186 0.7607 -0.0278 0.6482
87.1514 655.2338 -7.5464 110.5041 0.0181 0.7601 -0.0267 0.6490
87.2550 656.2569 -7.6471 110.3540 0.0174 0.7595 -0.0248 0.6498
87.3587 657.2309 -7.7173 110.2202 0.0162 0.7592 -0.0248 0.6501
87.4625 658.1623 -7.8190 110.0814 0.0165 0.7590 -0.0245 0.6505
87.5662 659.0521 -7.8975 109.9520 0.0172 0.7588 -0.0254 0.6506
87.6699 659.8891 -7.9778 109.8306 0.0175 0.7588 -0.0252 0.6506
87.7736 660.6861 -8.0551 109.7137 0.0169 0.7587 -0.0261 0.6507
87.8773 661.4661 -8.1146 109.5923 0.0158 0.7597 -0.0273 0.6495
87.9812 662.1885 -8.1847 109.5015 0.0145 0.7624 -0.0287 0.6463
88.0852 662.8588 -8.2499 109.3780 0.0132 0.7679 -0.0302 0.6397
88.1892 663.5011 -8.3058 109.2570 0.0119 0.7752 -0.0319 0.6308
88.2933 664.1120 -8.3670 109.1015 0.0118 0.7842 -0.0329 0.6196
88.3975 664.7212 -8.4214 108.9293 0.0134 0.7945 -0.0338 0.6062
88.5016 665.2712 -8.4993 108.7302 0.0150 0.8059 -0.0338 0.5908
88.6058 665.8560 -8.5408 108.5139 0.0159 0.8190 -0.0338 0.5726
88.7101 666.3640 -8.6058 108.2739 0.0159 0.8331 -0.0333 0.5518
88.8143 666.8747 -8.6603 107.9792 0.0153 0.8474 -0.0328 0.5298
88.9186 667.3849 -8.7016 107.6699 0.0153 0.8618 -0.0323 0.5060
89.0228 667.8289 -8.7560 107.3624 0.0157 0.8765 -0.0323 0.4800
89.1271 668.2637 -8.8313 107.0004 0.0168 0.8911 -0.0326 0.4523
89.2313 668.6505 -8.8697 106.6493 0.0174 0.9055 -0.0344 0.4227
89.3356 669.0136 -8.9216 106.2334 0.0183 0.9186 -0.0362 0.3930
89.4396 669.3190 -8.9630 105.8386 0.0221 0.9308 -0.0367 0.3630
89.5437 669.5729 -9.0420 105.4217 0.0260 0.9420 -0.0360 0.3325
89.6478 669.8902 -9.0912 104.9424 0.0269 0.9523 -0.0355 0.3020
89.7518 670.0961 -9.1230 104.5266 0.0263 0.9617 -0.0354 0.2706
89.8558 670.2744 -9.1602 104.0384 0.0271 0.9699 -0.0348 0.2397
89.9597 670.4650 -9.2256 103.5694 0.0300 0.9771 -0.0342 0.2080
90.0637 670.6075 -9.2726 103.0740 0.0332 0.9831 -0.0350 0.1765
90.1676 670.7189 -9.3252 102.5215 0.0344 0.9883 -0.0379 0.1438
90.2715 670.8145 -9.3718 102.0261 0.0344 0.9923 -0.0414 0.1114
90.3755 670.8427 -9.4056 101.4977 0.0349 0.9954 -0.0430 0.0784
90.4793 670.8477 -9.4548 100.9606 0.0349 0.9974 -0.0424 0.0457
90.5831 670.8256 -9.5037 100.4149 0.0356 0.9984 -0.0418 0.0127
90.6870 670.7831 -9.5556 99.8251 0.0360 0.9982 -0.0425 -0.0211
90.7908 670.6682 -9.6003 99.2853 0.0362 0.9968 -0.0448 -0.0546
90.8946 670.5481 -9.6574 98.6982 0.0363 0.9943 -0.0470 -0.0882
90.9985 670.3761 -9.7052 98.1431 0.0361 0.9907 -0.0493 -0.1219
91.1021 670.1777 -9.7522 97.5845 0.0362 0.9861 -0.0506 -0.1543
91.2058 669.8916 -9.8132 97.0147 0.0377 0.9807 -0.0508 -0.1848
91.3095 669.5979 -9.8682 96.4677 0.0382 0.9747 -0.0514 -0.2140
91.4130 669.2822 -9.9244 95.9011 0.0391 0.9684 -0.0521 -0.2406
91.5166 668.9019 -9.9734 95.3483 0.0398 0.9622 -0.0531 -0.2641
91.6202 668.5470 -10.0341 94.8022 0.0404 0.9560 -0.0549 -0.2854
91.7237 668.1159 -10.0860 94.2312 0.0408 0.9503 -0.0558 -0.3034
91.8272 667.6634 -10.1546 93.7038 0.0417 0.9456 -0.0551 -0.3179
91.9306 667.2290 -10.2082 93.1243 0.0417 0.9414 -0.0525 -0.3307
92.0341 666.7565 -10.2771 92.5573 0.0403 0.9377 -0.0499 -0.3415
92.1377 666.2629 -10.3377 92.0074 0.0392 0.9344 -0.0481 -0.3508
92.2412 665.7473 -10.3931 91.4356 0.0375 0.9309 -0.0458 -0.3605
92.3449 665.2034 -10.4467 90.8744 0.0360 0.9275 -0.0429 -0.3696
92.4486 664.6794 -10.4959 90.3129 0.0325 0.9237 -0.0398 -0.3796
92.5522 664.0982 -10.5438 89.7552 0.0295 0.9198 -0.0362 -0.3896
92.6560 663.5229 -10.5928 89.2211 0.0280 0.9155 -0.0326 -0.3999
92.7597 662.9202 -10.6219 88.6555 0.0257 0.9109 -0.0274 -0.4110
92.8635 662.3201 -10.6670 88.1463 0.0228 0.9059 -0.0227 -0.4222
92.9672 661.6897 -10.6859 87.6374 0.0202 0.9005 -0.0199 -0.4339
93.0710 661.0233 -10.7266 87.1358 0.0186 0.8945 -0.0180 -0.4463
93.1747 660.3543 -10.7544 86.6718 0.0196 0.8885 -0.0168 -0.4581
93.2785 659.6669 -10.7571 86.2070 0.0207 0.8822 -0.0139 -0.4702
93.3821 658.9367 -10.7655 85.7691 0.0227 0.8762 -0.0124 -0.4813
93.4858 658.2189 -10.7896 85.3329 0.0249 0.8710 -0.0109 -0.4905
93.5895 657.4896 -10.8027 84.9116 0.0263 0.8665 -0.0094 -0.4984
93.6931 656.7777 -10.8129 84.4821 0.0269 0.8634 -0.0075 -0.5038
93.7967 656.0058 -10.8048 84.0709 0.0273 0.8617 -0.0048 -0.5067
93.9004 655.2504 -10.8077 83.6272 0.0268 0.8607 -0.0016 -0.5084
94.0040 654.4774 -10.7783 83.1889 0.0252 0.8605 0.0015 -0.5088
94.1076 653.6894 -10.7721 82.7592 0.0227 0.8608 0.0023 -0.5085
94.2113 652.9300 -10.7789 82.2914 0.0194 0.8613 0.0011 -0.5077
94.3150 652.1279 -10.7975 81.8277 0.0159 0.8624 -0.0011 -0.5059
94.4186 651.3626 -10.7872 81.3828 0.0144 0.8640 -0.0037 -0.5032
94.5222 650.5182 -10.7923 80.8962 0.0148 0.8654 -0.0049 -0.5009
94.6260 649.7350 -10.7712 80.3990 0.0164 0.8667 -0.0052 -0.4985
94.7297 648.9022 -10.7907 79.8910 0.0152 0.8678 -0.0050 -0.4967
94.8335 648.1140 -10.8084 79.4268 0.0114 0.8684 -0.0054 -0.4957
94.9372 647.2851 -10.8419 78.9345 0.0074 0.8684 -0.0063 -0.4957
95.0410 646.4391 -10.8483 78.4142 0.0066 0.8686 -0.0060 -0.4954
95.1447 645.5768 -10.8578 77.8948 0.0079 0.8689 -0.0068 -0.4949
95.2484 644.7055 -10.8736 77.3740 0.0087 0.8694 -0.0065 -0.4939
95.3521 643.8531 -10.8938 76.8636 0.0108 0.8695 -0.0056 -0.4938
95.4559 642.9747 -10.8948 76.3249 0.0132 0.8703 -0.0047 -0.4922
95.5595 642.1223 -10.9202 75.7838 0.0130 0.8710 -0.0041 -0.4910
95.6631 641.2744 -10.9328 75.2969 0.0140 0.8722 -0.0048 -0.4888
95.7669 640.3691 -10.9398 74.6746 0.0148 0.8730 -0.0047 -0.4875
95.8705 639.5272 -10.9635 74.1837 0.0156 0.8741 -0.0046 -0.4855
95.9742 638.6899 -10.9752 73.6597 0.0159 0.8752 -0.0051 -0.4834
96.0779 637.8366 -10.9848 73.0987 0.0157 0.8763 -0.0059 -0.4814
96.1816 637.0113 -11.0086 72.5657 0.0137 0.8771 -0.0059 -0.4800
96.2853 636.1548 -11.0099 72.0098 0.0158 0.8776 -0.0057 -0.4790
96.3891 635.3198 -11.0280 71.4589 0.0157 0.8779 -0.0045 -0.4786
96.4929 634.4971 -11.0534 70.9027 0.0148 0.8784 -0.0051 -0.4777
96.5966 633.6796 -11.0932 70.3751 0.0136 0.8787 -0.0058 -0.4772
96.7004 632.8802 -11.0802 69.8358 0.0143 0.8787 -0.0056 -0.4772
96.8040 632.0539 -11.0896 69.2986 0.0151 0.8784 -0.0039 -0.4776
96.9077 631.2476 -11.1242 68.7758 0.0142 0.8787 -0.0031 -0.4771
97.0115 630.4613 -11.1284 68.2631 0.0134 0.8787 -0.0036 -0.4771
97.1151 629.6635 -11.1546 67.7496 0.0140 0.8788 -0.0045 -0.4769
97.2189 628.9105 -11.1684 67.2484 0.0134 0.8792 -0.0038 -0.4762
97.3225 628.1206 -11.1785 66.7129 0.0144 0.8795 -0.0047 -0.4756
97.4262 627.3584 -11.2192 66.2001 0.0131 0.8803 -0.0048 -0.4742
97.5300 626.6212 -11.2149 65.6992 0.0129 0.8810 -0.0039 -0.4730
97.6337 625.9131 -11.2364 65.1971 0.0141 0.8816 -0.0033 -0.4717
97.7375 625.2011 -11.2620 64.7102 0.0146 0.8825 -0.0029 -0.4701
97.8412 624.5173 -11.2660 64.2262 0.0131 0.8830 -0.0037 -0.4691
97.9451 623.8166 -11.2817 63.7362 0.0129 0.8835 -0.0042 -0.4682
98.0487 623.1205 -11.2896 63.2561 0.0117 0.8840 -0.0040 -0.4673
98.1525 622.4829 -11.3156 62.8249 0.0127 0.8843 -0.0038 -0.4667
98.2562 621.8440 -11.3229 62.3983 0.0107 0.8844 -0.0030 -0.4666
98.3600 621.2139 -11.3309 61.9241 0.0107 0.8846 -0.0034 -0.4663
98.4637 620.6199 -11.3549 61.5150 0.0113 0.8850 -0.0026 -0.4654
98.5675 620.0234 -11.3698 61.1101 0.0125 0.8854 -0.0014 -0.4647
98.6712 619.4673 -11.3799 60.7218 0.0132 0.8860 -0.0003 -0.4635
98.7749 618.9375 -11.3954 60.3475 0.0134 0.8864 0.0007 -0.4628
98.8786 618.4425 -11.4050 59.9796 0.0132 0.8868 0.0010 -0.4619
98.9823 617.9767 -11.4065 59.6442 0.0134 0.8875 0.0008 -0.4606
99.0861 617.5167 -11.4262 59.3199 0.0129 0.8878 0.0001 -0.4601
99.1897 617.0750 -11.4423 58.9998 0.0129 0.8880 -0.0004 -0.4596
99.2935 616.6802 -11.4418 58.7160 0.0133 0.8883 -0.0010 -0.4591
99.3972 616.3043 -11.4536 58.4388 0.0135 0.8885 -0.0015 -0.4586
99.5008 615.9651 -11.4495 58.1788 0.0125 0.8885 -0.0018 -0.4587
99.6046 615.6403 -11.4651 57.9253 0.0119 0.8884 -0.0013 -0.4588
99.7083 615.3499 -11.4705 57.7171 0.0130 0.8889 -0.0014 -0.4579
99.8120 615.0672 -11.4766 57.5297 0.0148 0.8891 -0.0025 -0.4575
99.9157 614.7850 -11.4817 57.3486 0.0144 0.8890 -0.0024 -0.4578
100.0193 614.5567 -11.4912 57.1579 0.0141 0.8893 -0.0029 -0.4572
100.1231 614.3409 -11.4947 56.9943 0.0141 0.8896 -0.0028 -0.4564
100.2267 614.1420 -11.5062 56.8422 0.0145 0.8896 -0.0027 -0.4566
100.3305 613.9427 -11.5052 56.7084 0.0149 0.8894 -0.0029 -0.4568
100.4341 613.7890 -11.5234 56.5835 0.0149 0.8897 -0.0045 -0.4564
100.5379 613.5953 -11.5210 56.4676 0.0137 0.8895 -0.0054 -0.4567
100.6415 613.4649 -11.5235 56.3501 0.0143 0.8898 -0.0064 -0.4561
100.7452 613.2752 -11.5389 56.2130 0.0148 0.8897 -0.0069 -0.4562
100.8489 613.1022 -11.5383 56.0903 0.0150 0.8897 -0.0067 -0.4563
100.9526 612.9533 -11.5358 55.9834 0.0149 0.8898 -0.0062 -0.4562
101.0562 612.7889 -11.5446 55.8663 0.0147 0.8897 -0.0063 -0.4563
101.1600 612.6264 -11.5376 55.7453 0.0133 0.8897 -0.0064 -0.4562
101.2636 612.4531 -11.5401 55.6141 0.0130 0.8898 -0.0063 -0.4562
101.3674 612.2793 -11.5429 55.5053 0.0135 0.8897 -0.0064 -0.4563
101.4710 612.1204 -11.5556 55.3707 0.0142 0.8898 -0.0063 -0.4562
101.5747 611.9458 -11.5587 55.2633 0.0145 0.8898 -0.0065 -0.4561
101.6784 611.7900 -11.5637 55.1436 0.0148 0.8898 -0.0064 -0.4561
101.7821 611.6292 -11.5686 55.0180 0.0145 0.8898 -0.0064 -0.4561
101.8859 611.4857 -11.5727 54.9050 0.0142 0.8897 -0.0066 -0.4562
101.9896 611.3593 -11.5710 54.8282 0.0146 0.8899 -0.0068 -0.4559
102.0932 611.2177 -11.5881 54.7137 0.0149 0.8898 -0.0062 -0.4560
102.1970 611.0592 -11.5902 54.6160 0.0158 0.8897 -0.0064 -0.4562
102.3007 610.9260 -11.5858 54.5258 0.0152 0.8898 -0.0062 -0.4561
102.4045 610.8215 -11.5872 54.4325 0.0149 0.8897 -0.0065 -0.4562
102.5083 610.6920 -11.5876 54.3383 0.0139 0.8897 -0.0063 -0.4562
102.6119 610.5696 -11.5899 54.2455 0.0146 0.8898 -0.0069 -0.4561
102.7156 610.4603 -11.5993 54.1766 0.0153 0.8896 -0.0072 -0.4563
102.8194 610.3452 -11.5949 54.0885 0.0157 0.8897 -0.0074 -0.4563
102.9230 610.2152 -11.5945 54.0103 0.0153 0.8896 -0.0064 -0.4564
103.0267 610.1090 -11.6025 53.9091 0.0144 0.8898 -0.0053 -0.4561
103.1305 610.0314 -11.6244 53.8480 0.0134 0.8897 -0.0048 -0.4563
103.2341 609.9180 -11.6193 53.7584 0.0130 0.8897 -0.0051 -0.4564
103.3379 609.8001 -11.6211 53.6805 0.0131 0.8897 -0.0059 -0.4563
103.4415 609.7299 -11.6206 53.6128 0.0133 0.8897 -0.0060 -0.4563
103.5452 609.6396 -11.6262 53.5438 0.0134 0.8898 -0.0061 -0.4561
103.6490 609.4919 -11.6198 53.4453 0.0126 0.8899 -0.0062 -0.4560
103.7526 609.3778 -11.6248 53.3628 0.0122 0.8899 -0.0069 -0.4559
103.8564 609.2719 -11.6323 53.2943 0.0122 0.8902 -0.0083 -0.4553
103.9601 609.0945 -11.6363 53.1645 0.0116 0.8904 -0.0101 -0.4550
104.0637 608.9182 -11.6342 53.0463 0.0114 0.8907 -0.0112 -0.4543
104.1674 608.7629 -11.6427 52.9077 0.0107 0.8913 -0.0123 -0.4531
104.2710 608.5597 -11.6543 52.7517 0.0102 0.8925 -0.0131 -0.4508
104.3746 608.3372 -11.6488 52.5807 0.0103 0.8936 -0.0137 -0.4485
104.4782 608.0968 -11.6622 52.3957 0.0109 0.8950 -0.0149 -0.4458
104.5820 607.8128 -11.6638 52.1714 0.0106 0.8964 -0.0165 -0.4429
104.6857 607.5216 -11.6732 51.9179 0.0102 0.8983 -0.0167 -0.4389
104.7894 607.2298 -11.6850 51.6785 0.0109 0.9004 -0.0174 -0.4346
104.8930 606.9021 -11.7001 51.4272 0.0123 0.9025 -0.0178 -0.4302
104.9967 606.5788 -11.7273 51.1431 0.0132 0.9047 -0.0175 -0.4255
105.1005 606.2417 -11.7275 50.8211 0.0148 0.9069 -0.0165 -0.4209
105.2041 605.8886 -11.7431 50.5007 0.0136 0.9093 -0.0175 -0.4155
105.3077 605.5180 -11.7699 50.1819 0.0124 0.9113 -0.0171 -0.4112
105.4115 605.1177 -11.7670 49.8103 0.0157 0.9133 -0.0163 -0.4067
105.5153 604.7098 -11.8014 49.4413 0.0168 0.9151 -0.0150 -0.4026
105.6189 604.3191 -11.7964 49.0671 0.0172 0.9170 -0.0133 -0.3983
105.7226 603.8915 -11.8062 48.6304 0.0157 0.9185 -0.0112 -0.3950
105.8265 603.4747 -11.8175 48.2055 0.0169 0.9196 -0.0099 -0.3925
105.9302 603.0355 -11.8458 47.7628 0.0143 0.9206 -0.0083 -0.3901
106.0341 602.5918 -11.8509 47.3127 0.0130 0.9210 -0.0071 -0.3893
106.1379 602.1053 -11.8542 46.8255 0.0109 0.9214 -0.0057 -0.3885
106.2417 601.6168 -11.8636 46.3321 0.0116 0.9220 -0.0056 -0.3870
106.3455 601.1121 -11.8538 45.8483 0.0113 0.9222 -0.0054 -0.3865
106.4492 600.5845 -11.8873 45.3201 0.0120 0.9224 -0.0061 -0.3861
106.5530 600.0880 -11.9072 44.7956 0.0079 0.9229 -0.0076 -0.3850
106.6568 599.5686 -11.8997 44.2554 0.0045 0.9234 -0.0094 -0.3838
106.7605 599.0443 -11.9309 43.7197 0.0022 0.9236 -0.0110 -0.3832
106.8642 598.4773 -11.9487 43.1614 0.0053 0.9238 -0.0123 -0.3825
106.9680 597.8939 -11.9721 42.5706 0.0061 0.9240 -0.0109 -0.3821
107.0718 597.3284 -11.9970 41.9664 0.0050 0.9242 -0.0095 -0.3818
107.1755 596.7397 -12.0149 41.3546 0.0052 0.9247 -0.0089 -0.3805
107.2791 596.1236 -12.0368 40.7337 0.0047 0.9251 -0.0086 -0.3795
107.3829 595.5307 -12.0558 40.1272 0.0061 0.9257 -0.0084 -0.3781
107.4865 594.9251 -12.0647 39.4928 0.0078 0.9264 -0.0083 -0.3764
107.5902 594.2738 -12.0898 38.8359 0.0076 0.9275 -0.0081 -0.3737
107.6939 593.6632 -12.1145 38.1559 0.0091 0.9284 -0.0078 -0.3713
107.7976 593.0456 -12.1332 37.5046 0.0105 0.9294 -0.0072 -0.3689
107.9012 592.4162 -12.1487 36.8132 0.0108 0.9304 -0.0075 -0.3664
108.0050 591.8043 -12.1697 36.1292 0.0107 0.9311 -0.0083 -0.3645
108.1087 591.1784 -12.2051 35.4469 0.0103 0.9316 -0.0096 -0.3633
108.2125 590.5430 -12.2388 34.7649 0.0085 0.9319 -0.0102 -0.3626
108.3162 589.9701 -12.2625 34.0799 0.0072 0.9316 -0.0106 -0.3633
108.4200 589.3251 -12.2989 33.3865 0.0069 0.9315 -0.0110 -0.3635
108.5237 588.7181 -12.3157 32.7068 0.0060 0.9312 -0.0108 -0.3642
108.6275 588.0954 -12.3543 32.0292 0.0061 0.9311 -0.0105 -0.3647
108.7312 587.4624 -12.3767 31.3570 0.0063 0.9306 -0.0106 -0.3658
108.8351 586.8645 -12.4134 30.6899 0.0070 0.9300 -0.0106 -0.3673
108.9389 586.2269 -12.4423 30.0015 0.0068 0.9297 -0.0112 -0.3681
109.0426 585.5866 -12.4771 29.3139 0.0069 0.9292 -0.0120 -0.3694
109.1464 584.9542 -12.5148 28.6537 0.0072 0.9286 -0.0121 -0.3708
109.2501 584.3140 -12.5378 27.9820 0.0073 0.9281 -0.0121 -0.3720
109.3539 583.6485 -12.5752 27.2957 0.0069 0.9276 -0.0118 -0.3732
109.4576 583.0193 -12.6133 26.6096 0.0068 0.9271 -0.0122 -0.3745
109.5612 582.3736 -12.6383 25.9311 0.0071 0.9267 -0.0130 -0.3756
109.6650 581.7216 -12.6829 25.2565 0.0064 0.9262 -0.0138 -0.3767
109.7687 581.0430 -12.7066 24.5578 0.0064 0.9259 -0.0138 -0.3775
109.8724 580.3700 -12.7568 23.8801 0.0065 0.9259 -0.0136 -0.3775
109.9761 579.7081 -12.7800 23.1799 0.0067 0.9257 -0.0137 -0.3779
110.0797 579.0203 -12.8201 22.4950 0.0064 0.9258 -0.0134 -0.3777
110.1835 578.3683 -12.8623 21.8027 0.0061 0.9260 -0.0137 -0.3772
110.2872 577.7156 -12.8922 21.1094 0.0052 0.9261 -0.0139 -0.3770
110.3909 577.0223 -12.9314 20.3989 0.0057 0.9263 -0.0139 -0.3765
110.4946 576.3582 -12.9823 19.6881 0.0061 0.9265 -0.0140 -0.3760
110.5982 575.6899 -13.0091 18.9873 0.0052 0.9268 -0.0148 -0.3753
110.7020 575.0061 -13.0518 18.2741 0.0037 0.9270 -0.0160 -0.3746
110.8056 574.3334 -13.0939 17.5914 0.0035 0.9274 -0.0164 -0.3736
110.9092 573.6627 -13.1470 16.8628 0.0043 0.9279 -0.0159 -0.3725
111.0129 573.0066 -13.1805 16.1413 0.0051 0.9286 -0.0144 -0.3709
111.1166 572.3480 -13.2208 15.4393 0.0053 0.9288 -0.0139 -0.3702
111.2202 571.6900 -13.2664 14.7335 0.0055 0.9293 -0.0138 -0.3691
111.3240 571.0325 -13.3034 14.0245 0.0054 0.9296 -0.0142 -0.3683
111.4276 570.3938 -13.3396 13.3492 0.0054 0.9301 -0.0149 -0.3669
111.5314 569.7610 -13.3930 12.6538 0.0065 0.9305 -0.0156 -0.3659
111.6350 569.1066 -13.4342 11.9559 0.0047 0.9308 -0.0159 -0.3651
111.7387 568.4675 -13.4778 11.2508 0.0043 0.9312 -0.0170 -0.3642
111.8424 567.8421 -13.5317 10.5471 0.0042 0.9316 -0.0164 -0.3632
111.9461 567.2185 -13.5525 9.8631 0.0044 0.9318 -0.0150 -0.3627
112.0497 566.5838 -13.5987 9.1581 0.0040 0.9320 -0.0126 -0.3622
112.1535 565.9788 -13.6439 8.4670 0.0033 0.9321 -0.0121 -0.3621
112.2571 565.3737 -13.7030 7.7930 0.0017 0.9318 -0.0131 -0.3627
112.3609 564.7501 -13.7289 7.1064 0.0007 0.9315 -0.0142 -0.3635
112.4646 564.1535 -13.7740 6.4396 0.0025 0.9311 -0.0153 -0.3645
112.5682 563.5224 -13.8104 5.7662 0.0041 0.9308 -0.0159 -0.3653
112.6720 562.9213 -13.8615 5.1190 0.0057 0.9303 -0.0166 -0.3663
112.7756 562.3278 -13.8921 4.4739 0.0063 0.9300 -0.0173 -0.3672
112.8794 561.7127 -13.9359 3.8206 0.0069 0.9296 -0.0177 -0.3680
112.9830 561.1233 -13.9728 3.1705 0.0063 0.9291 -0.0184 -0.3693
113.0867 560.5599 -14.0141 2.5788 0.0053 0.9285 -0.0197 -0.3707
113.1905 559.9749 -14.0872 1.9523 0.0020 0.9281 -0.0230 -0.3716
113.2941 559.4451 -14.1476 1.3840 -0.0006 0.9277 -0.0255 -0.3725
113.3978 558.8916 -14.1970 0.7871 -0.0010 0.9274 -0.0258 -0.3732
113.5015 558.3385 -14.2616 0.2158 -0.0011 0.9270 -0.0250 -0.3742
113.6052 557.8434 -14.2985 -0.3012 0.0030 0.9269 -0.0242 -0.3744
113.7090 557.3408 -14.3566 -0.8060 0.0020 0.9267 -0.0241 -0.3750
113.8126 556.8740 -14.3767 -1.3036 0.0038 0.9267 -0.0260 -0.3750
113.9164 556.4118 -14.4635 -1.7937 0.0042 0.9265 -0.0288 -0.3753
114.0201 555.9758 -14.5135 -2.2481 0.0038 0.9266 -0.0300 -0.3749
114.1239 555.5293 -14.5545 -2.7067 0.0038 0.9266 -0.0300 -0.3749
114.2276 555.1560 -14.5952 -3.1097 0.0038 0.9267 -0.0294 -0.3746
114.3314 554.7514 -14.6501 -3.5062 0.0032 0.9269 -0.0286 -0.3742
114.4350 554.3930 -14.6862 -3.8969 0.0040 0.9268 -0.0299 -0.3743
114.5387 554.0274 -14.7298 -4.2761 -0.0004 0.9266 -0.0302 -0.3748
114.6425 553.7062 -14.7627 -4.6543 -0.0028 0.9266 -0.0308 -0.3747
114.7463 553.3452 -14.8122 -5.0324 -0.0028 0.9265 -0.0303 -0.3751
114.8500 553.0136 -14.8448 -5.3724 -0.0017 0.9266 -0.0298 -0.3750
114.9538 552.6706 -14.8753 -5.7038 -0.0014 0.9266 -0.0289 -0.3750
115.0574 552.3631 -14.9170 -6.0417 -0.0027 0.9265 -0.0280 -0.3753
115.1611 552.0534 -14.9455 -6.3739 -0.0039 0.9263 -0.0275 -0.3758
115.2649 551.7562 -14.9841 -6.7075 -0.0039 0.9262 -0.0277 -0.3759
115.3686 551.4450 -15.0200 -7.0042 -0.0023 0.9261 -0.0283 -0.3763
115.4724 551.1505 -15.0436 -7.2970 -0.0017 0.9260 -0.0286 -0.3764
115.5761 550.8455 -15.0809 -7.6136 -0.0010 0.9259 -0.0293 -0.3767
115.6797 550.5763 -15.1099 -7.8984 -0.0008 0.9259 -0.0293 -0.3766
115.7835 550.3121 -15.1397 -8.1508 -0.0007 0.9260 -0.0295 -0.3763
115.8871 550.0471 -15.1695 -8.4383 0.0007 0.9261 -0.0306 -0.3761
115.9909 549.7802 -15.1933 -8.6864 0.0006 0.9262 -0.0309 -0.3757
116.0946 549.5617 -15.2247 -8.9451 -0.0005 0.9262 -0.0314 -0.3757
116.1983 549.3140 -15.2669 -9.2085 -0.0006 0.9262 -0.0329 -0.3755
116.3020 549.0893 -15.2921 -9.4162 -0.0001 0.9265 -0.0347 -0.3747
116.4056 548.8643 -15.3197 -9.6425 0.0016 0.9267 -0.0367 -0.3739
116.5094 548.6289 -15.3453 -9.8863 0.0017 0.9271 -0.0371 -0.3729
116.6133 548.4288 -15.3643 -10.1075 0.0015 0.9278 -0.0375 -0.3712
116.7167 548.2519 -15.3898 -10.3097 0.0009 0.9283 -0.0377 -0.3699
116.8205 548.0824 -15.4117 -10.5041 -0.0009 0.9288 -0.0376 -0.3687
116.9242 547.9346 -15.4395 -10.6827 -0.0016 0.9293 -0.0373 -0.3673
117.0280 547.7573 -15.4545 -10.8687 -0.0017 0.9298 -0.0375 -0.3662
117.1316 547.6032 -15.4734 -11.0394 -0.0017 0.9302 -0.0377 -0.3652
117.2354 547.4758 -15.5013 -11.1651 -0.0010 0.9307 -0.0376 -0.3638
117.3391 547.3395 -15.5227 -11.3116 -0.0010 0.9309 -0.0382 -0.3632
117.4429 547.2229 -15.5452 -11.4515 -0.0013 0.9310 -0.0386 -0.3630
117.5467 547.1174 -15.5664 -11.5846 -0.0020 0.9309 -0.0395 -0.3632
117.6504 547.0105 -15.5760 -11.6939 -0.0028 0.9308 -0.0404 -0.3634
117.7540 546.8977 -15.5852 -11.8083 -0.0027 0.9307 -0.0410 -0.3635
117.8577 546.7893 -15.6018 -11.9245 -0.0025 0.9305 -0.0414 -0.3640
117.9615 546.7186 -15.6134 -12.0084 -0.0027 0.9306 -0.0419 -0.3635
118.0651 546.6403 -15.6162 -12.0863 -0.0030 0.9308 -0.0423 -0.3631
118.1689 546.5622 -15.6356 -12.1866 -0.0031 0.9308 -0.0425 -0.3630
118.2725 546.4832 -15.6489 -12.2637 -0.0029 0.9309 -0.0425 -0.3627
118.3763 546.4150 -15.6520 -12.3492 -0.0039 0.9310 -0.0427 -0.3626
118.4799 546.3465 -15.6692 -12.4277 -0.0045 0.9310 -0.0431 -0.3625
118.5836 546.2989 -15.6734 -12.4961 -0.0047 0.9311 -0.0430 -0.3623
118.6872 546.2301 -15.6882 -12.5671 -0.0044 0.9310 -0.0430 -0.3623
118.7910 546.1850 -15.6886 -12.6105 -0.0041 0.9312 -0.0431 -0.3619
118.8948 546.1402 -15.7036 -12.6670 -0.0043 0.9313 -0.0434 -0.3616
118.9985 546.0928 -15.7108 -12.7214 -0.0044 0.9314 -0.0433 -0.3614
119.1021 546.0448 -15.7185 -12.7664 -0.0045 0.9313 -0.0437 -0.3615
119.2059 546.0048 -15.7223 -12.8199 -0.0048 0.9314 -0.0440 -0.3614
119.3096 545.9607 -15.7224 -12.8569 -0.0047 0.9314 -0.0441 -0.3612
119.4132 545.9300 -15.7244 -12.8790 -0.0049 0.9316 -0.0442 -0.3608
119.5170 545.9146 -15.7326 -12.9220 -0.0050 0.9316 -0.0445 -0.3607
119.6207 545.8617 -15.7367 -12.9383 -0.0048 0.9316 -0.0445 -0.3607
119.7244 545.8370 -15.7398 -12.9710 -0.0050 0.9317 -0.0447 -0.3605
119.8281 545.8134 -15.7456 -13.0082 -0.0050 0.9317 -0.0450 -0.3604
119.9319 545.7971 -15.7484 -13.0308 -0.0049 0.9318 -0.0450 -0.3602
120.0355 545.7775 -15.7524 -13.0583 -0.0048 0.9318 -0.0450 -0.3602
120.1392 545.7683 -15.7535 -13.0748 -0.0053 0.9317 -0.0453 -0.3604
120.2429 545.7565 -15.7566 -13.0729 -0.0054 0.9318 -0.0454 -0.3600
120.3466 545.7457 -15.7574 -13.0793 -0.0053 0.9319 -0.0452 -0.3599
120.4502 545.7365 -15.7559 -13.0932 -0.0054 0.9318 -0.0452 -0.3601
120.5540 545.7216 -15.7617 -13.1324 -0.0057 0.9317 -0.0457 -0.3602
120.6576 545.7156 -15.7655 -13.1347 -0.0058 0.9317 -0.0460 -0.3602
120.7614 545.7012 -15.7618 -13.1253 -0.0059 0.9318 -0.0460 -0.3599
120.8650 545.6986 -15.7655 -13.1379 -0.0061 0.9318 -0.0464 -0.3599
120.9686 545.6866 -15.7698 -13.1469 -0.0060 0.9318 -0.0463 -0.3599
121.0724 545.6561 -15.7733 -13.1716 -0.0060 0.9319 -0.0462 -0.3598
121.1760 545.6403 -15.7737 -13.2325 -0.0061 0.9317 -0.0465 -0.3601
121.2797 545.6123 -15.7780 -13.2473 -0.0060 0.9318 -0.0463 -0.3600
121.3834 545.6035 -15.7808 -13.2624 -0.0061 0.9318 -0.0464 -0.3600
121.4871 545.5808 -15.7849 -13.2994 -0.0060 0.9317 -0.0463 -0.3601
121.5909 545.5456 -15.7973 -13.3357 -0.0058 0.9318 -0.0460 -0.3599
121.6945 545.5123 -15.7985 -13.3752 -0.0060 0.9317 -0.0462 -0.3603
121.7982 545.4741 -15.8052 -13.4006 -0.0058 0.9317 -0.0460 -0.3602
121.9020 545.4456 -15.8148 -13.4383 -0.0060 0.9318 -0.0460 -0.3600
122.0056 545.4091 -15.8233 -13.4783 -0.0061 0.9318 -0.0459 -0.3601
122.1094 545.3664 -15.8283 -13.5324 -0.0063 0.9318 -0.0461 -0.3599
122.2131 545.3172 -15.8444 -13.5821 -0.0062 0.9319 -0.0462 -0.3598
122.3168 545.2744 -15.8428 -13.6339 -0.0063 0.9319 -0.0464 -0.3598
122.4205 545.2064 -15.8473 -13.7114 -0.0063 0.9319 -0.0464 -0.3598
122.5243 545.1613 -15.8632 -13.7694 -0.0062 0.9318 -0.0466 -0.3600
122.6280 545.0853 -15.8681 -13.8499 -0.0065 0.9318 -0.0466 -0.3600
122.7316 545.0241 -15.8823 -13.9126 -0.0063 0.9318 -0.0465 -0.3598
122.8352 544.9573 -15.8927 -13.9904 -0.0062 0.9318 -0.0463 -0.3598
122.9390 544.8924 -15.9064 -14.0678 -0.0061 0.9319 -0.0460 -0.3598
123.0426 544.8197 -15.9119 -14.1412 -0.0062 0.9319 -0.0456 -0.3598
123.1462 544.7445 -15.9189 -14.2110 -0.0061 0.9320 -0.0455 -0.3595
123.2500 544.6748 -15.9276 -14.2663 -0.0061 0.9319 -0.0465 -0.3596
123.3536 544.5935 -15.9428 -14.3586 -0.0060 0.9319 -0.0466 -0.3596
123.4574 544.5182 -15.9521 -14.4352 -0.0055 0.9318 -0.0467 -0.3598
123.5610 544.4436 -15.9722 -14.5229 -0.0039 0.9319 -0.0468 -0.3595
123.6648 544.3701 -15.9910 -14.6019 -0.0027 0.9319 -0.0467 -0.3597
123.7685 544.2951 -15.9958 -14.6907 -0.0026 0.9319 -0.0467 -0.3596
123.8721 544.2263 -16.0156 -14.7916 -0.0025 0.9319 -0.0463 -0.3596
123.9759 544.1643 -16.0193 -14.8717 -0.0028 0.9319 -0.0463 -0.3598
124.0796 544.0878 -16.0272 -14.9356 -0.0031 0.9320 -0.0464 -0.3596
124.1832 544.0285 -16.0330 -14.9874 -0.0026 0.9322 -0.0458 -0.3591
124.2870 543.9736 -16.0457 -15.0585 -0.0027 0.9322 -0.0458 -0.3590
124.3906 543.9260 -16.0568 -15.1093 -0.0025 0.9323 -0.0453 -0.3589
124.4944 543.8743 -16.0573 -15.1792 -0.0029 0.9323 -0.0453 -0.3589
