1.000000000000000000e+00 -3.306050084167601550e-19 -2.270457535318767223e-19 -8.673617379884035472e-19 7.546676715296109287e-19 1.000000000000000000e+00 6.237773588823049983e-19 1.387778780781445676e-17 -3.447385680526250622e-20 4.770700176052009879e-20 1.000000000000000222e+00 5.551115123125782702e-17
9.995056844746791347e-01 -4.967754713455461166e-04 -3.142507513591526191e-02 3.938317552301257018e-02 4.916362592993500516e-04 9.999998373976001220e-01 -1.713510751144564095e-04 2.929656310212862269e-02 3.142515802771956440e-02 1.558150462917938690e-04 9.995057562801867856e-01 1.367573942121043107e-01
9.993280865238799437e-01 4.368120686905933685e-03 3.638779700385882249e-02 3.743033931503541439e-02 -4.332640799642972079e-03 9.999900853703926895e-01 -1.053843939003953423e-03 -1.045424671625942714e-02 -3.639204165704833238e-02 8.954543270832243922e-04 9.993370877149500009e-01 2.614980045634193728e-01
9.979669496615042323e-01 5.889859484482392465e-03 6.345633572712615356e-02 6.542203623762739284e-02 -5.923512329808817110e-03 9.999824179323897333e-01 3.419439384269705061e-04 -2.764605512557555267e-04 -6.345321032611395129e-02 -7.170955452922725491e-04 9.979842247255947818e-01 4.137318940199757322e-01
9.952676317636482972e-01 5.087486625499613481e-03 9.704237658873432482e-02 1.079297939532592732e-01 -5.429154864832823682e-03 9.999799281566605913e-01 3.256587165601766698e-03 -3.357116872072019031e-03 -9.702386743982517603e-02 -3.768050862138727381e-03 9.952753015604041131e-01 6.033969459152963566e-01
9.910310152745488432e-01 1.428948786493541064e-03 1.336374626049741943e-01 1.974131685782301859e-01 -2.268811213325961848e-03 9.999786247174907716e-01 6.133094959153520022e-03 -2.613144375647635798e-03 -1.336258373894014251e-01 -6.381386868066464373e-03 9.910130627018999272e-01 7.855911594982909474e-01
9.845406170051084205e-01 -1.159784739108501907e-03 1.751649519795585586e-01 2.560645101933848866e-01 7.335158234672135120e-05 9.999807102459559172e-01 6.208235577354220304e-03 -1.005464021449288536e-02 -1.751687837648407409e-01 -6.099401808101046971e-03 9.845217487872967022e-01 9.766439424314290463e-01
9.758997154242959882e-01 -1.744036018313904019e-03 2.181981520394927765e-01 3.529166923377197729e-01 1.912237135087896172e-04 9.999745086704783237e-01 7.136264855600631812e-03 -1.323588080481399865e-03 -2.182050678230829099e-01 -6.922501783921774891e-03 9.758751603084547810e-01 1.191109871833869072e+00
9.643058046573089737e-01 -1.720687571807683709e-03 2.647366465550821668e-01 4.462485998283384214e-01 -1.096744085780131019e-03 9.999443759541916110e-01 1.049494276907993184e-02 -1.769772963651189412e-03 -2.647399668913746340e-01 -1.041089438462796182e-02 9.642502928877978441e-01 1.405638106376378094e+00
9.500133522203153547e-01 -5.559097318560567505e-03 3.122677822208390075e-01 5.831773518699489012e-01 1.749193842493510572e-04 9.998507906680342838e-01 1.727424423176604495e-02 1.686866996959014015e-02 -3.123172656386926094e-01 -1.635649505832513506e-02 9.498726191584646594e-01 1.641964397512636342e+00
9.329626431798789810e-01 -1.584004564054115535e-02 3.595731295402579963e-01 7.188942227761490056e-01 6.917455200246874943e-03 9.996358031392273968e-01 2.608649793741159295e-02 -2.394535888073326402e-03 -3.598553315489155247e-01 -2.185075484341492472e-02 9.327324286007855347e-01 1.862745311147675498e+00
9.112487256620704912e-01 -2.082253450769084788e-02 4.112972973978904490e-01 8.719828642434835908e-01 9.350785818468732372e-03 9.995096844110045176e-01 2.988155699061803214e-02 -4.680704275725131036e-03 -4.117178804045509843e-01 -2.338317595473450930e-02 9.109966415397792172e-01 2.083509818369960076e+00
8.873516214235326327e-01 -2.260359438685640224e-02 4.604821677107748812e-01 1.062321318626551436e+00 7.746318657929563561e-03 9.993876162872908919e-01 3.412600106645340831e-02 -3.816694471219239659e-04 -4.609713950568877783e-01 -2.671585179002622379e-02 8.869831724912030646e-01 2.315347260090228954e+00
8.584026394318395869e-01 -2.523402910582685579e-02 5.123060632971487838e-01 1.242467550539469112e+00 6.200207726674423873e-03 9.992268348129285105e-01 3.881264119565009524e-02 1.975949000202439909e-02 -5.128895242208276750e-01 -3.014002229362208046e-02 8.578953184264357379e-01 2.548115277514194865e+00
8.263317219070045461e-01 -3.047699356496027037e-02 5.624250189778090547e-01 1.474941989242570362e+00 7.196117393458360649e-03 9.990245098018026848e-01 4.356432418924769540e-02 2.497814464593021977e-02 -5.632044590459389655e-01 -3.194947869723869377e-02 8.257449998662050872e-01 2.779866251063299654e+00
7.905156110706204053e-01 -3.619112967398653569e-02 6.113206937795717666e-01 1.689910166338777442e+00 9.531698171064572137e-03 9.988587056970116285e-01 4.680966196336526497e-02 3.082458102346807838e-02 -6.123166139526813323e-01 -3.118033939647997174e-02 7.899581541262281625e-01 2.990553210673355888e+00
7.522456632289783451e-01 -4.032660789764576370e-02 6.577427199575006656e-01 1.963761631755390313e+00 9.872970355353671845e-03 9.987029549257926409e-01 4.995073605064767608e-02 4.481923510298926883e-02 -6.589042708569563533e-01 -3.107950802189242759e-02 7.516683237740927614e-01 3.218597869830879254e+00
7.126423086097860571e-01 -4.379162911862176377e-02 7.000995918265617846e-01 2.255593624429887534e+00 1.133619785373506973e-02 9.986383365517523814e-01 5.092656105846081471e-02 5.679249123932926524e-02 -7.013761536934037810e-01 -2.835728672442630258e-02 7.121682750884005264e-01 3.436345639999854207e+00
6.705547692110119806e-01 -4.603643307091899450e-02 7.404376253981586053e-01 2.553808814638952374e+00 1.085732597806053461e-02 9.985747373996446408e-01 5.225042163982784871e-02 6.972420556346217713e-02 -7.417880903426343764e-01 -2.699475448718348380e-02 6.700989446413272432e-01 3.644984955360131451e+00
6.284483411467227665e-01 -4.544068305958372245e-02 7.766245923447833155e-01 2.898782087215510561e+00 5.831913943394245736e-03 9.985393821725435659e-01 5.371183711138701605e-02 9.612275792542776531e-02 -7.779312108669353965e-01 -2.922552172775655724e-02 6.277954898193143229e-01 3.867273271217031461e+00
5.871005735413282745e-01 -4.671879838642484239e-02 8.081719406699959807e-01 3.245958534038343224e+00 3.676096304302330954e-03 9.984767770445975854e-01 5.505121322266025990e-02 1.112408024635130055e-01 -8.095130168504588442e-01 -2.934822262016336183e-02 5.863781752891659149e-01 4.050782884687657237e+00
5.456704932413311004e-01 -4.892622564184032768e-02 8.365776129733548672e-01 3.624835007391936870e+00 1.741371793771548946e-03 9.983581836341386406e-01 5.726311978468007907e-02 1.299982739634320261e-01 -8.380054418811254680e-01 -2.979328111683265945e-02 5.448598490873600708e-01 4.260334144896860131e+00
5.073864915076423676e-01 -5.015547043052228510e-02 8.600896850643723335e-01 4.049706014128600096e+00 2.706946047717706744e-04 9.983138097934362021e-01 5.805357796656453184e-02 1.402089751276311969e-01 -8.615507758781706382e-01 -2.922357207213231722e-02 5.065446981076433541e-01 4.472065918592209144e+00
4.708700152451052445e-01 -5.079966299041959593e-02 8.808240506184837892e-01 4.473378957617344831e+00 -2.565575407371090480e-03 9.982577129864929066e-01 5.893059281111170944e-02 1.692967499632945794e-01 -8.822841380306974957e-01 -2.999938705847904688e-02 4.699192507189025592e-01 4.676097420075181255e+00
4.338699524244402084e-01 -4.908317197980156116e-02 8.996046632411428545e-01 4.939407117726192453e+00 -4.359310591662123729e-03 9.983889613364628213e-01 5.656780653863943686e-02 1.937437530371955985e-01 -9.009320398557392195e-01 -2.846377962495502331e-02 4.329569241945719904e-01 4.870486527560053958e+00
4.004650573154171500e-01 -4.771994314148960553e-02 9.151474684880529509e-01 5.444984425889136226e+00 -2.722510968700838762e-03 9.985767784862618068e-01 5.326769935468806533e-02 2.151676544391454837e-01 -9.163867401647363131e-01 -2.383051203161222140e-02 3.997649507354916754e-01 5.060575777687331467e+00
3.710098032898748177e-01 -4.726798711621349458e-02 9.274950123808897162e-01 5.960956596029742371e+00 -8.197726701804691415e-04 9.986863468852403836e-01 5.123232859226045655e-02 2.381098389355343348e-01 -9.286990168559431380e-01 -1.975825991653303026e-02 3.704840740051065229e-01 5.237447008061131726e+00
3.453056185342711637e-01 -4.549163006700588513e-02 9.373429418671139768e-01 6.509068688139470815e+00 5.526975249899451770e-04 9.988340072050231333e-01 4.828328723488717333e-02 2.624642240038919661e-01 -9.384464122435554057e-01 -1.615682141006574354e-02 3.449283936508120707e-01 5.411217711328549562e+00
3.241627317046120726e-01 -4.502812874975412744e-02 9.448752869385744768e-01 7.086380000092222353e+00 8.410733059105691359e-04 9.988798696146078404e-01 4.731735324294533002e-02 2.916819516423456715e-01 -9.459473278379967320e-01 -1.454804011296499493e-02 3.238375187197662930e-01 5.595826943064110992e+00
3.100359469046062300e-01 -4.559209837039798763e-02 9.495903062669271977e-01 7.680650345945153390e+00 2.798064384633129446e-03 9.988893882227218857e-01 4.704066631584617048e-02 3.208654877471005529e-01 -9.506795299342820638e-01 -1.194354550498901747e-02 3.098185613570471064e-01 5.783404354242008161e+00
2.975416701563850519e-01 -4.674858276204262031e-02 9.536321041282801447e-01 8.299836670875448519e+00 2.825139588982614799e-03 9.988389472333725205e-01 4.810090721993843382e-02 3.386895225725986558e-01 -9.547735575868243618e-01 -1.161875714392242472e-02 2.973286428355386146e-01 5.970199921540410237e+00
2.871850677185496803e-01 -4.874513577636601508e-02 9.565900156042840274e-01 8.953349254701633342e+00 1.897067465338700193e-03 9.987313135468414149e-01 5.033013988944993328e-02 3.686157472329628093e-01 -9.578293064917676736e-01 -1.264807755310937663e-02 2.869131632788289865e-01 6.170796282654073650e+00
2.767716846409108977e-01 -5.026678919330549583e-02 9.596547809122848438e-01 9.630178293416042479e+00 1.912900157638955463e-05 9.986310981539047171e-01 5.231894950732898786e-02 4.029663120150748234e-01 -9.609706974636464949e-01 -1.446709056594052550e-02 2.763938919335782174e-01 6.362582771746147614e+00
2.650959824523729802e-01 -5.146999941249920385e-02 9.628959427311807318e-01 1.033160445519432713e+01 -3.928690289838932025e-04 9.985684853680094619e-01 5.347392434078451079e-02 4.347834167310084541e-01 -9.642705576887172780e-01 -1.454654266858480469e-02 2.646961672218082207e-01 6.552912686482454063e+00
2.556916928792823951e-01 -5.422085340687526206e-02 9.653111361145191305e-01 1.104472526610764405e+01 -2.105531473191181880e-03 9.983923637024942899e-01 5.663803254386771263e-02 4.671201483815327071e-01 -9.668305774852491430e-01 -1.651199009961434871e-02 2.551664352757520571e-01 6.749957056598729466e+00
2.450492627957488179e-01 -5.568526983816254189e-02 9.678685050210691365e-01 1.180724967608021636e+01 -2.652622340932487850e-03 9.983074690168899368e-01 5.809266517037291883e-02 5.062379929458586947e-01 -9.694646306136293079e-01 -1.681387239439526352e-02 2.444860962227159984e-01 6.939797699258174468e+00
2.355264215781990300e-01 -5.755434331750623050e-02 9.701379576653808012e-01 1.256069355993634140e+01 -2.423066351871846092e-03 9.982077627424590371e-01 5.979209199470406078e-02 5.370355549834954223e-01 -9.718398413889041132e-01 -1.644950704781692960e-02 2.349639596383875095e-01 7.119505894074028340e+00
2.241815234949541547e-01 -5.922047949379899423e-02 9.727039467162599262e-01 1.333810353950358341e+01 -3.698317703209444245e-03 9.980934058406775167e-01 6.159966287126848739e-02 5.749899615334955749e-01 -9.744976099572283390e-01 -1.740740567210785281e-02 2.235346585006340869e-01 7.299057558136692769e+00
2.133539751019934982e-01 -6.370700168814753817e-02 9.748839439893537406e-01 1.412780571167964716e+01 -5.984680565801096981e-03 9.977670942340075566e-01 6.652969533812867764e-02 6.208121926685851166e-01 -9.769460348848835185e-01 -2.002199465408481885e-02 2.124970834016166599e-01 7.480396348046586930e+00
1.993039378930853978e-01 -6.760477818755578072e-02 9.775653026184307759e-01 1.493242198168190527e+01 -6.219871000250964260e-03 9.975105021764129054e-01 7.022649933618593798e-02 6.556184480811861892e-01 -9.798798131497804542e-01 -2.007280958081821345e-02 1.983867810389384478e-01 7.642420129215076408e+00
1.883843090741852966e-01 -6.909699368206524694e-02 9.796740007547778406e-01 1.573710983386170881e+01 -7.612127058913499729e-03 9.973887276175275041e-01 7.182332165316231143e-02 6.963832047074255405e-01 -9.820791249722859995e-01 -2.098507467351175271e-02 1.873668662576205013e-01 7.795571746072603503e+00
1.742078604346636583e-01 -6.977791901720911683e-02 9.822236031484138374e-01 1.655163258864637754e+01 -7.665291964903992068e-03 9.973612068324452240e-01 7.218487942846969763e-02 7.352490193908828298e-01 -9.846672024633302822e-01 -2.012517025404982063e-02 1.732116758549920588e-01 7.941220611191621259e+00
1.600676077750760873e-01 -6.923544986076289598e-02 9.847058315899557268e-01 1.736385660771275496e+01 -9.057650260817467006e-03 9.973924050732374535e-01 7.157267640361272831e-02 7.800013377860587349e-01 -9.870949945896817512e-01 -2.036077723472624890e-02 1.590227546144169779e-01 8.072776068992164156e+00
1.439536199907921754e-01 -6.831969817745330020e-02 9.872560764930561339e-01 1.818721606202278451e+01 -1.021253318337025581e-02 9.974589757025477121e-01 7.050230659518749721e-02 8.192485488855451026e-01 -9.895636827800747826e-01 -2.024165669011661686e-02 1.428893111307721064e-01 8.187580143983721470e+00
1.220250652392775859e-01 -6.794816548794851974e-02 9.901833380286673147e-01 1.901849290695190930e+01 -1.235087707701752746e-02 9.974726789227076340e-01 6.998066469140447332e-02 8.620933731704265579e-01 -9.924352178883208975e-01 -2.077752968200446970e-02 1.208775213171027901e-01 8.289909383994068293e+00
9.726051092917593899e-02 -6.593075102184495218e-02 9.930605782270859327e-01 1.984877996056428273e+01 -1.653129141207861780e-02 9.975584918660076461e-01 6.785481905760798460e-02 9.025724247093995789e-01 -9.951099979510906746e-01 -2.301440749357673218e-02 9.593332464698572926e-02 8.372810537816256726e+00
6.700776768766418534e-02 -6.594237703851989207e-02 9.955604233613203347e-01 2.069654054857492298e+01 -2.096607921748084094e-02 9.975002068145236711e-01 6.748099665867814123e-02 9.449308388797305058e-01 -9.975217056222035472e-01 -2.539513217547966634e-02 6.545768845405006142e-02 8.418739348232936237e+00
3.182463445511013456e-02 -6.645748506857945825e-02 9.972847738464361012e-01 2.154997963205248368e+01 -2.401606182669601894e-02 9.974479046459931997e-01 6.724817033942599720e-02 9.859301724434160752e-01 -9.992086062165110860e-01 -2.609476940996050334e-02 3.014751381470831548e-02 8.447801027719131994e+00
1.339440307062809109e-03 -6.508555815671110412e-02 9.978789579278233290e-01 2.240017552975976756e+01 -2.594807405477599083e-02 9.975415719183932106e-01 6.508541324279057405e-02 1.020718084138684034e+00 -9.996625474308453718e-01 -2.597115332440477070e-02 -3.527106260204398080e-04 8.439674467048387640e+00
-3.494127162253073127e-02 -6.388452719054459050e-02 9.973555955133791562e-01 2.327224981088744116e+01 -2.612932765579149483e-02 9.976712196018092671e-01 6.301929292787485093e-02 1.058363799392670668e+00 -9.990599944163680579e-01 -2.384588359654487080e-02 -3.652848895890223324e-02 8.401176693106926052e+00
-6.685723440065979850e-02 -6.239962498968105314e-02 9.957853175412327840e-01 2.412201596669517656e+01 -2.906683266287100192e-02 9.977403410358830493e-01 6.058551825960736825e-02 1.087761278964564315e+00 -9.973157866136299621e-01 -2.489434161673323431e-02 -6.851969365895822783e-02 8.342515003822306596e+00
-1.012867818211423826e-01 -5.870703749621816736e-02 9.931687187542231898e-01 2.497603090481574384e+01 -3.118001153656184410e-02 9.979539515714798137e-01 5.583028417482195638e-02 1.131807447723014226e+00 -9.944148903879643786e-01 -2.530509364656370261e-02 -1.029097832447335159e-01 8.254525385220532030e+00
-1.339004857225166156e-01 -5.445310834602498651e-02 9.895099071595436779e-01 2.584148718946509860e+01 -2.821246757446711079e-02 9.982938871082536192e-01 5.112471537667401256e-02 1.154931925857125785e+00 -9.906057641308019246e-01 -2.107205962148031575e-02 -1.352082970156197883e-01 8.130355083853178400e+00
-1.640969925478624747e-01 -4.855769874432778327e-02 9.851816792455518890e-01 2.668483749883675671e+01 -2.386120652618717308e-02 9.986908609428496453e-01 4.524044687010878030e-02 1.180264575013366235e+00 -9.860891226683732302e-01 -1.607584856048632077e-02 -1.650407673322124569e-01 7.973717757539886541e+00
-1.972881575635417051e-01 -4.257362944826639795e-02 9.793599010610449795e-01 2.753330379578923726e+01 -1.790396943617435233e-02 9.990461839919180242e-01 3.983717681943246131e-02 1.201235522290839519e+00 -9.801220461342146084e-01 -9.665498547673276319e-03 -1.978619300796137237e-01 7.792003549126376605e+00
-2.229212767381399396e-01 -3.672836952187136933e-02 9.741091019050225341e-01 2.836620256320583877e+01 -1.116512873598388654e-02 9.993205367848757570e-01 3.512851524402071934e-02 1.210804934159943169e+00 -9.747376050407301484e-01 -3.040339008731675081e-03 -2.231797181394253038e-01 7.581208846872055318e+00
-2.516900577415527307e-01 -3.102831677158463669e-02 9.673116839163394820e-01 2.920006720967218072e+01 -3.532441288389854845e-03 9.995089058636933421e-01 3.113530024989127204e-02 1.221462405252292660e+00 -9.678026488052273724e-01 4.420849542103207075e-03 -2.516761031041351848e-01 7.349287522384949867e+00
-2.797598183119008874e-01 -2.070743312265221556e-02 9.598089470726527406e-01 3.002398219089678477e+01 3.225122771582891734e-03 9.997414630867915708e-01 2.250883268739903645e-02 1.220166199394266071e+00 -9.600270361278807618e-01 9.397005277103012352e-03 -2.796206218256718223e-01 7.096655725577914353e+00
-3.014766583111147535e-01 -5.925842179942033237e-03 9.535641396217443555e-01 3.082570442770434482e+01 7.246696660967606556e-03 9.999376160197452901e-01 8.507396822119228999e-03 1.209692234957169710e+00 -9.535551237103363498e-01 9.469968173091302191e-03 -3.014149877455569171e-01 6.824258840867757137e+00
-3.268966194999871067e-01 1.146803892476967734e-02 9.448828999267190332e-01 3.162075693221524020e+01 7.780184570394487603e-03 9.999251737447738542e-01 -9.444649917834554292e-03 1.191338536001875115e+00 -9.449204722657007505e-01 4.265570483155574355e-03 -3.269613938768209382e-01 6.547859006070369858e+00
-3.520276899964103756e-01 2.629000338253886099e-02 9.356324882679866173e-01 3.241264989302617039e+01 7.485273077311750504e-03 9.996526067501442236e-01 -2.527135249056703531e-02 1.172715148420650833e+00 -9.359718410225427165e-01 -1.889999092038741925e-03 -3.521021375274306919e-01 6.253081966644723266e+00
-3.756288680366933197e-01 3.737814110414013763e-02 9.259385425712113316e-01 3.319472622915309756e+01 1.134393721591130284e-02 9.992969412898571324e-01 -3.574238506136775961e-02 1.134771624087577591e+00 -9.266232225002866141e-01 -2.915643799062856562e-03 -3.757886873049826049e-01 5.933745435769800736e+00
-3.999431582454725520e-01 4.139882066135044253e-02 9.156500832997166439e-01 3.397576370183900707e+01 1.509042536667857225e-02 9.991416015483417512e-01 -3.858155084600867896e-02 1.087507740747242879e+00 -9.164612851690636663e-01 -1.608599867121423112e-03 -4.002246087882511683e-01 5.602414961645690639e+00
-4.212899973392088548e-01 4.126934161565805337e-02 9.062355340684237204e-01 3.474942337162869421e+01 1.799828763822414190e-02 9.991478540743830017e-01 -3.715683290983588793e-02 1.042324299194233861e+00 -9.069963490514804105e-01 6.705134225350946635e-04 -4.216738688792630030e-01 5.237837968310415704e+00
-4.426608606065479679e-01 3.768289640428106740e-02 8.963406596555574257e-01 3.552096992133670028e+01 2.170825391692922032e-02 9.992744234778063728e-01 -3.130320299101217729e-02 9.965459034852840459e-01 -8.968692277570444737e-01 5.628429394178013911e-03 -4.431578798783231132e-01 4.858539491738913974e+00
-4.607069593798259755e-01 3.539350392379767701e-02 8.868513664279658038e-01 3.626171228778862599e+01 2.902120934803369828e-02 9.992708515995207819e-01 -2.482910722750055268e-02 9.561256844003117594e-01 -8.870836941467341585e-01 1.429037001403759069e-02 -4.613981693727098321e-01 4.460183998571762842e+00
-4.734013656542493953e-01 3.614552624573422190e-02 8.802851259831385722e-01 3.700320936693555041e+01 3.229215381297425441e-02 9.991982635725386031e-01 -2.367249485652530433e-02 9.132596659632894465e-01 -8.804346677288911183e-01 1.723371341290876740e-02 -4.741890507045440351e-01 4.050391255595487294e+00
-4.851427541706392343e-01 3.999792421047958235e-02 8.737135587597024688e-01 3.772895297709369089e+01 3.563761131593510406e-02 9.990277528955610054e-01 -2.596680940411831909e-02 8.717599484211063787e-01 -8.739025900781813849e-01 1.854376011442640179e-02 -4.860963596563182554e-01 3.647595991167102536e+00
-4.955506310975486550e-01 4.223490380978114217e-02 8.680519137461863988e-01 3.842411862412141943e+01 3.686731612439092531e-02 9.989397611689275758e-01 -2.758648942801662091e-02 8.289180015984749517e-01 -8.682961834908202725e-01 1.834909077115704987e-02 -4.965823392426740868e-01 3.242041485655965616e+00
-5.037332139250179086e-01 4.308918826550933029e-02 8.622802412644738901e-01 3.913470729575075069e+01 3.134046270102669451e-02 9.990092120811483456e-01 -3.158087768861951583e-02 7.898137126003644815e-01 -8.627870825781868147e-01 1.110260664836132567e-02 -5.045845747399928527e-01 2.830997537980173284e+00
-5.170206915572216344e-01 4.041419292984224643e-02 8.548518883307432148e-01 3.982850423134344453e+01 2.928607289397347838e-02 9.991350479834547604e-01 -2.953462431866875001e-02 7.570345681616705846e-01 -8.553059254012107537e-01 9.768804802045696206e-03 -5.177569207229555381e-01 2.417447476946634755e+00
-5.236154279715270476e-01 4.246258880077387332e-02 8.505172134692532415e-01 4.053358852814863411e+01 3.182928352237979208e-02 9.990347663637708653e-01 -3.025947416502235837e-02 7.162145221959366204e-01 -8.509817383193502005e-01 1.120802136427135817e-02 -5.244615036716322454e-01 1.981437348068198379e+00
-5.312674492966733553e-01 4.522063014923505264e-02 8.458749124482656256e-01 4.123993515215712335e+01 3.441142692566894618e-02 9.989024311566531145e-01 -3.175072655188219267e-02 6.700566005666421798e-01 -8.463824015415218893e-01 1.223619484358666465e-02 -5.322405159366703220e-01 1.536097707624898057e+00
-5.354863179318024580e-01 4.816958679803905186e-02 8.435209071051966712e-01 4.194654678836690920e+01 3.574844717875726857e-02 9.987699509681439158e-01 -3.438555809708691846e-02 6.337627034906423429e-01 -8.441395488848320028e-01 1.175159751059872554e-02 -5.365495431849621744e-01 1.092836808910574220e+00
-5.341323888491253946e-01 5.011804029907333813e-02 8.441969288809669791e-01 4.268353865560149529e+01 3.530792574452847749e-02 9.986928864891675417e-01 -3.696160025803933713e-02 5.932029779668561709e-01 -8.449458306597777968e-01 1.007090191724355557e-02 -5.352037438139007897e-01 6.350313584554699853e-01
-5.302134078739861867e-01 5.026273186204351096e-02 8.464123897027026056e-01 4.342824602382768973e+01 3.739793542647768670e-02 9.986557457236564517e-01 -3.590881160163939684e-02 5.526160125490295894e-01 -8.470799119611877037e-01 1.261139417151621762e-02 -5.313801339655455092e-01 1.744559960193284576e-01
-5.236076242860495666e-01 4.940745679771289811e-02 8.502443252513988137e-01 4.418830686033840749e+01 3.558219938165163576e-02 9.987140218188794716e-01 -3.609883311819554741e-02 5.105891403891398284e-01 -8.509352235472400494e-01 1.133131002646772974e-02 -5.246922167772146706e-01 -2.794486158144673937e-01
-5.194281731147503134e-01 4.699488868619109555e-02 8.536830936566468520e-01 4.497229156972760222e+01 3.346125605706702644e-02 9.988394311803165948e-01 -3.465706849130179013e-02 4.670596375115874110e-01 -8.543206726983948451e-01 1.057837668228385312e-02 -5.203978556035609992e-01 -7.489730291806621088e-01
-5.090156647433563553e-01 4.708730141344449199e-02 8.590665297858827154e-01 4.576618127075315812e+01 3.175717896731903439e-02 9.988499232773079273e-01 -3.590223714155195422e-02 4.256694372050524589e-01 -8.597698669934645821e-01 8.985696997039396838e-03 -5.099254345669714805e-01 -1.207557620938560783e+00
-5.038617001756903191e-01 4.566876414018627983e-02 8.628547660261841612e-01 4.656337467777535721e+01 2.888633953722940725e-02 9.989335878206969666e-01 -3.602762321181741945e-02 3.799180814161051134e-01 -8.635799098575528410e-01 6.778027987295301773e-03 -5.046435591309074153e-01 -1.658048510559395394e+00
-4.987451038922368629e-01 4.408355131111636044e-02 8.658347747611717660e-01 4.740172031584032197e+01 2.513162920784475438e-02 9.990212834203515690e-01 -3.642630906434829452e-02 3.378423708389219904e-01 -8.665923530581655099e-01 3.615279474991137023e-03 -4.993647649048542636e-01 -2.120224291060280208e+00
-4.974660865566024603e-01 4.067117563192779173e-02 8.660263194012811638e-01 4.823531695230391847e+01 2.005207409310960989e-02 9.991722064739317899e-01 -3.537874068240427772e-02 2.965034226378907012e-01 -8.667490139113072090e-01 -2.664410512155057057e-04 -4.978696371540389243e-01 -2.580900368571126258e+00
-4.975190689935554134e-01 3.806162356675055897e-02 8.667417253464188009e-01 4.911326574809182688e+01 1.714735872246399631e-02 9.992732935517738557e-01 -3.404776914464043708e-02 2.423507303030484339e-01 -8.674074736327085366e-01 -2.065764170243419070e-03 -4.978102746203979523e-01 -3.062781829072743545e+00
-4.975390186050239194e-01 3.661961949405875133e-02 8.661151720186638370e-01 4.997838234154956893e+01 1.579804771570227431e-02 9.993252269249873754e-01 -3.314547273052809856e-02 1.990782044905392567e-01 -8.667448542933380295e-01 -2.828026411658417401e-03 -4.977815510514392860e-01 -3.552965894564027227e+00
-4.989384082144688315e-01 3.562679207309926016e-02 8.656442407216100587e-01 5.085988625705269328e+01 1.520269728915162738e-02 9.993605588692405783e-01 -3.236665803569242772e-02 1.510784060210694502e-01 -8.662437541946376163e-01 -2.992293971479486735e-03 -4.991609461736468689e-01 -4.037351524767828437e+00
-4.975310753547647069e-01 3.510636773623837525e-02 8.661660234347130505e-01 5.176028002248183668e+01 1.511255029624784287e-02 9.993793676616700150e-01 -3.181195348423825064e-02 1.059767521245818800e-01 -8.667458664295798476e-01 -2.764409044880743876e-03 -4.977525293388418426e-01 -4.550148025493880866e+00
-4.989162225952025742e-01 3.538499495453660548e-02 8.656629544713629887e-01 5.266097389847128341e+01 1.562543838168613600e-02 9.993707485281234648e-01 -3.184313822471260269e-02 5.730743004206399760e-02 -8.662452218560627859e-01 -2.372373244464402817e-03 -4.991550552698502674e-01 -5.071577887457605627e+00
-4.999217725210918783e-01 3.404160149676025565e-02 8.653841844416486628e-01 5.356928134146696152e+01 1.527619501552577447e-02 9.994186550348513887e-01 -3.047076984898507493e-02 8.806621625054709968e-03 -8.659183578645152091e-01 -2.015960948140414506e-03 -5.001512819087486905e-01 -5.574918470901461198e+00
-4.989644821918278739e-01 3.305064875826562582e-02 8.660401039400988932e-01 5.451102674928110758e+01 1.301157115437560734e-02 9.994454024916989976e-01 -3.066332012057906842e-02 -4.235518656642131563e-02 -8.665732217329681353e-01 -4.019680744995640133e-03 -4.991177322715356079e-01 -6.091871779254089070e+00
-4.999706077563389472e-01 3.213306320587509812e-02 8.655719153699016344e-01 5.541133969184685526e+01 1.289875679333406591e-02 9.994770009125385490e-01 -2.964093311004019349e-02 -9.290560152193759469e-02 -8.660719394327811571e-01 -3.668643564589630333e-03 -5.001236886598160458e-01 -6.588528471518799279e+00
-4.989585753353588116e-01 3.021125830508264096e-02 8.661039959247880393e-01 5.633865575319227759e+01 1.150645818369223569e-02 9.995350276536933976e-01 -2.824649924430660056e-02 -1.477015783938788185e-01 -8.665545247809409712e-01 -4.120696043576017008e-03 -4.990740278398037022e-01 -7.103340115626100015e+00
-4.961788703671157763e-01 2.974027973385722987e-02 8.681944669338428344e-01 5.726638514613452458e+01 1.073024285594750826e-02 9.995471757506739774e-01 -2.811518774774122639e-02 -2.012986189583211849e-01 -8.686373115416675672e-01 -4.624275586100138648e-03 -4.962734155043316275e-01 -7.622573284829116780e+00
-4.922781373908914904e-01 2.690780394179397017e-02 8.694057243701343030e-01 5.816506950394791176e+01 1.149256603259704232e-02 9.996354529984136095e-01 -2.443067471358218931e-02 -2.503324306590571369e-01 -8.697464523185404195e-01 -2.048331008281795412e-03 -4.924076362328272394e-01 -8.116226392672151846e+00
-4.908514929306376784e-01 2.551507310533412259e-02 8.709664076077012762e-01 5.910382526583460105e+01 1.159940551094514397e-02 9.996738185051617931e-01 -2.275479543116240566e-02 -2.976380150832257931e-01 -8.712630488123819239e-01 -1.060903371510961944e-03 -4.909873641601869565e-01 -8.635872207760867170e+00
-4.870312096104140176e-01 2.565525657107908461e-02 8.731519094991201380e-01 5.999653380063742958e+01 1.192916996696344843e-02 9.996706345501731317e-01 -2.272669938633250022e-02 -3.384601357484835482e-01 -8.734475328341293476e-01 -6.468804659078139160e-04 -4.871768273311927744e-01 -9.128071503471081982e+00
-4.842125638889352990e-01 2.536601903450102016e-02 8.742063257601174753e-01 6.092201896055840393e+01 1.257453173634743432e-02 9.996780163218891291e-01 -2.203334231916212124e-02 -3.839914590465210997e-01 -8.744841179755517002e-01 3.121157355965284213e-04 -4.843755207064980861e-01 -9.635059415372168701e+00
-4.842218386211050718e-01 2.549744469974867325e-02 8.745438806507284113e-01 6.181424566494076345e+01 1.233828128736078229e-02 9.996749322906571811e-01 -2.230854166266135752e-02 -4.335375924293939365e-01 -8.748286346458580276e-01 -1.926501440854520795e-05 -4.843790167786066747e-01 -1.011728126417727935e+01
-4.856792092512960402e-01 2.696878344158263816e-02 8.736060080067242772e-01 6.272377677240991289e+01 1.126818215105569385e-02 9.996340558254650510e-01 -2.458650783458937034e-02 -4.785849475712791734e-01 -8.739496781501170375e-01 -2.106753071355809120e-03 -4.858054205907400003e-01 -1.061041126422363767e+01
-4.881755809074069252e-01 2.777109834553628462e-02 8.723507066306447344e-01 6.362732108946410392e+01 9.386563761219563623e-03 9.996029413247627948e-01 -2.655981760258056129e-02 -5.357827316450253230e-01 -8.727422764384598075e-01 -4.794642901074550913e-03 -4.882424052972691442e-01 -1.110913856584084947e+01
-4.924183902774260657e-01 2.818111181011864752e-02 8.701506945873214161e-01 6.453254229170454437e+01 8.346987113128119876e-03 9.995827256695762886e-01 -2.766893776956881948e-02 -5.850802296823197635e-01 -8.705672474301091590e-01 -6.340600532991130453e-03 -4.924480976087183270e-01 -1.161673816094282863e+01
-4.976307949390325613e-01 2.748548381565116619e-02 8.668483333613208330e-01 6.542001393592184399e+01 8.061691409935681923e-03 9.996011393984136628e-01 -2.706258974556510766e-02 -6.249848830730223570e-01 -8.672466008047130526e-01 -6.490612306367401704e-03 -4.976538654917144200e-01 -1.210683827865449658e+01
-5.012786246353453379e-01 2.390434844680626794e-02 8.646256320322702749e-01 6.631108408510014840e+01 1.101070700941385490e-02 9.997134852967147767e-01 -2.123879118284525275e-02 -6.812901521249762338e-01 -8.648859968343369786e-01 -1.146575955899839256e-03 -5.013981651810228701e-01 -1.262277502333046186e+01
-5.079747656912301235e-01 2.205526708737146069e-02 8.610317541717786849e-01 6.718748463919995118e+01 7.949721424827242700e-03 9.997495446423961818e-01 -2.091437660570625787e-02 -7.248358312706820739e-01 -8.612773491496240608e-01 -3.780499136309432590e-03 -5.080228859076481029e-01 -1.311967672687375419e+01
-5.132157143627199547e-01 2.448910952207635633e-02 8.584575138039597375e-01 6.806758612280459886e+01 9.002857229125516697e-03 9.996917165906366032e-01 -2.314626320134845205e-02 -7.740362768537241145e-01 -8.587594058014985654e-01 -4.125026424858934879e-03 -5.132782440301322247e-01 -1.363038848258046087e+01
-5.184906223034116968e-01 2.679302473319634254e-02 8.549394167035831993e-01 6.892432742330322526e+01 9.321611473711084728e-03 9.996268675370317824e-01 -2.566451493836249473e-02 -8.192311374050255113e-01 -8.553083460718657882e-01 -5.344705915598381776e-03 -5.185471005268939004e-01 -1.414325592462384407e+01
-5.227578859470587425e-01 2.616044851124217988e-02 8.519144702406490355e-01 6.977110188581184502e+01 7.447831420815947435e-03 9.996308826618565124e-01 -2.612631372471694094e-02 -8.652056914041148517e-01 -8.522835327760909241e-01 -7.311597120533440408e-03 -5.227599305183560086e-01 -1.464413640683558171e+01
-5.266532107999907231e-01 2.709516675749973694e-02 8.502909145783562606e-01 7.062821332699346044e+01 6.721620874955591685e-03 9.995940095859312535e-01 -2.769142191458775007e-02 -9.189077942159358248e-01 -8.506956932530563842e-01 -8.843981745789685975e-03 -5.266219935681976105e-01 -1.517005138121130159e+01
-5.294472860570730299e-01 2.593184859411877194e-02 8.482633869532970605e-01 7.146980084438098402e+01 6.374320750290454057e-03 9.996263839893230196e-01 -2.658528529138986032e-02 -9.671356807980298065e-01 -8.486355642900363927e-01 -8.650470150626428378e-03 -5.294150283750599373e-01 -1.568559114616176764e+01
-5.330940323317853169e-01 1.887449609966907957e-02 8.461981090261608829e-01 7.230970007381723974e+01 8.117555229574550599e-03 9.998192400361934906e-01 -1.719514433411438795e-02 -1.001406497559824027e+00 -8.463697963575473882e-01 -2.286165013062543827e-03 -5.331511272371841637e-01 -1.620861264727745876e+01
-5.330058478914544429e-01 1.021104362426278681e-02 8.456196778520279622e-01 7.315361627865148364e+01 7.958602008761604674e-03 9.999434560469933064e-01 -7.051702861327036574e-03 -1.044512563872457278e+00 -8.456438778856599781e-01 2.966541225404920046e-03 -5.330570406048796839e-01 -1.674770819413830836e+01
-5.382499101548771092e-01 7.338317624836004568e-03 8.434255981496692200e-01 7.398953284412381493e+01 7.904237998352103833e-03 9.999620390274042148e-01 -3.657864157518862791e-03 -1.074250501107075539e+00 -8.434204350252977322e-01 4.696802318927444271e-03 -5.382874081083667273e-01 -1.726091401458680608e+01
-5.358171087808784039e-01 1.303501070848690942e-02 8.438285912093346219e-01 7.481825551194305035e+01 8.709175156411600241e-03 9.999129234435738534e-01 -9.913456111671950510e-03 -1.103603357644013405e+00 -8.438844350540287698e-01 2.030773744264549336e-03 -5.358839468534000172e-01 -1.779045352364348176e+01
-5.383071338508125248e-01 1.814920781223037030e-02 8.429659115516680012e-01 7.562397874549988330e+01 9.245414243876487123e-03 9.998350874056097792e-01 -1.562316146830560609e-02 -1.135500423295595862e+00 -8.431106992034325120e-01 -6.173398090872718501e-04 -5.383862356440306529e-01 -1.830679085418978147e+01
-5.381915530599425956e-01 2.197588746682636179e-02 8.428089450065011645e-01 7.644156733914341828e+01 1.496683940606854946e-02 9.997515554480350675e-01 -1.650804090695108875e-02 -1.169319877460373913e+00 -8.429625797150379629e-01 3.729631857663521545e-03 -5.383868132248845750e-01 -1.883350267707990255e+01
-5.381238397295805553e-01 2.305492003279367708e-02 8.430429219205662905e-01 7.726174199568187362e+01 1.795175749773760335e-02 9.997125384736607057e-01 -1.589291626525262888e-02 -1.208937190662924488e+00 -8.431669608459195775e-01 6.585470129237741554e-03 -5.383831442587592164e-01 -1.937268938751972058e+01
-5.356566111708213063e-01 2.041398494034386141e-02 8.435839440682645352e-01 7.808699159254427968e+01 1.785701901580599368e-02 9.997579817448873918e-01 -1.283702550875853547e-02 -1.246062785701316011e+00 -8.436420246547450263e-01 8.183205145563275662e-03 -5.358915889273374589e-01 -1.989512653899146244e+01
-5.356819192470586577e-01 1.380581386454095109e-02 8.438989711335983523e-01 7.889949320465717619e+01 1.519888722549018675e-02 9.998620238810990157e-01 -6.701733844904955543e-03 -1.267547306206475266e+00 -8.438750336367338845e-01 9.236253283134685660e-03 -5.358178543059762822e-01 -2.039868449021743402e+01
-5.357085409932135223e-01 8.372106999084525866e-03 8.443335829169876794e-01 7.972715043291206882e+01 1.348196929720271720e-02 9.999081903017581485e-01 -1.360107493528538072e-03 -1.291618080955603709e+00 -8.442675276028482889e-01 1.065703343007845874e-02 -5.357722511037410484e-01 -2.092052370705795283e+01
-5.358525921942790537e-01 2.368154644997047011e-03 8.445821817720108315e-01 8.054266914606988337e+01 4.510312992426654573e-03 9.999897994808589763e-01 5.745627385679788214e-05 -1.318015199864523535e+00 -8.445735460428838159e-01 3.845628398697673207e-03 -5.358576286008193135e-01 -2.140824818873918645e+01
-5.331754062456047771e-01 -2.689127964646497587e-03 8.463112462414722481e-01 8.136854616562993670e+01 -3.159640635269320239e-03 9.999943172468517272e-01 1.198486974104974977e-03 -1.329627470278901269e+00 -8.463096255999484896e-01 -2.038510287166113259e-03 -5.331807555408892840e-01 -2.190451807043753263e+01
-5.317218243801004052e-01 -2.549478189526923656e-03 8.476073090457871828e-01 8.218582536021330043e+01 -5.142176771254540956e-04 9.999962441207485009e-01 2.686155242666905633e-03 -1.348736209812605447e+00 -8.476109602685057975e-01 9.921363811390179321e-04 -5.317211203136157360e-01 -2.241293375207208882e+01
-5.278065857893736723e-01 1.166478589530658090e-05 8.488850781562722325e-01 8.299226024235362331e+01 3.692147647689378483e-03 9.999905734936107571e-01 2.278013964036033467e-03 -1.371019693957388652e+00 -8.488770245463377329e-01 4.339158528059530208e-03 -5.278016181859570555e-01 -2.290918867097945721e+01
-5.249672416537277675e-01 4.114663334291589376e-03 8.516938336109637353e-01 8.380963062336871872e+01 5.860172705178722137e-03 9.999821671052352423e-01 -1.216955882032505661e-03 -1.389106733527046389e+00 -8.516835192992027181e-01 4.348244610208849836e-03 -5.249820356085205253e-01 -2.341699671407094030e+01
-5.144075255682536429e-01 5.191918064087083957e-03 8.570257811219257338e-01 8.462138621134116079e+01 1.093257247615347059e-02 9.999401840370164551e-01 5.073945410966353674e-04 -1.406858271171588015e+00 -8.569719189551701088e-01 9.632847452602674027e-03 -5.144335202088751169e-01 -2.390233726103894440e+01
-5.076761597454162445e-01 8.420902540566502226e-03 8.613657707130339958e-01 8.542998065569361188e+01 1.837418303087486743e-02 9.998306270504772053e-01 1.056673257776702922e-03 -1.427484005607690731e+00 -8.612109242878113191e-01 1.636436104572134773e-02 -5.077449562157358987e-01 -2.437801297126626920e+01
-4.972577993802805296e-01 7.555672797352496785e-03 8.673979768877720931e-01 8.625615807287722703e+01 1.639166725931617830e-02 9.998654245533864504e-01 6.897213508155074137e-04 -1.452263604122763008e+00 -8.672761409876158512e-01 1.456316451095537867e-02 -4.973147923216959532e-01 -2.485123529697455069e+01
-4.868913257080287327e-01 4.444065602087217404e-03 8.734756021821110661e-01 8.708723906064592768e+01 1.291772767453849141e-02 9.999143436092181592e-01 2.113469483891568506e-03 -1.462559184641504251e+00 -8.733915901534585746e-01 1.231405717523349590e-02 -4.869070043742728671e-01 -2.528936379315797467e+01
-4.737239738984301285e-01 9.629838611748954384e-04 8.802529219357874135e-01 8.792547904595102182e+01 1.361633137829654054e-02 9.998878587678834418e-01 6.235346348740785499e-03 -1.478111263515796026e+00 -8.801483217984709118e-01 1.494499943452512643e-02 -4.736839919003219546e-01 -2.574307021174192300e+01
-4.633712683717728931e-01 -1.913008441518325702e-04 8.861698587560837836e-01 8.876441314430425678e+01 1.250447222117685893e-02 9.998989882985078737e-01 6.753766252140170311e-03 -1.494036077465494605e+00 -8.860817452955701556e-01 1.421010630971984365e-02 -4.633221296786269594e-01 -2.617746003850629677e+01
-4.516354863567581535e-01 -8.512134412916631202e-04 8.926203531233988242e-01 8.960691754024875877e+01 1.304058049356116196e-02 9.998864857733464895e-01 7.548832373153259272e-03 -1.499736794763758763e+00 -8.925255921300829787e-01 1.504266445873361085e-02 -4.515731596605763176e-01 -2.659557679917823236e+01
-4.403004064641984350e-01 -1.412600113990109799e-04 8.976995856742010504e-01 9.046128068561820612e+01 1.574194034120317623e-02 9.998449972546535891e-01 7.882680698762722579e-03 -1.518881311478265550e+00 -8.975616605627998457e-01 1.760381198791749133e-02 -4.402297712160989640e-01 -2.701131748582866621e+01
-4.271860598431320710e-01 3.995169042606064314e-03 9.041617870927027845e-01 9.130911177586311567e+01 1.663206624902677233e-02 9.998557367735411150e-01 3.439958118055668011e-03 -1.525560347174200526e+00 -9.040178082446244101e-01 1.650795953461848750e-02 -4.271909216947369359e-01 -2.740312921847729655e+01
-4.158537379622940788e-01 1.356779923484347644e-02 9.092847136559022436e-01 9.215079062964561274e+01 1.968103897977119959e-02 9.997888305435390643e-01 -5.919545521213796097e-03 -1.544666919186335141e+00 -9.091731517046766076e-01 1.543276831475356471e-02 -4.160328911671366536e-01 -2.778074974247111228e+01
-4.018945015608403337e-01 1.728657839150967226e-02 9.156368790024485005e-01 9.299594260172187887e+01 1.863211153019721233e-02 9.997690733556211518e-01 -1.070100433678695603e-02 -1.568787743026458070e+00 -9.156105879689562244e-01 1.275807383538796365e-02 -4.021238584463920906e-01 -2.815309407445015211e+01
-3.923924674803630497e-01 1.468660951178061072e-02 9.197925456393288846e-01 9.385402456973289986e+01 1.763116884461047099e-02 9.998087953864894795e-01 -8.440811054421928222e-03 -1.584891475172988562e+00 -9.197406407700376985e-01 1.290427191162114330e-02 -3.925764224057144425e-01 -2.849475309429929837e+01
-3.805886753402582534e-01 1.110669145735653299e-02 9.249834995505853419e-01 9.472204017160699152e+01 1.616544169525009275e-02 9.998548386154130219e-01 -5.357411518156198794e-03 -1.616749074061702984e+00 -9.249088936510450054e-01 1.291263234275957447e-02 -3.807129074787222178e-01 -2.884220946152583664e+01
-3.695424652641982055e-01 9.556334425529403043e-03 9.293004055054537860e-01 9.557941856316291762e+01 1.213604438272776649e-02 9.999113217061267322e-01 -5.455826357350162907e-03 -1.643283634032723706e+00 -9.292702620504649236e-01 9.260768241140526769e-03 -3.696257450699343972e-01 -2.916599738665634689e+01
-3.629688505734277038e-01 1.517814685673576913e-02 9.315390456916784467e-01 9.644697662267540750e+01 6.790263457982873355e-03 9.998837263565284461e-01 -1.364362221235423424e-02 -1.670266536825924852e+00 -9.316379311959729348e-01 1.372628913063309074e-03 -3.630298641101269985e-01 -2.947739225228947291e+01
-3.565005549926713035e-01 1.988646059842340275e-02 9.338483898792891980e-01 9.732069329556836124e+01 9.837564735765949499e-04 9.997805324088865353e-01 -2.092565752131972032e-02 -1.702779201497156114e+00 -9.340596916623029600e-01 -6.543507824935319329e-03 -3.564417439452984282e-01 -2.980188007335629408e+01
-3.529601602697859386e-01 2.194897817437255899e-02 9.351745569454598117e-01 9.819855390465893663e+01 -2.096723945775415005e-03 9.997035093267352401e-01 -2.425274456948295007e-02 -1.741629504072929935e+00 -9.354297879715567365e-01 -1.052929018462466816e-02 -3.528093912417790134e-01 -3.011672652195975886e+01
-3.493033921777168871e-01 2.016018466680092464e-02 9.365839177189788645e-01 9.907175009565624180e+01 -3.700465336814489498e-03 9.997307284467444877e-01 -2.290141335392071112e-02 -1.779515428590385140e+00 -9.367934712132559572e-01 -1.147349773968683005e-02 -3.491346188122098626e-01 -3.042548825579416771e+01
-3.436496021577384319e-01 2.101149925645073857e-02 9.390129379909368801e-01 9.995924577624514029e+01 -5.198888496287946102e-03 9.996918932565537208e-01 -2.427214339993285369e-02 -1.823540734106848582e+00 -9.392337178220682148e-01 -1.321701242952565657e-02 -3.434346153080286013e-01 -3.073547678133418160e+01
-3.383231414360226008e-01 1.721252604034528497e-02 9.406326587207947121e-01 1.008475249898019257e+02 -6.259753768958027306e-03 9.997692523774859286e-01 -2.054686314212842910e-02 -1.857490042331581659e+00 -9.407694178183476641e-01 -1.284834761799060962e-02 -3.381370768323476717e-01 -3.103793716077052167e+01
-3.325398807657581335e-01 1.415660547089958067e-02 9.429396995437427931e-01 1.017159237648752850e+02 -5.625300940860882004e-03 9.998394960759199313e-01 -1.699996034083774143e-02 -1.881026557798559429e+00 -9.430293701523778660e-01 -1.097352740569671609e-02 -3.324067165121729062e-01 -3.134756202613019127e+01
-3.273047308480006024e-01 9.954859165305538285e-03 9.446932269002227267e-01 1.026006885298517517e+02 -8.777990643136340462e-03 9.998692462691587401e-01 -1.358337345414508020e-02 -1.927317217017616935e+00 -9.447049185348606049e-01 -1.274349352147730735e-02 -3.271744936201632092e-01 -3.164320736346070362e+01
-3.217889697343607747e-01 1.095060832316483747e-02 9.468780702256552884e-01 1.034720084784806318e+02 -1.361686653483474251e-02 9.997763187088405390e-01 -1.618149553698505078e-02 -1.948288299555774872e+00 -9.468436686026376892e-01 -1.810745704144798782e-02 -3.215679048903122839e-01 -3.192175206681558919e+01
-3.155021782034138078e-01 9.919599323751610020e-03 9.489685307776248857e-01 1.043383021113728688e+02 -2.272683020859313577e-02 9.995792299932715341e-01 -1.800014280758531135e-02 -1.977367449245472697e+00 -9.487481691907770909e-01 -2.726724624668852570e-02 -3.151438211513536425e-01 -3.218827895731706690e+01
-3.089520252753538143e-01 1.368475324348933722e-02 9.509956765307162607e-01 1.052164276715172093e+02 -2.161537873740191837e-02 9.995373795447689558e-01 -2.139388066921090945e-02 -2.021104237185316510e+00 -9.508486598914808186e-01 -2.717162933750647685e-02 -3.085134121784268157e-01 -3.246352901448468486e+01
-3.007218866859743267e-01 1.773335761461040244e-02 9.534604851934446179e-01 1.060837274091406783e+02 -1.795714505274783462e-02 9.995448277350085231e-01 -2.424488662623946328e-02 -2.065556530280757919e+00 -9.534563524956972680e-01 -2.441323586407404336e-02 -3.002667085966416738e-01 -3.273428836778637674e+01
-2.941715146583592233e-01 1.506739193056530479e-02 9.555126998390923720e-01 1.069702077227790369e+02 -2.001976174954625542e-02 9.995585522346202012e-01 -2.194427383651229024e-02 -2.101557050655942671e+00 -9.554218218369696647e-01 -2.558741493123941821e-02 -2.937396879802374183e-01 -3.299960121668095780e+01
-2.854816152350077019e-01 9.400364879547823058e-03 9.583256654518051976e-01 1.078344678386267077e+02 -2.065396841459789246e-02 9.996588502515173502e-01 -1.596093052267715667e-02 -2.138439438003200355e+00 -9.581490621794250817e-01 -2.436937785030752340e-02 -2.851900001856532696e-01 -3.324764188704265422e+01
-2.789573619267421423e-01 6.905576466141292308e-03 9.602994885354680932e-01 1.087255407204473698e+02 -2.243994260880004254e-02 9.996540528126768299e-01 -1.369878641729594011e-02 -2.174958447784454130e+00 -9.600620571851450347e-01 -2.538220342656097306e-02 -2.787058385299776009e-01 -3.349720425117302369e+01
-2.725922961020327828e-01 9.727985335393114080e-03 9.621311939164883809e-01 1.095974490501099012e+02 -2.489393717310596499e-02 9.995422949311527638e-01 -1.716157269752894080e-02 -2.206159471202002731e+00 -9.618581234660094070e-01 -2.864921021099717247e-02 -2.722251505587037212e-01 -3.372873302881453839e+01
-2.668451033252958737e-01 1.316586614924064938e-02 9.638219028908973085e-01 1.104669342730073396e+02 -2.503756178475152749e-02 9.994747102421690510e-01 -2.058744588223020491e-02 -2.234742171012413792e+00 -9.635866767731042781e-01 -2.960856577847862520e-02 -2.663754918121978288e-01 -3.396163342107061567e+01
-2.587718667673393758e-01 1.401992035906184965e-02 9.656764096303595002e-01 1.113540908938648641e+02 -2.434290734982012122e-02 9.994816091290299465e-01 -2.106039244482146161e-02 -2.264700634516799038e+00 -9.654713307969000624e-01 -2.896194776217880448e-02 -2.582958543840904730e-01 -3.418889337828862551e+01
-2.523153312397767856e-01 1.320711976040992407e-02 9.676104982985347380e-01 1.122338871510037990e+02 -2.549632278344898112e-02 9.994690894611043541e-01 -2.029560482794252538e-02 -2.297118582215635474e+00 -9.673647860084354511e-01 -2.977607218560872349e-02 -2.518447927767627492e-01 -3.439938008161239935e+01
-2.427816644333391227e-01 1.344494138084539360e-02 9.700696968057426206e-01 1.131177589929946521e+02 -2.119067367792815473e-02 9.995920048932724900e-01 -1.915735674236266825e-02 -2.329202654379560311e+00 -9.699314388994773051e-01 -2.519523739801977566e-02 -2.423979373532438031e-01 -3.462103890009993989e+01
-2.361991454185417283e-01 1.341856059519039128e-02 9.716698120632034641e-01 1.139914744098282711e+02 -1.765195280909953590e-02 9.996802747907397313e-01 -1.809711100781113968e-02 -2.366825799267858521e+00 -9.716022251340598048e-01 -2.143085343675756038e-02 -2.358866822362726823e-01 -3.482950523469657611e+01
-2.282151766447397256e-01 1.427656182964024724e-02 9.733779715535060273e-01 1.148937480014475625e+02 -1.709657989619093113e-02 9.996795731330552215e-01 -1.867068764903968836e-02 -2.405924614280021245e+00 -9.733325073171922304e-01 -2.089546825211294548e-02 -2.278980950232810110e-01 -3.504572521747272162e+01
-2.219880499526995232e-01 1.281668177351658749e-02 9.750124448904796681e-01 1.157827176358221948e+02 -2.296185318235481262e-02 9.995680862059039828e-01 -1.834897475778354478e-02 -2.442068192460893794e+00 -9.748264165252052971e-01 -2.645721224029696020e-02 -2.215981915895844090e-01 -3.522939222683356775e+01
-2.141544124377613156e-01 1.073591644080492541e-02 9.767403703978179141e-01 1.167005370103360065e+02 -2.691940857447111535e-02 9.994951013200829015e-01 -1.687986618242263634e-02 -2.473488679162623161e+00 -9.764284477239764115e-01 -2.990231817608109133e-02 -2.137575519661610024e-01 -3.541902220500710996e+01
-2.098851052555802121e-01 1.033173091169888036e-02 9.776470767777591941e-01 1.176089598681126489e+02 -2.511806840970236959e-02 9.995565990415031798e-01 -1.596784403756466159e-02 -2.513544385214733445e+00 -9.773787872940130628e-01 -2.792106261409826526e-02 -2.095320803099326723e-01 -3.560708905338284325e+01
-2.047638812838543099e-01 1.200094174570823236e-02 9.786519652932441637e-01 1.184979142596278336e+02 -2.237978655461628219e-02 9.996057686586207192e-01 -1.694152347217821319e-02 -2.539895834969740473e+00 -9.784696321546767495e-01 -2.538227688082110578e-02 -2.044144290884810367e-01 -3.579659241134879721e+01
-1.990593643704654525e-01 1.305534856396296448e-02 9.798432849727745086e-01 1.194085203338847663e+02 -2.178361381194570540e-02 9.996049030975076022e-01 -1.774999964436045977e-02 -2.577393623701357939e+00 -9.796879778376318404e-01 -2.488874639079384846e-02 -1.986960125601262006e-01 -3.598192763626408208e+01
-1.931120527520753249e-01 1.132292795771831957e-02 9.811697013651804467e-01 1.202943818895576698e+02 -1.550864101114105519e-02 9.997734188893701024e-01 -1.458479453928104505e-02 -2.604654798779280522e+00 -9.811124328259044347e-01 -1.802573658522694036e-02 -1.928928779685782358e-01 -3.616748881940041827e+01
-1.878596067456696495e-01 8.924867163938568840e-03 9.820927816094363605e-01 1.211819650071543464e+02 -8.794047544645135564e-03 9.999032797605462708e-01 -1.076724978817918468e-02 -2.637209007068840538e+00 -9.820940555673397521e-01 -1.065768582021668631e-02 -1.877630116703483953e-01 -3.635302371965309476e+01
-1.843110796656335371e-01 7.930529334350564993e-03 9.829179640128844486e-01 1.220677744657118637e+02 -7.090149152410916804e-03 9.999307270093342748e-01 -9.392042082794913038e-03 -2.665629623685132898e+00 -9.829245398816346402e-01 -8.697328424827547103e-03 -1.842420993643457683e-01 -3.651468235715856281e+01
-1.787007406941119314e-01 9.999741297277695007e-03 9.838850032719106409e-01 1.229525869227930173e+02 -8.284927475399161967e-03 9.998975654664016277e-01 -1.166176354755683181e-02 -2.685324454875030131e+00 -9.839011162122448528e-01 -1.023296247270554134e-02 -1.785995964836391281e-01 -3.666679400578325243e+01
-1.744186684061770354e-01 1.125495611525693246e-02 9.844856746071961595e-01 1.238428124629906648e+02 -9.735804489119320379e-03 9.998659293418100669e-01 -1.315921942883544089e-02 -2.706515780100135160e+00 -9.845020784470708275e-01 -1.187911087505189728e-02 -1.742855604484961907e-01 -3.681947870104225728e+01
-1.731499203433908285e-01 1.059438028778769171e-02 9.848141868514027619e-01 1.247293126308718172e+02 -1.159340812229621431e-02 9.998508517761153236e-01 -1.279441494990677178e-02 -2.731900307167819619e+00 -9.848031241186997464e-01 -1.363608275571211170e-02 -1.730012800722126320e-01 -3.696064616289257998e+01
-1.716626651821714089e-01 9.621211530030255102e-03 9.850526579027164553e-01 1.256172230112270825e+02 -1.275662409562850277e-02 9.998466986777666543e-01 -1.198682344579188666e-02 -2.759882458116383219e+00 -9.850172649997011032e-01 -1.462590019779650384e-02 -1.715136419359943043e-01 -3.711244653652290282e+01
-1.715679162792655144e-01 4.283243889402165577e-03 9.851279962364332121e-01 1.265111935373048055e+02 -1.147480259262223350e-02 9.999139085844087615e-01 -6.348768804821643651e-03 -2.788282155020159081e+00 -9.850706182951352030e-01 -1.238658728748590933e-02 -1.715039840720728181e-01 -3.725791220578465612e+01
-1.702270642893088104e-01 -6.870734820336693409e-04 9.854700417928272671e-01 1.273867959818967250e+02 -1.191461474679979260e-02 9.999279338287163643e-01 -1.362557917022421674e-03 -2.810013983358149670e+00 -9.853984175829464398e-01 -1.197677369796932255e-02 -1.702228905946290283e-01 -3.740844962904256477e+01
-1.686888435381078966e-01 -2.630824361580918341e-03 9.855553268975553172e-01 1.282668274626135769e+02 -1.093056444221512415e-02 9.999399102661160610e-01 7.848930912711555045e-04 -2.828738681074226768e+00 -9.854982234935003582e-01 -1.063919080204104618e-02 -1.687074271873358067e-01 -3.755184787557352166e+01
-1.680500743939667974e-01 1.993878530386823146e-03 9.858255956728148028e-01 1.291232602373723068e+02 -1.047196303447023476e-02 9.999379793649912918e-01 -3.802105920481775505e-03 -2.845973031770154815e+00 -9.857718936462013248e-01 -1.096516692736837148e-02 -1.680188071421593321e-01 -3.769700856502968378e+01
-1.665658477472506949e-01 6.725870110600538389e-03 9.859500673307713958e-01 1.299903593920805633e+02 -9.695726276428015891e-03 9.999171484333341242e-01 -8.473550129417826982e-03 -2.867253308347244900e+00 -9.859253194544997934e-01 -1.096583218859144802e-02 -1.664867863351921773e-01 -3.783796293571862890e+01
-1.681357940363059356e-01 5.567504752018236774e-03 9.858550978832343326e-01 1.308612386915202137e+02 -1.263965755640369081e-02 9.998897650126127301e-01 -7.791196721464720663e-03 -2.883378744407254501e+00 -9.857897415676081243e-01 -1.377272367451802190e-02 -1.680469828800695287e-01 -3.798036883660967789e+01
-1.681718957771717871e-01 4.327104550242286650e-03 9.858164925279909729e-01 1.317229043381529721e+02 -1.448096802166843992e-02 9.998717837955251042e-01 -6.851370238182045991e-03 -2.907443767979064120e+00 -9.857195713586298647e-01 -1.542507174546649783e-02 -1.680877756154371960e-01 -3.811468354062219532e+01
-1.659061434368611920e-01 5.316756753195778923e-03 9.860767239361097891e-01 1.325776960141571408e+02 -1.003854033687133496e-02 9.999245221885710855e-01 -7.089078417982442454e-03 -2.928063062612442646e+00 -9.860399388022359490e-01 -1.107101109193841214e-02 -1.658401780299690598e-01 -3.826072345531982677e+01
-1.652653254190064591e-01 7.126594169321922786e-03 9.861947151508415610e-01 1.334490091598956099e+02 -9.949177568395301333e-03 9.999109551318164923e-01 -8.889809272857431346e-03 -2.957725816826703547e+00 -9.861702542240243785e-01 -1.128643196322742098e-02 -1.651797302453417438e-01 -3.839813052688879225e+01
-1.655648695738437537e-01 8.549802741610256288e-03 9.861922985532085573e-01 1.343081155940591600e+02 -1.956132438467217752e-02 9.997376157469916036e-01 -1.193878100300712480e-02 -2.977070392214883565e+00 -9.860355043249462437e-01 -2.126059286963402628e-02 -1.653545256769701488e-01 -3.852928161129930373e+01
-1.649270358536794878e-01 1.070857053679321810e-02 9.862337547120392234e-01 1.351640631140746223e+02 -2.446698793911403214e-02 9.995890354469979533e-01 -1.494076557868105268e-02 -3.001654304183190902e+00 -9.859884026076064512e-01 -2.659301332913580410e-02 -1.645974459748873187e-01 -3.865115432090166081e+01
-1.665066765982728125e-01 1.320708203314194772e-02 9.859017046995014466e-01 1.360059511783981918e+02 -2.502528005537115255e-02 9.995315599592655698e-01 -1.760927485095580350e-02 -3.033578423709371030e+00 -9.856726634952746036e-01 -2.761072827550082459e-02 -1.660981715632784128e-01 -3.878879678381678531e+01
-1.657137295180246273e-01 1.353999289124824257e-02 9.860905354487158325e-01 1.368899210499155856e+02 -2.117522484008622224e-02 9.996260277214427115e-01 -1.728736564080688223e-02 -3.073078511812399327e+00 -9.859560848277885148e-01 -2.375982048140653363e-02 -1.653647871026489025e-01 -3.893032135006946959e+01
-1.643272994696810263e-01 1.630444768340108541e-02 9.861831327719199347e-01 1.376940780415533538e+02 -2.268449095411880986e-02 9.995358003805104863e-01 -2.032608934472135420e-02 -3.093124243208246416e+00 -9.860568926502791820e-01 -2.571499227132679685e-02 -1.638806715498674627e-01 -3.904591160316578424e+01
-1.612166005961340465e-01 1.493298152318960591e-02 9.867822810061924743e-01 1.385495738893326063e+02 -1.526157883199175981e-02 9.997280093750958718e-01 -1.762320769835256165e-02 -3.125292613241377193e+00 -9.867772510580786749e-01 -1.791121672323107289e-02 -1.609448208540044667e-01 -3.919521259850545647e+01
-1.581759941083770993e-01 1.158380103679863132e-02 9.872536825052889986e-01 1.393901852459114536e+02 -9.364257047079216356e-03 9.998684479687153237e-01 -1.323411629414832785e-02 -3.158620890413156079e+00 -9.872772434514420770e-01 -1.134383621596380190e-02 -1.580467286100939450e-01 -3.932597708647386980e+01
-1.558314935372365762e-01 5.880381936459933533e-03 9.877574251137833938e-01 1.402220078498680493e+02 -3.534507692203914080e-03 9.999725462279973609e-01 -6.511514149413141078e-03 -3.188579426622697444e+00 -9.877686318492261419e-01 -4.499764389476527265e-03 -1.558064684546155987e-01 -3.946963575813862235e+01
-1.522924659492029265e-01 6.786185059271615527e-03 9.882814192582987101e-01 1.410523848996837444e+02 7.960457938863451169e-04 9.999769164585523562e-01 -6.744414766850553335e-03 -3.199873160802522598e+00 -9.883044320997482757e-01 -2.378894831151791539e-04 -1.522943899653354527e-01 -3.959266267273045514e+01
-1.480263438509669405e-01 9.552624619745393036e-03 9.888917561923493693e-01 1.418766876360030835e+02 1.006194572074854742e-04 9.999534914242768080e-01 -9.646942291986022530e-03 -3.242966075771999357e+00 -9.889379127294152250e-01 -1.326907274577538223e-03 -1.480205071628864777e-01 -3.970871560688603807e+01
-1.417579569273323126e-01 1.423897125524553088e-02 9.898598004837754205e-01 1.427044723868538938e+02 2.759121282556564747e-03 9.998982961919816725e-01 -1.398912880648269137e-02 -3.251277226738168658e+00 -9.899583983498229101e-01 7.495283280669038945e-04 -1.417828101012886810e-01 -3.982303741938667230e+01
-1.324903636577083599e-01 1.660109899868568092e-02 9.910431548135830715e-01 1.435575549029318552e+02 7.037298267771732729e-03 9.998501151987838620e-01 -1.581461908532985280e-02 -3.274346371030538272e+00 -9.911573283320964656e-01 4.878664474742837494e-03 -1.325872928685519481e-01 -3.993297959726301372e+01
-1.220545724529330661e-01 1.279906606433982123e-02 9.923700437067454194e-01 1.443729664702589162e+02 5.648901284576748026e-03 9.999094488224334887e-01 -1.220556289951331246e-02 -3.297364631305613525e+00 -9.924366682241034798e-01 4.113843674158556944e-03 -1.221158878507854761e-01 -4.002877518340046237e+01
-1.094320897831119882e-01 1.017928701907474219e-02 9.939395698817458102e-01 1.451647435291682200e+02 1.176841703657840674e-02 9.998906300074336118e-01 -8.944659466130908815e-03 -3.333670293582107647e+00 -9.939221462067718837e-01 1.071672091635012501e-02 -1.095399420492727399e-01 -4.011003001064545970e+01
-9.546176516083741681e-02 1.005023670514731265e-02 9.953658021082166796e-01 1.460267278424728374e+02 1.639017416121200249e-02 9.998292109406490269e-01 -8.525187604184863641e-03 -3.372686073228574166e+00 -9.952817012364688631e-01 1.550247167923222806e-02 -9.561015553570902104e-02 -4.019609571121423386e+01
-8.178852174414893983e-02 1.105141869169533331e-02 9.966049774472712786e-01 1.468092209223282794e+02 1.694477653167125383e-02 9.998092522193211540e-01 -9.692854116097436232e-03 -3.396153462075127027e+00 -9.965222739581650613e-01 1.609645129135294644e-02 -8.196015433429153230e-02 -4.025635953510013110e+01
-6.720289528125905631e-02 1.108875548815039039e-02 9.976620349230559404e-01 1.476369483640473277e+02 1.975664076067619457e-02 9.997568571097361634e-01 -9.782898561977206031e-03 -3.422511062305894747e+00 -9.975282768000590661e-01 1.905373898176882311e-02 -6.740570063901624165e-02 -4.030289970139256894e+01
-5.491535837001852022e-02 1.343156042547000335e-02 9.984151012997889429e-01 1.484059642477020589e+02 2.310111047512170696e-02 9.996588228591744008e-01 -1.217709287229905811e-02 -3.438251544665273940e+00 -9.982383370346420426e-01 2.239725494929257349e-02 -5.520689745681862243e-02 -4.033912361009407732e+01
-4.072107127695493572e-02 1.868855924100057408e-02 9.990075060458258882e-01 1.492156625829929339e+02 1.876506063032549326e-02 9.996629246941500790e-01 -1.793110118970928091e-02 -3.469228923676581644e+00 -9.990061242658634377e-01 1.801855921863406568e-02 -4.105803258541936701e-02 -4.036185108432766810e+01
-2.730757976492686687e-02 2.850200871125331201e-02 9.992178562223329452e-01 1.499798800712466971e+02 8.005015022837722038e-03 9.995675121441510713e-01 -2.830177568000115038e-02 -3.499391645338192358e+00 -9.995923779995425917e-01 7.234109322110006055e-03 -2.752386331091156990e-02 -4.035907664873342782e+01
-1.347004761777954862e-02 3.614244917240141963e-02 9.992538416043442728e-01 1.507516156970448549e+02 3.419656412215666200e-03 9.993425646087564784e-01 -3.608671392863632005e-02 -3.538023907885254449e+00 -9.999012668094026113e-01 2.924253529251983740e-03 -1.358485932030005158e-02 -4.035366161753428571e+01
