0.0000 -0.0000 0.0000 0.0000 0.0000 -0.0000 -0.0000 1.0000
0.1039 -0.0939 -0.0107 0.0032 0.0001 0.0072 -0.0001 1.0000
0.2077 -0.0914 -0.0198 -0.0821 0.0001 0.0144 -0.0008 0.9999
0.3119 -0.1144 -0.0271 -0.1013 -0.0003 0.0256 -0.0011 0.9997
0.4159 -0.0243 -0.0239 0.0832 -0.0016 0.0424 -0.0011 0.9991
0.5200 0.0844 -0.0210 0.3980 -0.0025 0.0619 0.0001 0.9981
0.6241 0.1607 -0.0279 0.6211 -0.0028 0.0828 0.0015 0.9966
0.7282 0.2412 -0.0262 0.9075 -0.0033 0.1052 0.0015 0.9944
0.8325 0.3016 -0.0150 1.0332 -0.0049 0.1289 0.0013 0.9916
0.9366 0.4796 0.0069 1.3523 -0.0081 0.1535 0.0025 0.9881
1.0408 0.5839 -0.0200 1.5447 -0.0116 0.1782 0.0066 0.9839
1.1449 0.7577 -0.0219 1.7945 -0.0136 0.2053 0.0088 0.9786
1.2490 0.9558 -0.0266 2.0056 -0.0154 0.2328 0.0090 0.9724
1.3531 1.1520 0.0078 2.1973 -0.0177 0.2607 0.0091 0.9652
1.4571 1.3757 0.0033 2.4516 -0.0195 0.2895 0.0109 0.9569
1.5611 1.5829 0.0047 2.6753 -0.0206 0.3184 0.0130 0.9477
1.6651 1.8377 0.0178 2.8841 -0.0214 0.3467 0.0146 0.9376
1.7690 2.1589 0.0265 3.1266 -0.0213 0.3740 0.0160 0.9270
1.8729 2.4253 0.0355 3.2945 -0.0217 0.4002 0.0165 0.9160
1.9768 2.7846 0.0671 3.5512 -0.0231 0.4260 0.0155 0.9043
2.0805 3.1298 0.0863 3.7679 -0.0240 0.4500 0.0151 0.8926
2.1841 3.5311 0.1102 3.9986 -0.0246 0.4715 0.0149 0.8814
2.2879 3.9281 0.1152 4.1791 -0.0255 0.4914 0.0157 0.8704
2.3915 4.3239 0.1457 4.3881 -0.0260 0.5101 0.0149 0.8596
2.4951 4.7574 0.1695 4.5540 -0.0254 0.5275 0.0145 0.8491
2.5988 5.2955 0.1914 4.7641 -0.0236 0.5431 0.0147 0.8392
2.7023 5.7741 0.2139 4.9466 -0.0214 0.5567 0.0149 0.8303
2.8059 6.3179 0.2367 5.1274 -0.0198 0.5682 0.0147 0.8225
2.9094 6.9207 0.2579 5.2642 -0.0188 0.5766 0.0151 0.8167
3.0129 7.4922 0.2907 5.4927 -0.0183 0.5831 0.0156 0.8121
3.1165 8.1162 0.3101 5.6986 -0.0185 0.5882 0.0164 0.8083
3.2201 8.7320 0.3398 5.9048 -0.0196 0.5928 0.0167 0.8049
3.3237 9.3884 0.3767 6.1107 -0.0208 0.5971 0.0168 0.8017
3.4274 10.0746 0.4070 6.2913 -0.0216 0.6016 0.0173 0.7983
3.5310 10.8059 0.4350 6.4714 -0.0227 0.6054 0.0177 0.7954
3.6348 11.5328 0.4605 6.6412 -0.0234 0.6091 0.0182 0.7925
3.7384 12.3005 0.4994 6.8745 -0.0240 0.6143 0.0184 0.7885
3.8421 13.0748 0.5380 7.0737 -0.0255 0.6184 0.0189 0.7852
3.9458 13.8591 0.5815 7.2609 -0.0275 0.6225 0.0195 0.7819
4.0495 14.6270 0.6180 7.3721 -0.0288 0.6274 0.0210 0.7779
4.1532 15.4563 0.6642 7.5721 -0.0299 0.6325 0.0215 0.7737
4.2570 16.2691 0.7022 7.7403 -0.0302 0.6380 0.0216 0.7691
4.3608 17.0316 0.7400 7.8570 -0.0303 0.6435 0.0209 0.7646
4.4645 17.8210 0.7798 7.9621 -0.0301 0.6501 0.0202 0.7590
4.5684 18.5959 0.8229 8.0750 -0.0302 0.6579 0.0193 0.7523
4.6723 19.4314 0.8631 8.1608 -0.0309 0.6675 0.0175 0.7438
4.7761 20.2780 0.9077 8.2297 -0.0317 0.6789 0.0161 0.7334
4.8801 21.0874 0.9476 8.2512 -0.0322 0.6906 0.0153 0.7224
4.9841 21.9513 0.9843 8.2340 -0.0320 0.7031 0.0146 0.7103
5.0881 22.8340 1.0179 8.2035 -0.0315 0.7151 0.0142 0.6982
5.1920 23.6844 1.0568 8.1983 -0.0312 0.7266 0.0127 0.6862
5.2959 24.5153 1.0936 8.1372 -0.0302 0.7376 0.0112 0.6745
5.3998 25.3722 1.1188 7.9928 -0.0275 0.7486 0.0105 0.6624
5.5036 26.1552 1.1351 7.8516 -0.0240 0.7592 0.0104 0.6504
5.6074 26.9812 1.1606 7.6645 -0.0198 0.7687 0.0109 0.6392
5.7113 27.8068 1.1671 7.5058 -0.0158 0.7787 0.0110 0.6271
5.8150 28.6734 1.1956 7.2676 -0.0106 0.7876 0.0121 0.6160
5.9188 29.4339 1.1924 7.0485 -0.0054 0.7959 0.0107 0.6053
6.0224 30.1788 1.1917 6.7981 0.0005 0.8039 0.0064 0.5947
6.1261 30.9806 1.1594 6.4752 0.0058 0.8115 -0.0006 0.5844
6.2298 31.7481 1.1279 6.1649 0.0096 0.8188 -0.0074 0.5739
6.3335 32.5110 1.0954 5.9119 0.0142 0.8266 -0.0106 0.5625
6.4371 33.3501 1.0507 5.5978 0.0169 0.8339 -0.0110 0.5515
6.5409 34.0584 1.0005 5.2493 0.0169 0.8409 -0.0103 0.5408
6.6445 34.8335 0.9708 4.8345 0.0171 0.8465 -0.0071 0.5320
6.7483 35.5526 0.9473 4.4011 0.0186 0.8518 -0.0029 0.5235
6.8519 36.2605 0.8947 4.0842 0.0199 0.8564 -0.0015 0.5159
6.9555 36.9593 0.8392 3.7015 0.0215 0.8596 -0.0017 0.5105
7.0590 37.6938 0.7986 3.2940 0.0227 0.8624 -0.0025 0.5058
7.1628 38.4079 0.7396 2.8915 0.0206 0.8654 -0.0052 0.5007
7.2664 39.0935 0.7319 2.4665 0.0197 0.8685 -0.0056 0.4953
7.3701 39.7631 0.6879 2.0253 0.0206 0.8708 -0.0052 0.4912
7.4738 40.4208 0.6498 1.6101 0.0226 0.8731 -0.0046 0.4871
7.5774 41.1397 0.6115 1.2153 0.0237 0.8745 -0.0061 0.4845
7.6810 41.8615 0.5609 0.7264 0.0238 0.8741 -0.0071 0.4852
7.7847 42.5718 0.5246 0.3064 0.0248 0.8734 -0.0063 0.4863
7.8883 43.3725 0.4783 -0.1549 0.0241 0.8717 -0.0065 0.4894
7.9919 44.0967 0.4370 -0.5953 0.0232 0.8695 -0.0070 0.4933
8.0956 44.8739 0.3951 -1.0188 0.0226 0.8676 -0.0074 0.4967
8.1994 45.6657 0.3475 -1.4781 0.0213 0.8658 -0.0081 0.4999
8.3031 46.5249 0.3040 -1.9471 0.0197 0.8644 -0.0090 0.5023
8.4070 47.3474 0.2651 -2.4213 0.0173 0.8638 -0.0100 0.5034
8.5108 48.1841 0.2320 -2.8850 0.0160 0.8640 -0.0099 0.5032
8.6146 49.0140 0.1865 -3.3452 0.0151 0.8643 -0.0102 0.5027
8.7184 49.9095 0.1360 -3.8482 0.0150 0.8645 -0.0099 0.5023
8.8221 50.8007 0.0958 -4.3179 0.0148 0.8646 -0.0096 0.5021
8.9259 51.6650 0.0394 -4.8746 0.0145 0.8643 -0.0092 0.5027
9.0296 52.6104 -0.0190 -5.3648 0.0142 0.8647 -0.0092 0.5021
9.1335 53.5030 -0.0552 -5.8201 0.0134 0.8649 -0.0092 0.5018
9.2373 54.4092 -0.1113 -6.3380 0.0131 0.8647 -0.0091 0.5020
9.3410 55.2810 -0.1624 -6.8308 0.0124 0.8648 -0.0093 0.5019
9.4448 56.1962 -0.2107 -7.3211 0.0120 0.8644 -0.0088 0.5026
9.5485 57.1059 -0.2637 -7.8868 0.0115 0.8635 -0.0076 0.5041
9.6522 57.9985 -0.3089 -8.3806 0.0113 0.8628 -0.0066 0.5054
9.7559 58.8740 -0.3664 -8.8851 0.0109 0.8621 -0.0065 0.5067
9.8596 59.7996 -0.4118 -9.3874 0.0113 0.8614 -0.0064 0.5077
9.9635 60.7131 -0.4553 -9.8669 0.0114 0.8612 -0.0065 0.5081
10.0673 61.5898 -0.4975 -10.3475 0.0115 0.8612 -0.0075 0.5081
10.1711 62.4593 -0.5432 -10.7876 0.0119 0.8624 -0.0089 0.5061
10.2750 63.3882 -0.5951 -11.2987 0.0116 0.8635 -0.0098 0.5041
10.3789 64.2587 -0.6311 -11.8040 0.0111 0.8650 -0.0092 0.5015
10.4828 65.1316 -0.6987 -12.3321 0.0113 0.8664 -0.0068 0.4992
10.5865 66.0032 -0.7352 -12.8167 0.0100 0.8682 -0.0070 0.4960
10.6904 66.8092 -0.7856 -13.2937 0.0108 0.8696 -0.0077 0.4937
10.7941 67.6087 -0.8227 -13.7937 0.0116 0.8711 -0.0086 0.4909
10.8980 68.4995 -0.8714 -14.3391 0.0113 0.8723 -0.0095 0.4888
11.0017 69.3049 -0.9180 -14.8151 0.0111 0.8736 -0.0102 0.4865
11.1054 70.1371 -0.9808 -15.3648 0.0105 0.8744 -0.0098 0.4851
11.2091 70.9816 -1.0296 -15.8608 0.0091 0.8753 -0.0058 0.4835
11.3129 71.8445 -1.0407 -16.3764 0.0078 0.8758 -0.0011 0.4825
11.4166 72.6640 -1.0667 -16.9207 0.0071 0.8764 0.0005 0.4816
11.5204 73.5060 -1.1212 -17.4125 0.0080 0.8766 -0.0022 0.4811
11.6240 74.2322 -1.1667 -17.9119 0.0093 0.8770 -0.0047 0.4804
11.7278 75.0726 -1.1988 -18.4647 0.0126 0.8773 -0.0042 0.4798
11.8315 75.7769 -1.2289 -18.9512 0.0140 0.8772 -0.0029 0.4799
11.9353 76.6005 -1.2698 -19.4206 0.0131 0.8771 -0.0015 0.4801
12.0389 77.4299 -1.2825 -19.9815 0.0111 0.8768 0.0003 0.4806
12.1426 78.2514 -1.3162 -20.4999 0.0090 0.8766 0.0025 0.4812
12.2464 79.0480 -1.3436 -21.0076 0.0045 0.8766 0.0012 0.4812
12.3501 79.8127 -1.3723 -21.4540 0.0007 0.8764 -0.0005 0.4817
12.4539 80.6584 -1.3868 -21.9351 0.0018 0.8757 0.0009 0.4829
12.5576 81.4597 -1.4088 -22.4543 0.0047 0.8746 0.0019 0.4848
12.6614 82.2769 -1.4350 -22.9479 0.0050 0.8732 0.0007 0.4873
12.7651 83.0832 -1.4556 -23.4263 0.0070 0.8708 0.0023 0.4915
12.8688 83.8723 -1.4871 -23.9132 0.0104 0.8684 0.0049 0.4956
12.9724 84.6289 -1.4988 -24.3539 0.0100 0.8657 0.0045 0.5005
13.0762 85.5105 -1.5288 -24.8310 0.0082 0.8624 0.0037 0.5062
13.1799 86.3325 -1.5558 -25.2542 0.0075 0.8591 0.0057 0.5118
13.2837 87.0735 -1.5612 -25.6751 0.0071 0.8557 0.0063 0.5173
13.3874 87.9432 -1.5778 -26.0892 0.0066 0.8523 0.0064 0.5230
13.4911 88.7894 -1.5901 -26.5063 0.0085 0.8486 0.0073 0.5289
13.5949 89.6029 -1.6349 -26.8855 0.0088 0.8452 0.0054 0.5344
13.6988 90.4497 -1.6318 -27.2815 0.0122 0.8417 0.0020 0.5397
13.8025 91.3065 -1.6593 -27.6390 0.0143 0.8379 0.0002 0.5457
13.9063 92.1707 -1.6832 -28.0171 0.0130 0.8342 0.0005 0.5513
14.0100 93.0022 -1.7447 -28.3425 0.0108 0.8308 0.0023 0.5565
14.1138 93.8401 -1.7552 -28.6478 0.0107 0.8277 0.0009 0.5611
14.2176 94.7162 -1.7821 -28.9701 0.0111 0.8256 -0.0029 0.5642
14.3215 95.5762 -1.8064 -29.2947 0.0107 0.8240 -0.0080 0.5665
14.4254 96.4001 -1.8583 -29.6188 0.0105 0.8229 -0.0104 0.5681
14.5293 97.2472 -1.8910 -29.9061 0.0107 0.8218 -0.0104 0.5696
14.6331 98.1113 -1.9520 -30.2238 0.0102 0.8204 -0.0107 0.5715
14.7369 98.9322 -1.9934 -30.5160 0.0077 0.8188 -0.0102 0.5739
14.8408 99.7732 -2.0257 -30.8151 0.0075 0.8170 -0.0078 0.5765
14.9445 100.6161 -2.0696 -31.0944 0.0059 0.8153 -0.0075 0.5789
15.0483 101.4722 -2.0986 -31.3639 0.0047 0.8137 -0.0084 0.5812
15.1520 102.3582 -2.1364 -31.6584 0.0001 0.8116 -0.0139 0.5841
15.2558 103.2467 -2.1900 -31.9220 0.0019 0.8095 -0.0143 0.5869
15.3595 104.0699 -2.2345 -32.1512 0.0039 0.8073 -0.0147 0.5900
15.4633 104.8919 -2.2671 -32.4206 0.0031 0.8052 -0.0147 0.5927
15.5671 105.7324 -2.2943 -32.6874 0.0019 0.8032 -0.0123 0.5956
15.6709 106.6340 -2.3300 -32.9113 0.0015 0.8009 -0.0111 0.5986
15.7746 107.4911 -2.3588 -33.1538 0.0020 0.7988 -0.0128 0.6014
15.8784 108.3997 -2.4026 -33.4072 0.0027 0.7968 -0.0142 0.6040
15.9822 109.2568 -2.4442 -33.6322 0.0021 0.7945 -0.0152 0.6070
16.0861 110.1523 -2.4910 -33.8657 0.0021 0.7925 -0.0149 0.6097
16.1898 111.0424 -2.5246 -34.0830 0.0029 0.7900 -0.0133 0.6130
16.2935 111.8682 -2.5616 -34.2894 0.0046 0.7876 -0.0121 0.6161
16.3973 112.6596 -2.6076 -34.4653 0.0044 0.7855 -0.0121 0.6187
16.5010 113.5327 -2.6345 -34.6604 0.0026 0.7833 -0.0140 0.6215
16.6048 114.4247 -2.6680 -34.8296 0.0009 0.7815 -0.0149 0.6238
16.7086 115.3521 -2.6953 -35.0607 0.0031 0.7799 -0.0127 0.6258
16.8124 116.1750 -2.7355 -35.2105 0.0032 0.7785 -0.0123 0.6275
16.9162 117.0572 -2.7733 -35.4108 0.0032 0.7771 -0.0131 0.6293
17.0200 117.9092 -2.8233 -35.5932 0.0044 0.7753 -0.0111 0.6315
17.1238 118.7639 -2.8718 -35.7676 0.0061 0.7737 -0.0079 0.6335
17.2275 119.7074 -2.9096 -35.9507 0.0066 0.7720 -0.0064 0.6356
17.3314 120.5060 -2.9337 -36.0697 0.0072 0.7706 -0.0069 0.6372
17.4351 121.3843 -2.9628 -36.2462 0.0067 0.7695 -0.0085 0.6385
17.5390 122.2162 -2.9953 -36.3886 0.0069 0.7691 -0.0084 0.6391
17.6429 123.1216 -3.0255 -36.5437 0.0058 0.7685 -0.0085 0.6398
17.7466 123.9931 -3.0578 -36.6797 0.0048 0.7682 -0.0068 0.6402
17.8505 124.8974 -3.0983 -36.8518 0.0034 0.7677 -0.0043 0.6408
17.9543 125.7485 -3.1198 -36.9968 0.0029 0.7674 -0.0031 0.6411
18.0581 126.6281 -3.1501 -37.1157 0.0045 0.7672 -0.0051 0.6413
18.1619 127.4701 -3.1855 -37.2978 0.0047 0.7672 -0.0071 0.6414
18.2658 128.3213 -3.2052 -37.4330 0.0053 0.7670 -0.0066 0.6416
18.3696 129.1938 -3.2439 -37.6009 0.0039 0.7669 -0.0077 0.6417
18.4734 130.0238 -3.2897 -37.7471 0.0065 0.7669 -0.0045 0.6417
18.5772 130.9558 -3.3216 -37.9054 0.0052 0.7665 -0.0078 0.6422
18.6810 131.8400 -3.3357 -38.0290 0.0037 0.7663 -0.0112 0.6424
18.7849 132.6854 -3.3768 -38.1727 0.0023 0.7662 -0.0134 0.6425
18.8885 133.4842 -3.4214 -38.2939 0.0046 0.7659 -0.0139 0.6428
18.9924 134.3390 -3.4735 -38.4302 0.0052 0.7659 -0.0138 0.6428
19.0960 135.1204 -3.5170 -38.5628 0.0055 0.7653 -0.0141 0.6435
19.1999 135.9739 -3.5452 -38.7176 0.0074 0.7647 -0.0115 0.6442
19.3035 136.8338 -3.5873 -38.8655 0.0080 0.7636 -0.0085 0.6456
19.4074 137.6207 -3.6294 -39.0183 0.0069 0.7629 -0.0050 0.6465
19.5112 138.4486 -3.6672 -39.1310 0.0070 0.7617 -0.0046 0.6479
19.6148 139.0455 -3.7074 -39.2688 0.0087 0.7605 -0.0063 0.6493
19.7184 139.8562 -3.7284 -39.3628 0.0089 0.7585 -0.0082 0.6516
19.8221 140.6900 -3.7709 -39.5272 0.0071 0.7556 -0.0104 0.6549
19.9257 141.5650 -3.7891 -39.6192 0.0102 0.7524 -0.0048 0.6587
20.0294 142.3953 -3.8175 -39.6955 0.0127 0.7481 -0.0007 0.6634
20.1329 143.1690 -3.8757 -39.8026 0.0115 0.7439 -0.0034 0.6682
20.2366 143.8343 -3.8952 -39.8576 0.0118 0.7392 -0.0038 0.6733
20.3404 144.6047 -3.9297 -39.9114 0.0133 0.7346 -0.0021 0.6783
20.4440 145.3691 -3.9637 -39.9346 0.0140 0.7300 -0.0025 0.6833
20.5478 146.2745 -4.0173 -39.9793 0.0163 0.7249 -0.0046 0.6887
20.6515 147.1340 -4.0475 -39.9948 0.0162 0.7202 -0.0108 0.6934
20.7553 147.7925 -4.0864 -39.9630 0.0173 0.7158 -0.0166 0.6979
20.8591 148.5995 -4.1147 -39.9990 0.0182 0.7108 -0.0162 0.7030
20.9629 149.2838 -4.1764 -39.9781 0.0164 0.7069 -0.0151 0.7070
21.0668 150.0600 -4.2231 -39.9217 0.0156 0.7030 -0.0143 0.7109
21.1706 150.8821 -4.2747 -39.9118 0.0180 0.6993 -0.0163 0.7144
21.2745 151.6813 -4.3349 -39.8877 0.0169 0.6968 -0.0232 0.7166
21.3785 152.4198 -4.3948 -39.8191 0.0166 0.6957 -0.0261 0.7177
21.4825 153.1289 -4.4413 -39.8099 0.0137 0.6960 -0.0260 0.7174
21.5864 153.8263 -4.4979 -39.7970 0.0143 0.6965 -0.0214 0.7171
21.6904 154.5662 -4.5367 -39.7614 0.0134 0.6976 -0.0207 0.7161
21.7943 155.3674 -4.5849 -39.7307 0.0143 0.6987 -0.0200 0.7150
21.8983 156.2203 -4.6322 -39.7218 0.0145 0.6998 -0.0200 0.7139
22.0022 156.8900 -4.6964 -39.7164 0.0136 0.7016 -0.0195 0.7122
22.1061 157.6190 -4.7365 -39.7127 0.0132 0.7035 -0.0203 0.7103
22.2101 158.3576 -4.7957 -39.7109 0.0115 0.7056 -0.0210 0.7082
22.3139 159.1018 -4.8571 -39.6580 0.0112 0.7082 -0.0188 0.7057
22.4178 159.8552 -4.8845 -39.6861 0.0109 0.7097 -0.0193 0.7042
22.5215 160.6043 -4.9300 -39.6673 0.0116 0.7116 -0.0194 0.7022
22.6254 161.3267 -4.9762 -39.7313 0.0123 0.7131 -0.0200 0.7006
22.7292 161.9910 -5.0189 -39.7122 0.0123 0.7141 -0.0222 0.6996
22.8329 162.6554 -5.0663 -39.7254 0.0143 0.7148 -0.0209 0.6989
22.9365 163.4706 -5.1181 -39.7303 0.0152 0.7144 -0.0187 0.6994
23.0401 164.1734 -5.1646 -39.7411 0.0150 0.7130 -0.0165 0.7008
23.1438 164.8425 -5.2319 -39.7606 0.0144 0.7105 -0.0169 0.7033
23.2474 165.5661 -5.2730 -39.7625 0.0145 0.7067 -0.0175 0.7072
23.3510 166.2579 -5.3030 -39.7314 0.0165 0.7015 -0.0156 0.7123
23.4547 166.9472 -5.3356 -39.6944 0.0162 0.6962 -0.0143 0.7175
23.5583 167.6808 -5.4076 -39.6917 0.0125 0.6900 -0.0148 0.7235
23.6620 168.3434 -5.4356 -39.6288 0.0097 0.6844 -0.0128 0.7290
23.7657 169.0033 -5.4603 -39.5372 0.0060 0.6784 -0.0122 0.7346
23.8694 169.6461 -5.4929 -39.4667 0.0029 0.6718 -0.0097 0.7407
23.9730 170.3524 -5.5223 -39.3761 0.0001 0.6656 -0.0083 0.7462
24.0768 171.0271 -5.5532 -39.2653 0.0005 0.6585 -0.0058 0.7525
24.1805 171.6846 -5.5625 -39.1351 0.0001 0.6519 -0.0056 0.7583
24.2842 172.3147 -5.5711 -39.0237 -0.0007 0.6453 -0.0060 0.7639
24.3879 172.9396 -5.5817 -38.8878 -0.0029 0.6389 -0.0075 0.7693
24.4916 173.5632 -5.6183 -38.7483 -0.0055 0.6333 -0.0072 0.7739
24.5954 174.2035 -5.6281 -38.6028 -0.0055 0.6285 -0.0044 0.7778
24.6993 174.8433 -5.6574 -38.4546 -0.0051 0.6239 -0.0030 0.7815
24.8031 175.3839 -5.6616 -38.3096 -0.0039 0.6199 -0.0034 0.7847
24.9068 175.9439 -5.7066 -38.1510 -0.0053 0.6164 -0.0098 0.7874
25.0105 176.5539 -5.7082 -38.0084 0.0005 0.6124 -0.0108 0.7904
25.1143 177.1819 -5.7032 -37.8348 0.0048 0.6090 -0.0116 0.7930
25.2180 177.7814 -5.7117 -37.6667 0.0042 0.6066 -0.0115 0.7949
25.3218 178.3677 -5.7439 -37.4719 0.0007 0.6042 -0.0095 0.7967
25.4255 179.0148 -5.7616 -37.2656 -0.0055 0.6022 -0.0072 0.7983
25.5294 179.6333 -5.7852 -37.0816 -0.0101 0.6015 -0.0058 0.7988
25.6332 180.2567 -5.8162 -36.9124 -0.0087 0.6012 -0.0039 0.7991
25.7370 180.8268 -5.7996 -36.7435 -0.0069 0.6004 -0.0039 0.7996
25.8408 181.4595 -5.8122 -36.5565 -0.0059 0.5998 -0.0027 0.8001
25.9445 182.0391 -5.7871 -36.3840 -0.0068 0.5992 -0.0028 0.8006
26.0481 182.6407 -5.8206 -36.1634 -0.0084 0.5980 -0.0013 0.8014
26.1519 183.2966 -5.8240 -35.9953 -0.0106 0.5968 0.0003 0.8024
26.2555 183.9579 -5.8369 -35.7947 -0.0114 0.5948 0.0014 0.8038
26.3591 184.5571 -5.8150 -35.6052 -0.0115 0.5924 0.0025 0.8056
26.4628 185.1626 -5.8227 -35.4044 -0.0125 0.5888 0.0038 0.8082
26.5666 185.7926 -5.8204 -35.1840 -0.0127 0.5849 0.0049 0.8110
26.6703 186.3997 -5.8172 -34.9666 -0.0124 0.5801 0.0042 0.8145
26.7739 187.0145 -5.8218 -34.7314 -0.0112 0.5752 0.0026 0.8179
26.8777 187.6264 -5.8132 -34.4898 -0.0104 0.5702 0.0012 0.8215
26.9813 188.2325 -5.7863 -34.2471 -0.0101 0.5648 0.0012 0.8251
27.0850 188.8600 -5.8050 -33.9794 -0.0109 0.5600 0.0025 0.8284
27.1888 189.4809 -5.7974 -33.6842 -0.0117 0.5552 0.0029 0.8317
27.2925 190.0879 -5.7927 -33.4286 -0.0133 0.5498 0.0021 0.8352
27.3963 190.6987 -5.7813 -33.1230 -0.0149 0.5456 0.0017 0.8379
27.5000 191.3438 -5.7886 -32.8190 -0.0161 0.5423 0.0004 0.8400
27.6039 191.9936 -5.7591 -32.5179 -0.0172 0.5403 0.0010 0.8413
27.7078 192.6503 -5.7658 -32.2168 -0.0179 0.5395 0.0035 0.8418
27.8117 193.3145 -5.7487 -31.9359 -0.0159 0.5393 0.0038 0.8420
27.9155 193.9519 -5.7504 -31.6079 -0.0153 0.5396 0.0043 0.8418
28.0194 194.6147 -5.7314 -31.3191 -0.0129 0.5401 0.0051 0.8415
28.1233 195.2504 -5.7158 -31.0209 -0.0128 0.5397 0.0059 0.8417
28.2272 195.9287 -5.7024 -30.6775 -0.0135 0.5404 0.0090 0.8413
28.3309 196.6437 -5.6988 -30.3839 -0.0145 0.5407 0.0102 0.8410
28.4348 197.3203 -5.6783 -30.0693 -0.0152 0.5414 0.0111 0.8406
28.5387 198.0128 -5.6739 -29.7564 -0.0156 0.5422 0.0114 0.8400
28.6424 198.6830 -5.6566 -29.4492 -0.0161 0.5430 0.0112 0.8395
28.7462 199.3781 -5.6433 -29.1336 -0.0163 0.5438 0.0103 0.8390
28.8499 200.0685 -5.6382 -28.8243 -0.0145 0.5444 0.0099 0.8387
28.9538 200.7404 -5.6315 -28.5253 -0.0122 0.5445 0.0073 0.8386
29.0575 201.3979 -5.6156 -28.2377 -0.0117 0.5451 0.0060 0.8383
29.1613 202.1055 -5.6091 -27.9227 -0.0131 0.5458 0.0066 0.8378
29.2649 202.7842 -5.6095 -27.5975 -0.0154 0.5462 0.0076 0.8375
29.3686 203.4504 -5.6032 -27.2921 -0.0168 0.5475 0.0062 0.8366
29.4725 204.1478 -5.5947 -26.9879 -0.0179 0.5493 0.0052 0.8354
29.5763 204.8515 -5.5820 -26.7046 -0.0186 0.5526 0.0050 0.8332
29.6802 205.5223 -5.5570 -26.4352 -0.0184 0.5563 0.0053 0.8307
29.7839 206.2429 -5.5559 -26.1551 -0.0167 0.5609 0.0063 0.8277
29.8878 206.9001 -5.5548 -25.8728 -0.0157 0.5656 0.0046 0.8245
29.9917 207.5720 -5.5311 -25.6209 -0.0163 0.5705 0.0043 0.8211
30.0955 208.2819 -5.5027 -25.3851 -0.0176 0.5754 0.0076 0.8176
30.1993 209.0013 -5.5100 -25.1774 -0.0198 0.5788 0.0111 0.8151
30.3030 209.6934 -5.4970 -24.9239 -0.0220 0.5817 0.0127 0.8130
30.4068 210.4466 -5.4723 -24.6771 -0.0243 0.5839 0.0116 0.8114
30.5104 211.1470 -5.4443 -24.4154 -0.0250 0.5849 0.0122 0.8107
30.6140 211.8539 -5.4128 -24.1879 -0.0247 0.5856 0.0132 0.8101
30.7178 212.5737 -5.4041 -23.9551 -0.0249 0.5862 0.0124 0.8097
30.8214 213.2507 -5.3631 -23.7136 -0.0248 0.5863 0.0114 0.8096
30.9252 213.9584 -5.3433 -23.4809 -0.0253 0.5862 0.0112 0.8097
31.0288 214.6579 -5.3177 -23.2482 -0.0256 0.5859 0.0115 0.8099
31.1325 215.3655 -5.2883 -22.9977 -0.0263 0.5850 0.0121 0.8105
31.2363 216.1795 -5.2621 -22.7532 -0.0251 0.5841 0.0140 0.8112
31.3401 216.9006 -5.2305 -22.4930 -0.0254 0.5828 0.0146 0.8121
31.4437 217.6397 -5.2075 -22.2483 -0.0273 0.5809 0.0139 0.8134
31.5474 218.2988 -5.1578 -22.0076 -0.0292 0.5790 0.0152 0.8147
31.6510 219.0685 -5.1222 -21.7071 -0.0309 0.5766 0.0166 0.8163
31.7548 219.8387 -5.1044 -21.4305 -0.0322 0.5746 0.0156 0.8177
31.8585 220.5697 -5.0607 -21.1483 -0.0317 0.5730 0.0141 0.8188
31.9623 221.2589 -5.0371 -20.8651 -0.0321 0.5711 0.0100 0.8202
32.0660 222.0128 -5.0018 -20.6005 -0.0326 0.5691 0.0072 0.8216
32.1696 222.7675 -4.9644 -20.2849 -0.0332 0.5670 0.0070 0.8230
32.2734 223.5109 -4.9165 -19.9874 -0.0323 0.5655 0.0072 0.8241
32.3772 224.2150 -4.9117 -19.7034 -0.0321 0.5637 0.0052 0.8253
32.4809 224.9540 -4.8677 -19.3815 -0.0317 0.5616 0.0051 0.8268
32.5845 225.7057 -4.8259 -19.0908 -0.0319 0.5598 0.0062 0.8280
32.6883 226.4197 -4.7933 -18.7904 -0.0305 0.5579 0.0077 0.8293
32.7919 227.1293 -4.7713 -18.4986 -0.0297 0.5560 0.0080 0.8306
32.8957 227.8819 -4.7541 -18.1855 -0.0295 0.5541 0.0069 0.8319
32.9994 228.6028 -4.7073 -17.8413 -0.0312 0.5518 0.0062 0.8334
33.1032 229.3287 -4.6740 -17.5196 -0.0324 0.5497 0.0054 0.8347
33.2068 230.0740 -4.6454 -17.2028 -0.0307 0.5478 0.0053 0.8360
33.3105 230.7972 -4.6403 -16.8686 -0.0280 0.5462 0.0030 0.8372
33.4143 231.4727 -4.6250 -16.5771 -0.0274 0.5448 -0.0004 0.8381
33.5182 232.2607 -4.5686 -16.1875 -0.0306 0.5432 -0.0024 0.8391
33.6218 233.0217 -4.5433 -15.8513 -0.0350 0.5421 0.0004 0.8396
33.7255 233.7018 -4.5120 -15.5612 -0.0378 0.5416 0.0073 0.8398
33.8293 234.4073 -4.4680 -15.2253 -0.0417 0.5406 0.0105 0.8402
33.9331 235.1291 -4.4317 -14.8961 -0.0429 0.5399 0.0110 0.8406
34.0367 235.8516 -4.4083 -14.5592 -0.0428 0.5383 0.0073 0.8416
34.1404 236.5530 -4.3554 -14.2094 -0.0392 0.5367 0.0061 0.8428
34.2440 237.3123 -4.3216 -13.8858 -0.0378 0.5343 0.0039 0.8444
34.3478 238.0253 -4.2815 -13.4972 -0.0364 0.5324 0.0039 0.8457
34.4515 238.7434 -4.2441 -13.1678 -0.0356 0.5309 0.0027 0.8467
34.5552 239.4454 -4.2033 -12.8352 -0.0353 0.5290 0.0039 0.8479
34.6589 240.1351 -4.1743 -12.4572 -0.0370 0.5273 0.0062 0.8488
34.7625 240.8405 -4.1283 -12.0701 -0.0390 0.5261 0.0085 0.8495
34.8663 241.5178 -4.0887 -11.7484 -0.0403 0.5250 0.0117 0.8501
34.9700 242.2953 -4.0329 -11.3706 -0.0423 0.5237 0.0130 0.8507
35.0739 243.0814 -3.9620 -10.9845 -0.0435 0.5231 0.0174 0.8510
35.1776 243.7799 -3.9164 -10.6112 -0.0446 0.5222 0.0171 0.8515
35.2813 244.4882 -3.8650 -10.2591 -0.0432 0.5215 0.0117 0.8521
35.3850 245.1924 -3.8271 -9.8685 -0.0384 0.5210 0.0069 0.8527
35.4887 245.8939 -3.7765 -9.4789 -0.0343 0.5208 0.0039 0.8530
35.5924 246.6589 -3.7457 -9.1083 -0.0354 0.5211 0.0041 0.8528
35.6962 247.3948 -3.6894 -8.6894 -0.0381 0.5208 0.0062 0.8528
35.7998 248.1258 -3.6585 -8.3272 -0.0385 0.5201 0.0071 0.8532
35.9035 248.8350 -3.6093 -7.9581 -0.0374 0.5198 0.0075 0.8535
36.0072 249.5694 -3.5627 -7.5819 -0.0364 0.5191 0.0090 0.8539
36.1109 250.3247 -3.5149 -7.1938 -0.0384 0.5184 0.0104 0.8542
36.2145 251.0219 -3.4814 -6.7780 -0.0400 0.5177 0.0111 0.8546
36.3183 251.7167 -3.4251 -6.4290 -0.0402 0.5171 0.0105 0.8549
36.4220 252.4251 -3.4020 -6.0438 -0.0385 0.5170 0.0093 0.8551
36.5258 253.1465 -3.3565 -5.6615 -0.0377 0.5161 0.0085 0.8557
36.6295 253.8686 -3.3188 -5.2814 -0.0378 0.5153 0.0104 0.8561
36.7333 254.6077 -3.2654 -4.8802 -0.0386 0.5136 0.0121 0.8571
36.8370 255.3299 -3.2033 -4.4782 -0.0388 0.5118 0.0133 0.8581
36.9408 256.0529 -3.1692 -4.0810 -0.0388 0.5099 0.0130 0.8593
37.0445 256.6982 -3.1227 -3.6851 -0.0383 0.5082 0.0123 0.8603
37.1483 257.4739 -3.0826 -3.2779 -0.0386 0.5057 0.0093 0.8618
37.2520 258.2220 -3.0186 -2.8324 -0.0359 0.5032 0.0092 0.8634
37.3557 258.9113 -2.9916 -2.4121 -0.0340 0.4997 0.0100 0.8655
37.4594 259.6074 -2.9452 -1.9948 -0.0328 0.4956 0.0115 0.8678
37.5630 260.2859 -2.9124 -1.5632 -0.0314 0.4906 0.0142 0.8707
37.6667 261.0230 -2.8774 -1.1212 -0.0311 0.4839 0.0142 0.8745
37.7703 261.7419 -2.8400 -0.6422 -0.0321 0.4772 0.0143 0.8781
37.8740 262.3730 -2.7908 -0.1714 -0.0336 0.4704 0.0166 0.8817
37.9778 263.0481 -2.7524 0.2891 -0.0354 0.4636 0.0177 0.8851
38.0815 263.7298 -2.7083 0.8022 -0.0369 0.4579 0.0158 0.8881
38.1853 264.3930 -2.6629 1.3045 -0.0372 0.4531 0.0127 0.8906
38.2892 265.0496 -2.6075 1.7896 -0.0368 0.4499 0.0100 0.8923
38.3932 265.6720 -2.5629 2.2700 -0.0374 0.4488 0.0086 0.8928
38.4972 266.2642 -2.5299 2.7297 -0.0382 0.4503 0.0046 0.8920
38.6012 266.9725 -2.4936 3.2462 -0.0387 0.4540 -0.0005 0.8902
38.7052 267.6166 -2.4484 3.7195 -0.0372 0.4591 -0.0029 0.8876
38.8093 268.2695 -2.4140 4.1651 -0.0356 0.4650 -0.0020 0.8846
38.9133 268.9418 -2.3904 4.6119 -0.0356 0.4704 0.0008 0.8817
39.0172 269.6533 -2.3518 5.0874 -0.0369 0.4753 -0.0006 0.8790
39.1212 270.3715 -2.3166 5.5404 -0.0371 0.4803 -0.0003 0.8763
39.2250 271.0769 -2.2946 5.9548 -0.0355 0.4849 0.0007 0.8739
39.3289 271.7497 -2.2420 6.3930 -0.0338 0.4892 0.0013 0.8715
39.4327 272.4335 -2.2164 6.8078 -0.0336 0.4931 0.0002 0.8693
39.5364 273.1305 -2.1860 7.2329 -0.0350 0.4966 -0.0002 0.8673
39.6402 273.8571 -2.1573 7.6377 -0.0378 0.4988 -0.0007 0.8659
39.7438 274.6058 -2.1032 8.0787 -0.0412 0.5012 -0.0003 0.8644
39.8476 275.3094 -2.0614 8.4872 -0.0428 0.5031 0.0003 0.8632
39.9513 275.9873 -2.0186 8.8861 -0.0425 0.5050 0.0000 0.8621
40.0550 276.7152 -1.9679 9.3244 -0.0400 0.5059 -0.0033 0.8616
40.1587 277.4321 -1.9557 9.7342 -0.0359 0.5073 -0.0080 0.8610
40.2624 278.1824 -1.9470 10.1604 -0.0335 0.5076 -0.0107 0.8609
40.3662 278.9420 -1.9115 10.5704 -0.0339 0.5082 -0.0120 0.8605
40.4699 279.6790 -1.8599 10.9970 -0.0352 0.5085 -0.0111 0.8603
40.5735 280.4396 -1.8432 11.4137 -0.0360 0.5086 -0.0094 0.8602
40.6773 281.1843 -1.8164 11.8303 -0.0359 0.5084 -0.0077 0.8604
40.7810 281.9639 -1.7747 12.2463 -0.0368 0.5076 -0.0066 0.8608
40.8848 282.6714 -1.7534 12.6667 -0.0368 0.5061 -0.0054 0.8617
40.9884 283.3825 -1.7221 13.0790 -0.0370 0.5043 -0.0056 0.8627
41.0922 284.1596 -1.6981 13.5049 -0.0374 0.5023 -0.0061 0.8639
41.1958 284.8878 -1.6433 13.9508 -0.0376 0.5005 -0.0069 0.8649
41.2994 285.5951 -1.6085 14.4017 -0.0366 0.4985 -0.0069 0.8661
41.4032 286.3577 -1.5938 14.8535 -0.0350 0.4965 -0.0070 0.8673
41.5068 287.1240 -1.5638 15.2836 -0.0329 0.4938 -0.0078 0.8689
41.6105 287.8896 -1.5404 15.7430 -0.0319 0.4903 -0.0080 0.8710
41.7142 288.6275 -1.5327 16.2286 -0.0330 0.4865 -0.0087 0.8730
41.8179 289.3961 -1.4781 16.7148 -0.0355 0.4831 -0.0071 0.8748
41.9215 290.1450 -1.4360 17.2029 -0.0389 0.4796 -0.0061 0.8766
42.0253 290.8653 -1.3976 17.6728 -0.0426 0.4761 -0.0061 0.8784
42.1289 291.6072 -1.3464 18.1965 -0.0447 0.4723 -0.0060 0.8803
42.2327 292.3741 -1.3035 18.7406 -0.0430 0.4679 -0.0062 0.8827
42.3363 293.0846 -1.2529 19.2471 -0.0399 0.4640 -0.0080 0.8849
42.4400 293.8116 -1.2128 19.7753 -0.0356 0.4601 -0.0092 0.8871
42.5438 294.5557 -1.1865 20.3355 -0.0319 0.4564 -0.0085 0.8892
42.6474 295.2612 -1.1735 20.8403 -0.0288 0.4525 -0.0078 0.8913
42.7512 295.9926 -1.1512 21.3668 -0.0275 0.4491 -0.0039 0.8930
42.8548 296.7913 -1.1290 21.9273 -0.0293 0.4448 -0.0012 0.8952
42.9585 297.5187 -1.0962 22.4941 -0.0315 0.4408 0.0029 0.8971
43.0623 298.2602 -1.0407 23.0735 -0.0331 0.4365 0.0046 0.8991
43.1661 298.9608 -1.0077 23.6965 -0.0340 0.4330 0.0055 0.9007
43.2698 299.6771 -0.9677 24.3118 -0.0352 0.4292 0.0036 0.9025
43.3736 300.4166 -0.9096 24.8802 -0.0370 0.4254 0.0019 0.9042
43.4773 301.1298 -0.8780 25.4704 -0.0382 0.4229 0.0027 0.9054
43.5810 301.8155 -0.8194 26.0500 -0.0378 0.4202 0.0025 0.9066
43.6849 302.5268 -0.7929 26.7277 -0.0354 0.4182 0.0030 0.9077
43.7887 303.2365 -0.7250 27.3679 -0.0335 0.4154 0.0020 0.9090
43.8924 303.9759 -0.6954 27.9809 -0.0332 0.4126 0.0027 0.9103
43.9961 304.6204 -0.6307 28.6258 -0.0357 0.4103 0.0026 0.9113
44.1000 305.3290 -0.5912 29.2619 -0.0382 0.4080 0.0036 0.9122
44.2036 306.0836 -0.5630 29.9202 -0.0388 0.4052 0.0016 0.9134
44.3073 306.7471 -0.4965 30.5887 -0.0365 0.4029 0.0005 0.9145
44.4110 307.4022 -0.4654 31.1865 -0.0344 0.4003 -0.0007 0.9157
44.5148 308.1369 -0.4248 31.8535 -0.0326 0.3976 0.0016 0.9170
44.6185 308.8280 -0.4058 32.4984 -0.0329 0.3948 0.0032 0.9182
44.7223 309.5071 -0.3491 33.1786 -0.0317 0.3924 0.0060 0.9192
44.8262 310.2106 -0.3120 33.8658 -0.0306 0.3893 0.0081 0.9206
44.9298 310.9338 -0.2651 34.5221 -0.0301 0.3862 0.0104 0.9219
45.0335 311.5847 -0.2253 35.1984 -0.0308 0.3837 0.0111 0.9229
45.1373 312.2467 -0.1785 35.8881 -0.0315 0.3819 0.0103 0.9236
45.2410 312.8911 -0.1507 36.5570 -0.0308 0.3795 0.0104 0.9246
45.3448 313.5312 -0.0894 37.2588 -0.0308 0.3768 0.0096 0.9257
45.4485 314.1835 -0.0730 37.9346 -0.0299 0.3744 0.0115 0.9267
45.5523 314.8555 -0.0154 38.6321 -0.0309 0.3711 0.0115 0.9280
45.6562 315.5034 0.0181 39.3143 -0.0298 0.3690 0.0117 0.9289
45.7599 316.1143 0.0688 39.9854 -0.0293 0.3664 0.0134 0.9299
45.8637 316.7762 0.1033 40.7261 -0.0311 0.3642 0.0123 0.9307
45.9674 317.3730 0.1604 41.4328 -0.0340 0.3623 0.0098 0.9314
46.0713 317.9764 0.1966 42.1070 -0.0353 0.3607 0.0080 0.9320
46.1750 318.6139 0.2530 42.7646 -0.0375 0.3590 0.0105 0.9325
46.2788 319.2151 0.2989 43.4877 -0.0371 0.3581 0.0108 0.9329
46.3827 319.8173 0.3385 44.1815 -0.0346 0.3571 0.0108 0.9334
46.4865 320.4630 0.3816 44.9081 -0.0310 0.3566 0.0099 0.9337
46.5904 321.0948 0.4405 45.6107 -0.0300 0.3570 0.0109 0.9335
46.6942 321.7222 0.4677 46.3211 -0.0324 0.3575 0.0098 0.9333
46.7981 322.3899 0.5283 47.0368 -0.0337 0.3583 0.0120 0.9329
46.9019 323.0292 0.5694 47.7784 -0.0346 0.3598 0.0119 0.9323
47.0058 323.6493 0.6352 48.4338 -0.0349 0.3621 0.0110 0.9314
47.1097 324.2634 0.6680 49.1405 -0.0336 0.3650 0.0086 0.9304
47.2136 324.9175 0.7240 49.8462 -0.0315 0.3685 0.0078 0.9290
47.3174 325.6262 0.7537 50.5480 -0.0306 0.3719 0.0077 0.9278
47.4212 326.2814 0.8101 51.2350 -0.0308 0.3756 0.0074 0.9262
47.5251 326.9776 0.8277 51.9246 -0.0310 0.3794 0.0073 0.9247
47.6288 327.6357 0.8850 52.5952 -0.0330 0.3832 0.0069 0.9231
47.7327 328.3161 0.9345 53.3052 -0.0363 0.3872 0.0075 0.9212
47.8364 329.0262 1.0107 53.9617 -0.0395 0.3913 0.0071 0.9194
47.9402 329.6657 1.0442 54.6727 -0.0385 0.3955 0.0061 0.9177
48.0439 330.3591 1.0926 55.3176 -0.0357 0.3991 0.0039 0.9162
48.1477 331.0930 1.1274 56.0066 -0.0332 0.4028 0.0033 0.9147
48.2514 331.8645 1.1819 56.6708 -0.0333 0.4061 0.0039 0.9132
48.3550 332.6036 1.2354 57.3142 -0.0340 0.4091 0.0040 0.9119
48.4588 333.3458 1.2912 57.9651 -0.0348 0.4118 0.0045 0.9106
48.5626 334.0891 1.3315 58.6106 -0.0354 0.4144 0.0048 0.9094
48.6662 334.7939 1.3765 59.2492 -0.0365 0.4167 0.0046 0.9083
48.7699 335.5496 1.4211 59.9168 -0.0377 0.4192 0.0035 0.9071
48.8736 336.3205 1.4826 60.5784 -0.0382 0.4216 0.0024 0.9060
48.9773 337.1060 1.5301 61.2524 -0.0387 0.4238 0.0017 0.9049
49.0809 337.8787 1.5769 61.8937 -0.0391 0.4258 0.0005 0.9040
49.1847 338.6290 1.6293 62.4604 -0.0390 0.4275 -0.0001 0.9032
49.2883 339.4298 1.6722 63.1182 -0.0393 0.4294 -0.0001 0.9023
49.3920 340.2325 1.7416 63.7737 -0.0396 0.4313 -0.0006 0.9013
49.4958 341.0106 1.7810 64.4163 -0.0401 0.4331 -0.0011 0.9005
49.5994 341.7981 1.8195 65.0526 -0.0404 0.4349 -0.0003 0.8996
49.7032 342.6115 1.8883 65.7070 -0.0412 0.4366 -0.0006 0.8987
49.8068 343.3541 1.9413 66.2845 -0.0412 0.4383 -0.0010 0.8979
49.9106 344.1877 1.9803 66.9449 -0.0408 0.4398 -0.0015 0.8972
50.0142 344.9974 2.0312 67.5723 -0.0403 0.4410 -0.0011 0.8966
50.1180 345.7766 2.0944 68.1802 -0.0414 0.4416 0.0006 0.8963
50.2216 346.5756 2.1637 68.7993 -0.0439 0.4417 0.0045 0.8961
50.3253 347.3734 2.2341 69.4073 -0.0458 0.4421 0.0061 0.8958
50.4290 348.1891 2.2891 70.0040 -0.0450 0.4424 0.0066 0.8956
50.5327 348.9612 2.3443 70.6203 -0.0422 0.4430 0.0056 0.8955
50.6365 349.7551 2.3849 71.2465 -0.0387 0.4432 0.0049 0.8956
50.7402 350.5592 2.4367 71.8695 -0.0373 0.4440 0.0046 0.8952
50.8440 351.3656 2.4919 72.4751 -0.0372 0.4445 0.0065 0.8950
50.9476 352.1922 2.5600 73.1113 -0.0385 0.4449 0.0079 0.8947
51.0512 353.0288 2.6149 73.7201 -0.0398 0.4454 0.0098 0.8944
51.1549 353.8297 2.6723 74.3012 -0.0409 0.4454 0.0113 0.8943
51.2586 354.6028 2.7421 74.9107 -0.0411 0.4455 0.0115 0.8943
51.3623 355.4052 2.7855 75.5108 -0.0402 0.4457 0.0118 0.8942
51.4659 356.2276 2.8369 76.1510 -0.0386 0.4459 0.0122 0.8942
51.5697 357.0284 2.8924 76.7469 -0.0382 0.4456 0.0130 0.8943
51.6733 357.8466 2.9706 77.3462 -0.0382 0.4456 0.0156 0.8943
51.7769 358.6506 3.0253 77.9785 -0.0384 0.4459 0.0163 0.8941
51.8807 359.4556 3.0875 78.5671 -0.0386 0.4459 0.0148 0.8941
51.9843 360.2470 3.1515 79.1789 -0.0375 0.4464 0.0153 0.8939
52.0881 361.0342 3.2026 79.7736 -0.0377 0.4467 0.0157 0.8937
52.1917 361.8671 3.2770 80.3943 -0.0375 0.4466 0.0168 0.8938
52.2954 362.6873 3.3322 81.0192 -0.0376 0.4465 0.0189 0.8938
52.3992 363.4803 3.3914 81.6037 -0.0375 0.4462 0.0208 0.8939
52.5029 364.2877 3.4463 82.2159 -0.0372 0.4462 0.0232 0.8939
52.6067 365.0803 3.5306 82.8117 -0.0359 0.4458 0.0269 0.8940
52.7104 365.8831 3.5820 83.4230 -0.0358 0.4453 0.0291 0.8942
52.8142 366.6887 3.6553 84.0272 -0.0361 0.4448 0.0303 0.8944
52.9179 367.5202 3.7250 84.6444 -0.0368 0.4441 0.0312 0.8947
53.0217 368.3411 3.7973 85.2746 -0.0364 0.4436 0.0335 0.8948
53.1254 369.0880 3.8645 85.8539 -0.0369 0.4430 0.0332 0.8951
53.2292 369.7992 3.9327 86.4134 -0.0368 0.4418 0.0335 0.8957
53.3329 370.5988 3.9966 86.9964 -0.0370 0.4412 0.0343 0.8960
53.4365 371.3033 4.0522 87.5756 -0.0369 0.4404 0.0366 0.8963
53.5403 372.0130 4.1331 88.1469 -0.0397 0.4400 0.0365 0.8964
53.6441 372.7101 4.2007 88.6834 -0.0425 0.4401 0.0379 0.8962
53.7478 373.4055 4.2912 89.2542 -0.0465 0.4401 0.0369 0.8960
53.8516 374.0620 4.3509 89.7801 -0.0503 0.4399 0.0327 0.8961
53.9553 374.7409 4.4257 90.3260 -0.0513 0.4401 0.0321 0.8959
54.0590 375.4127 4.5120 90.8700 -0.0540 0.4404 0.0276 0.8958
54.1628 376.0607 4.5883 91.3954 -0.0538 0.4409 0.0269 0.8955
54.2666 376.6807 4.6442 91.8807 -0.0535 0.4412 0.0262 0.8954
54.3702 377.3029 4.7212 92.3555 -0.0538 0.4414 0.0240 0.8954
54.4739 377.8686 4.8022 92.7907 -0.0533 0.4417 0.0241 0.8953
54.5776 378.5143 4.8607 93.2961 -0.0528 0.4422 0.0252 0.8950
54.6813 379.0778 4.9268 93.7570 -0.0533 0.4431 0.0243 0.8946
54.7851 379.6630 4.9918 94.1938 -0.0535 0.4446 0.0243 0.8938
54.8888 380.2250 5.0640 94.6410 -0.0546 0.4474 0.0231 0.8924
54.9927 380.8097 5.1275 95.0638 -0.0558 0.4501 0.0219 0.8910
55.0964 381.4273 5.2034 95.5047 -0.0549 0.4535 0.0224 0.8893
55.2002 382.0283 5.2605 95.9353 -0.0542 0.4570 0.0188 0.8876
55.3040 382.5600 5.3204 96.3187 -0.0530 0.4606 0.0157 0.8859
55.4078 383.1677 5.3903 96.7352 -0.0532 0.4650 0.0125 0.8836
55.5117 383.7910 5.4437 97.1484 -0.0543 0.4704 0.0124 0.8807
55.6154 384.3274 5.5196 97.5069 -0.0566 0.4751 0.0136 0.8780
55.7192 384.9520 5.5838 97.9100 -0.0594 0.4804 0.0149 0.8749
55.8229 385.5774 5.6545 98.2971 -0.0611 0.4851 0.0162 0.8722
55.9267 386.1879 5.7299 98.6177 -0.0613 0.4899 0.0167 0.8695
56.0304 386.8739 5.7983 99.0362 -0.0610 0.4946 0.0168 0.8668
56.1341 387.5931 5.8656 99.4443 -0.0582 0.4989 0.0168 0.8645
56.2378 388.2140 5.9274 99.8107 -0.0548 0.5019 0.0187 0.8630
56.3416 388.7778 5.9769 100.1161 -0.0532 0.5046 0.0207 0.8615
56.4453 389.4548 6.0455 100.4714 -0.0541 0.5071 0.0239 0.8598
56.5491 390.1607 6.1496 100.8704 -0.0587 0.5094 0.0291 0.8580
56.6529 390.9094 6.2528 101.2349 -0.0663 0.5113 0.0322 0.8562
56.7567 391.5360 6.3868 101.5837 -0.0710 0.5131 0.0357 0.8547
56.8604 392.2278 6.4618 101.9364 -0.0732 0.5156 0.0370 0.8529
56.9643 392.9367 6.5626 102.3352 -0.0742 0.5177 0.0355 0.8516
57.0681 393.5821 6.6625 102.6786 -0.0741 0.5203 0.0350 0.8500
57.1719 394.2724 6.7865 103.0439 -0.0736 0.5231 0.0387 0.8482
57.2756 395.0066 6.9054 103.3705 -0.0751 0.5256 0.0413 0.8464
57.3793 395.7481 7.0391 103.7334 -0.0766 0.5282 0.0428 0.8446
57.4831 396.4721 7.1474 104.0768 -0.0752 0.5310 0.0462 0.8428
57.5868 397.1546 7.2557 104.3769 -0.0757 0.5332 0.0452 0.8414
57.6906 397.8467 7.3709 104.6868 -0.0750 0.5361 0.0458 0.8396
57.7943 398.5658 7.4936 105.0112 -0.0739 0.5393 0.0466 0.8376
57.8982 399.3019 7.6129 105.4038 -0.0752 0.5426 0.0457 0.8353
58.0019 400.0169 7.7310 105.6425 -0.0741 0.5468 0.0466 0.8327
58.1058 400.7313 7.8611 105.9236 -0.0757 0.5512 0.0448 0.8297
58.2097 401.4215 7.9613 106.2101 -0.0756 0.5557 0.0452 0.8267
58.3134 402.0559 8.0545 106.4847 -0.0745 0.5602 0.0477 0.8236
58.4173 402.7366 8.1598 106.7130 -0.0735 0.5647 0.0478 0.8206
58.5211 403.4197 8.2694 106.9679 -0.0712 0.5698 0.0468 0.8174
58.6249 404.0700 8.3636 107.2612 -0.0703 0.5748 0.0409 0.8142
58.7287 404.7642 8.4606 107.4296 -0.0691 0.5810 0.0362 0.8101
58.8327 405.4840 8.5654 107.6954 -0.0676 0.5879 0.0326 0.8055
58.9366 406.2099 8.6475 107.9038 -0.0648 0.5954 0.0331 0.8001
59.0404 406.8991 8.7401 108.0905 -0.0626 0.6045 0.0320 0.7935
59.1443 407.5776 8.8277 108.2459 -0.0592 0.6125 0.0307 0.7877
59.2482 408.2321 8.8801 108.3552 -0.0551 0.6210 0.0307 0.7813
59.3521 408.9942 8.9584 108.4863 -0.0512 0.6286 0.0309 0.7754
59.4558 409.7248 9.0408 108.5982 -0.0498 0.6366 0.0318 0.7689
59.5596 410.3798 9.1026 108.7230 -0.0508 0.6430 0.0339 0.7634
59.6633 411.0516 9.1850 108.8275 -0.0546 0.6485 0.0359 0.7584
59.7669 411.7773 9.2750 108.9309 -0.0557 0.6533 0.0408 0.7539
59.8707 412.6503 9.3582 109.0424 -0.0573 0.6577 0.0440 0.7498
59.9743 413.5247 9.4535 109.1669 -0.0593 0.6610 0.0429 0.7468
60.0781 414.1958 9.5299 109.2417 -0.0608 0.6635 0.0439 0.7444
60.1818 414.8918 9.6438 109.3156 -0.0627 0.6658 0.0439 0.7422
60.2856 415.5908 9.7555 109.4175 -0.0650 0.6683 0.0426 0.7398
60.3893 416.3607 9.8234 109.5224 -0.0631 0.6713 0.0383 0.7375
60.4931 417.1791 9.8992 109.5693 -0.0606 0.6738 0.0270 0.7359
60.5968 417.9318 9.9175 109.6205 -0.0566 0.6756 0.0220 0.7347
60.7006 418.7503 10.0295 109.6866 -0.0569 0.6768 0.0201 0.7337
60.8042 419.5780 10.1422 109.7711 -0.0629 0.6770 0.0203 0.7330
60.9080 420.3313 10.2621 109.8598 -0.0636 0.6762 0.0208 0.7337
61.0116 421.1232 10.2957 109.8906 -0.0613 0.6755 0.0149 0.7346
61.1153 421.8011 10.3208 109.9710 -0.0534 0.6744 0.0062 0.7364
61.2189 422.4717 10.3350 110.0128 -0.0489 0.6725 -0.0014 0.7384
61.3227 423.2103 10.3788 110.0670 -0.0494 0.6710 -0.0021 0.7398
61.4264 424.0220 10.4851 110.2251 -0.0537 0.6700 0.0006 0.7404
61.5302 424.8082 10.5392 110.3304 -0.0560 0.6684 0.0026 0.7417
61.6338 425.5978 10.5684 110.4254 -0.0544 0.6671 0.0031 0.7430
61.7376 426.3592 10.5762 110.4897 -0.0500 0.6666 0.0009 0.7437
61.8413 426.9719 10.6089 110.5633 -0.0470 0.6661 -0.0001 0.7444
61.9451 427.5903 10.6672 110.5899 -0.0447 0.6654 0.0004 0.7451
62.0488 428.2443 10.6888 110.6558 -0.0421 0.6655 0.0004 0.7452
62.1526 428.9022 10.7036 110.7507 -0.0400 0.6659 -0.0012 0.7450
62.2564 429.6539 10.7350 110.8521 -0.0386 0.6662 -0.0032 0.7448
62.3601 430.2610 10.7524 110.9225 -0.0389 0.6672 -0.0060 0.7438
62.4640 430.8994 10.7740 110.9553 -0.0396 0.6691 -0.0084 0.7420
62.5679 431.5627 10.7873 111.0035 -0.0399 0.6740 -0.0102 0.7375
62.6718 432.2107 10.7981 111.1017 -0.0401 0.6807 -0.0117 0.7314
62.7758 432.8397 10.8053 111.0985 -0.0390 0.6868 -0.0115 0.7257
62.8798 433.4519 10.8228 111.0898 -0.0379 0.6935 -0.0106 0.7194
62.9837 434.0679 10.8240 111.0579 -0.0366 0.6996 -0.0101 0.7135
63.0876 434.6475 10.8294 111.0943 -0.0355 0.7062 -0.0098 0.7071
63.1914 435.2380 10.8352 111.0654 -0.0351 0.7126 -0.0101 0.7006
63.2954 435.8052 10.8326 111.0475 -0.0357 0.7192 -0.0100 0.6938
63.3993 436.3298 10.8594 111.0442 -0.0364 0.7257 -0.0101 0.6870
63.5032 436.8524 10.8583 110.9896 -0.0361 0.7323 -0.0108 0.6800
63.6071 437.2792 10.8672 110.9100 -0.0329 0.7380 -0.0113 0.6739
63.7108 437.7052 10.8363 110.8457 -0.0281 0.7434 -0.0127 0.6681
63.8147 438.1404 10.8257 110.7915 -0.0221 0.7485 -0.0142 0.6627
63.9184 438.5450 10.8139 110.7272 -0.0191 0.7527 -0.0177 0.6579
64.0222 438.8875 10.8161 110.6996 -0.0174 0.7562 -0.0202 0.6538
64.1260 439.2457 10.8041 110.6350 -0.0158 0.7595 -0.0215 0.6499
64.2297 439.5846 10.7892 110.5783 -0.0138 0.7622 -0.0210 0.6469
64.3333 439.8914 10.7929 110.5118 -0.0105 0.7643 -0.0182 0.6445
64.4371 440.1624 10.7484 110.4396 -0.0089 0.7661 -0.0157 0.6424
64.5407 440.4597 10.7549 110.3772 -0.0098 0.7679 -0.0151 0.6403
64.6444 440.7476 10.7450 110.3433 -0.0123 0.7694 -0.0162 0.6384
64.7481 440.9820 10.7542 110.3165 -0.0152 0.7708 -0.0173 0.6367
64.8517 441.1965 10.7497 110.2879 -0.0166 0.7716 -0.0177 0.6356
64.9553 441.3807 10.7410 110.2273 -0.0157 0.7723 -0.0176 0.6348
65.0591 441.5648 10.7171 110.1704 -0.0133 0.7730 -0.0170 0.6340
65.1627 441.7122 10.7185 110.1445 -0.0115 0.7732 -0.0160 0.6338
65.2663 441.8665 10.6987 110.1249 -0.0100 0.7731 -0.0167 0.6340
65.3701 442.0223 10.6983 110.0861 -0.0099 0.7726 -0.0177 0.6346
65.4737 442.1900 10.7059 110.0582 -0.0091 0.7718 -0.0163 0.6356
65.5774 442.3518 10.6922 110.0354 -0.0073 0.7705 -0.0129 0.6372
65.6811 442.4808 10.6982 110.0032 -0.0061 0.7687 -0.0102 0.6395
65.7848 442.6382 10.6836 109.9831 -0.0048 0.7674 -0.0099 0.6411
65.8886 442.7572 10.6768 109.9357 -0.0052 0.7661 -0.0110 0.6426
65.9922 442.9160 10.6842 109.9655 -0.0058 0.7646 -0.0128 0.6443
66.0959 443.0577 10.6809 109.9217 -0.0063 0.7629 -0.0143 0.6464
66.1997 443.2086 10.6639 109.8906 -0.0062 0.7609 -0.0142 0.6487
66.3033 443.3740 10.6539 109.8734 -0.0064 0.7589 -0.0142 0.6511
66.4071 443.5741 10.6503 109.8577 -0.0093 0.7566 -0.0157 0.6536
66.5107 443.8137 10.6634 109.8817 -0.0130 0.7537 -0.0173 0.6568
66.6143 443.9922 10.6726 109.8120 -0.0154 0.7505 -0.0180 0.6605
66.7181 444.2423 10.6575 109.8344 -0.0151 0.7474 -0.0166 0.6640
66.8217 444.4688 10.6550 109.7989 -0.0133 0.7437 -0.0136 0.6682
66.9254 444.7377 10.6118 109.7908 -0.0126 0.7398 -0.0119 0.6726
67.0291 445.0035 10.6415 109.7776 -0.0110 0.7347 -0.0100 0.6782
67.1328 445.3005 10.6067 109.7637 -0.0104 0.7292 -0.0101 0.6842
67.2364 445.5747 10.6298 109.7731 -0.0101 0.7233 -0.0089 0.6904
67.3401 445.8652 10.6169 109.7696 -0.0102 0.7160 -0.0084 0.6980
67.4437 446.1376 10.6062 109.7943 -0.0101 0.7083 -0.0082 0.7058
67.5473 446.4041 10.5920 109.8194 -0.0101 0.7005 -0.0091 0.7136
67.6511 446.7543 10.6126 109.8737 -0.0111 0.6924 -0.0123 0.7213
67.7547 447.0865 10.5985 109.9113 -0.0117 0.6837 -0.0150 0.7295
67.8583 447.3847 10.6239 109.9485 -0.0123 0.6745 -0.0154 0.7380
67.9621 447.7627 10.5924 109.9987 -0.0120 0.6648 -0.0139 0.7468
68.0657 448.1123 10.5828 110.0854 -0.0117 0.6555 -0.0126 0.7550
68.1693 448.5148 10.5853 110.1716 -0.0120 0.6454 -0.0127 0.7637
68.2731 448.9086 10.5730 110.2779 -0.0124 0.6354 -0.0123 0.7720
68.3767 449.2647 10.5905 110.3999 -0.0126 0.6254 -0.0126 0.7801
68.4803 449.6417 10.5734 110.5290 -0.0126 0.6150 -0.0123 0.7883
68.5841 450.0894 10.5779 110.6663 -0.0123 0.6055 -0.0119 0.7957
68.6878 450.5414 10.5707 110.8143 -0.0121 0.5967 -0.0111 0.8023
68.7916 450.9936 10.5806 110.9672 -0.0122 0.5880 -0.0109 0.8087
68.8953 451.4607 10.5689 111.1583 -0.0121 0.5802 -0.0104 0.8143
68.9991 451.9465 10.5760 111.3452 -0.0119 0.5724 -0.0105 0.8198
69.1028 452.4628 10.5680 111.5592 -0.0116 0.5648 -0.0101 0.8251
69.2066 452.9941 10.5647 111.7903 -0.0104 0.5572 -0.0080 0.8303
69.3103 453.5166 10.5623 112.0347 -0.0092 0.5494 -0.0061 0.8355
69.4139 454.0494 10.5531 112.2993 -0.0083 0.5414 -0.0048 0.8407
69.5177 454.5735 10.5578 112.5836 -0.0079 0.5341 -0.0046 0.8454
69.6214 455.1610 10.5533 112.8454 -0.0077 0.5271 -0.0050 0.8498
69.7253 455.7082 10.5498 113.1574 -0.0079 0.5211 -0.0059 0.8534
69.8291 456.2854 10.5476 113.4739 -0.0085 0.5151 -0.0054 0.8571
69.9328 456.8706 10.5458 113.8023 -0.0094 0.5105 -0.0049 0.8598
70.0367 457.4650 10.5574 114.1702 -0.0107 0.5068 -0.0045 0.8620
70.1406 458.0906 10.5618 114.5300 -0.0116 0.5035 -0.0039 0.8639
70.2443 458.6985 10.5517 114.8939 -0.0119 0.5012 -0.0041 0.8653
70.3482 459.3279 10.5591 115.3135 -0.0123 0.4995 -0.0043 0.8662
70.4519 460.0027 10.5640 115.6583 -0.0126 0.4976 -0.0047 0.8673
70.5558 460.6364 10.5632 116.0422 -0.0129 0.4965 -0.0056 0.8679
70.6596 461.2747 10.5699 116.4348 -0.0124 0.4950 -0.0049 0.8688
70.7633 461.9682 10.5728 116.8636 -0.0117 0.4936 -0.0049 0.8696
70.8672 462.6951 10.5691 117.2963 -0.0109 0.4925 -0.0051 0.8702
70.9708 463.4009 10.5728 117.7172 -0.0102 0.4913 -0.0050 0.8709
71.0747 464.0949 10.5666 118.1432 -0.0093 0.4900 -0.0053 0.8716
71.1784 464.8038 10.5684 118.5816 -0.0084 0.4892 -0.0044 0.8721
71.2822 465.5408 10.5568 119.0392 -0.0074 0.4881 -0.0032 0.8728
71.3859 466.2834 10.5573 119.5079 -0.0068 0.4873 -0.0029 0.8732
71.4896 467.0143 10.5613 119.9723 -0.0060 0.4863 -0.0037 0.8738
71.5933 467.7553 10.5403 120.4163 -0.0043 0.4859 -0.0043 0.8740
71.6972 468.5580 10.5285 120.9167 -0.0034 0.4859 -0.0048 0.8740
71.8010 469.2956 10.5368 121.4146 -0.0044 0.4855 -0.0059 0.8742
71.9047 470.1178 10.5209 121.9211 -0.0053 0.4855 -0.0048 0.8742
72.0085 470.9094 10.5299 122.4404 -0.0064 0.4854 -0.0042 0.8743
72.1122 471.7358 10.5080 122.9230 -0.0057 0.4849 -0.0035 0.8746
72.2160 472.5484 10.5013 123.4506 -0.0048 0.4848 -0.0029 0.8746
72.3197 473.3848 10.4840 123.9483 -0.0041 0.4843 -0.0020 0.8749
72.4235 474.1971 10.4878 124.4841 -0.0037 0.4840 -0.0014 0.8751
72.5272 475.0422 10.4700 125.0074 -0.0035 0.4838 -0.0008 0.8752
72.6309 475.8740 10.4665 125.5516 -0.0034 0.4834 -0.0004 0.8754
72.7347 476.7374 10.4592 126.1103 -0.0032 0.4831 -0.0006 0.8755
72.8385 477.5826 10.4457 126.6347 -0.0030 0.4827 -0.0012 0.8758
72.9422 478.4582 10.4441 127.2170 -0.0033 0.4826 -0.0015 0.8759
73.0460 479.3753 10.4247 127.7775 -0.0037 0.4827 -0.0011 0.8758
73.1497 480.2461 10.4235 128.3805 -0.0052 0.4834 -0.0028 0.8754
73.2535 481.1754 10.4231 128.9759 -0.0050 0.4843 -0.0043 0.8749
73.3572 482.0889 10.4005 129.5466 -0.0045 0.4861 -0.0060 0.8739
73.4611 482.9797 10.3850 130.0906 -0.0048 0.4893 -0.0083 0.8721
73.5649 483.9172 10.3659 130.6483 -0.0056 0.4935 -0.0119 0.8697
73.6688 484.8385 10.3433 131.2469 -0.0059 0.4994 -0.0141 0.8663
73.7727 485.8009 10.3215 131.7970 -0.0068 0.5062 -0.0158 0.8623
73.8767 486.7823 10.2949 132.3250 -0.0081 0.5133 -0.0163 0.8580
73.9806 487.7542 10.2832 132.8331 -0.0102 0.5207 -0.0163 0.8535
74.0845 488.7456 10.2631 133.3252 -0.0111 0.5282 -0.0172 0.8489
74.1885 489.7602 10.2272 133.8441 -0.0102 0.5364 -0.0179 0.8437
74.2923 490.6757 10.2189 134.2817 -0.0092 0.5443 -0.0198 0.8386
74.3962 491.7269 10.1856 134.7278 -0.0088 0.5531 -0.0204 0.8328
74.5001 492.7194 10.1686 135.1420 -0.0097 0.5623 -0.0206 0.8266
74.6038 493.8002 10.1502 135.5097 -0.0097 0.5721 -0.0200 0.8199
74.7078 494.8251 10.1030 135.8819 -0.0088 0.5825 -0.0210 0.8125
74.8117 495.8490 10.0868 136.2489 -0.0076 0.5928 -0.0245 0.8049
74.9155 497.0095 9.9997 136.5358 -0.0057 0.6039 -0.0260 0.7966
75.0193 497.9758 10.0120 136.8695 -0.0061 0.6154 -0.0306 0.7876
75.1233 499.1097 9.9146 137.1011 -0.0039 0.6276 -0.0304 0.7779
75.2271 500.2347 9.8898 137.3188 -0.0042 0.6393 -0.0333 0.7682
75.3310 501.3390 9.8168 137.5056 -0.0018 0.6505 -0.0338 0.7587
75.4348 502.4487 9.7361 137.6255 0.0008 0.6611 -0.0348 0.7495
75.5386 503.5382 9.6659 137.7544 0.0033 0.6707 -0.0351 0.7409
75.6422 504.6746 9.5777 137.8369 0.0050 0.6797 -0.0347 0.7327
75.7459 505.7889 9.4966 137.8928 0.0059 0.6881 -0.0343 0.7247
75.8496 506.8696 9.4301 137.9608 0.0062 0.6962 -0.0356 0.7170
75.9533 507.9940 9.3429 137.9635 0.0070 0.7040 -0.0370 0.7092
76.0570 509.1531 9.2514 137.9941 0.0077 0.7115 -0.0369 0.7017
76.1606 510.2848 9.1646 137.9760 0.0085 0.7181 -0.0345 0.6950
76.2642 511.4011 9.0701 137.8938 0.0099 0.7226 -0.0320 0.6905
76.3677 512.5306 8.9784 137.8600 0.0132 0.7257 -0.0305 0.6872
76.4713 513.6752 8.8793 137.7384 0.0144 0.7276 -0.0313 0.6851
76.5750 514.7939 8.8004 137.7076 0.0146 0.7295 -0.0315 0.6831
76.6786 515.8938 8.7107 137.6447 0.0145 0.7305 -0.0318 0.6820
76.7822 517.0507 8.6253 137.5332 0.0150 0.7315 -0.0327 0.6809
76.8859 518.1764 8.5159 137.4811 0.0165 0.7327 -0.0334 0.6795
76.9896 519.3271 8.4213 137.3697 0.0175 0.7339 -0.0340 0.6782
77.0932 520.5046 8.3063 137.2851 0.0176 0.7350 -0.0336 0.6770
77.1970 521.6982 8.2129 137.1782 0.0172 0.7360 -0.0319 0.6760
77.3006 522.8755 8.1348 137.0957 0.0159 0.7369 -0.0309 0.6751
77.4042 524.0706 8.0424 137.0419 0.0156 0.7373 -0.0320 0.6746
77.5078 525.3073 7.9310 136.9443 0.0168 0.7375 -0.0336 0.6743
77.6116 526.5377 7.8186 136.8028 0.0173 0.7370 -0.0351 0.6748
77.7152 527.7712 7.7159 136.7197 0.0184 0.7372 -0.0341 0.6745
77.8190 528.9864 7.6034 136.6267 0.0179 0.7371 -0.0346 0.6746
77.9227 530.2110 7.5094 136.5300 0.0176 0.7372 -0.0352 0.6746
78.0263 531.4965 7.3947 136.4262 0.0167 0.7374 -0.0368 0.6742
78.1301 532.6860 7.2958 136.3070 0.0167 0.7380 -0.0357 0.6736
78.2338 533.9884 7.1761 136.2370 0.0165 0.7391 -0.0356 0.6724
78.3375 535.2886 7.0566 136.0929 0.0167 0.7399 -0.0358 0.6716
78.4412 536.5095 6.9376 135.9696 0.0167 0.7405 -0.0360 0.6709
78.5448 537.7661 6.8421 135.8872 0.0167 0.7418 -0.0359 0.6695
78.6486 539.0547 6.7128 135.7477 0.0164 0.7429 -0.0359 0.6682
78.7523 540.3493 6.6126 135.6273 0.0157 0.7439 -0.0361 0.6671
78.8560 541.6941 6.4914 135.4852 0.0151 0.7452 -0.0356 0.6657
78.9597 542.9943 6.3802 135.3454 0.0146 0.7463 -0.0360 0.6645
79.0633 544.2930 6.2667 135.1736 0.0145 0.7473 -0.0366 0.6634
79.1671 545.6746 6.1472 135.0147 0.0145 0.7483 -0.0367 0.6621
79.2708 546.9979 6.0369 134.8850 0.0149 0.7492 -0.0366 0.6612
79.3745 548.3453 5.9110 134.7115 0.0151 0.7501 -0.0369 0.6601
79.4782 549.7219 5.7907 134.5688 0.0151 0.7511 -0.0375 0.6589
79.5820 551.0219 5.6703 134.3851 0.0148 0.7522 -0.0377 0.6577
79.6857 552.4376 5.5437 134.1960 0.0146 0.7532 -0.0378 0.6566
79.7895 553.7136 5.4232 134.0102 0.0147 0.7544 -0.0374 0.6552
79.8932 555.1404 5.3003 133.8120 0.0146 0.7558 -0.0373 0.6536
79.9970 556.5487 5.1747 133.6162 0.0154 0.7570 -0.0371 0.6522
80.1006 557.9706 5.0511 133.4167 0.0151 0.7577 -0.0376 0.6513
80.2043 559.4173 4.9068 133.1935 0.0154 0.7585 -0.0376 0.6505
80.3080 560.8215 4.7907 132.9778 0.0154 0.7592 -0.0378 0.6496
80.4117 562.2441 4.6582 132.7710 0.0154 0.7597 -0.0377 0.6490
80.5153 563.6901 4.5262 132.5520 0.0157 0.7600 -0.0375 0.6487
80.6191 565.1357 4.3965 132.3598 0.0166 0.7605 -0.0371 0.6480
80.7227 566.5548 4.2622 132.1105 0.0163 0.7609 -0.0376 0.6475
80.8264 567.9817 4.1454 131.8808 0.0167 0.7613 -0.0364 0.6472
80.9301 569.4145 4.0025 131.6472 0.0170 0.7614 -0.0364 0.6470
81.0338 570.8638 3.8696 131.4417 0.0159 0.7620 -0.0370 0.6463
81.1375 572.3513 3.7341 131.2135 0.0160 0.7624 -0.0361 0.6459
81.2412 573.8291 3.6085 130.9440 0.0156 0.7626 -0.0354 0.6457
81.3449 575.3014 3.4707 130.7213 0.0158 0.7631 -0.0353 0.6452
81.4486 576.8279 3.3436 130.4939 0.0160 0.7630 -0.0358 0.6452
81.5523 578.3117 3.1984 130.2635 0.0171 0.7633 -0.0351 0.6449
81.6561 579.7832 3.0672 130.0262 0.0160 0.7634 -0.0362 0.6448
81.7597 581.2582 2.9278 129.7691 0.0163 0.7633 -0.0357 0.6449
81.8635 582.8046 2.7909 129.5185 0.0159 0.7631 -0.0366 0.6450
81.9671 584.1681 2.6689 129.2929 0.0177 0.7629 -0.0361 0.6453
82.0708 585.6351 2.5233 129.0529 0.0183 0.7625 -0.0361 0.6457
82.1745 587.1561 2.3697 128.8101 0.0192 0.7622 -0.0353 0.6461
82.2782 588.6551 2.2215 128.5839 0.0195 0.7617 -0.0337 0.6468
82.3820 590.1567 2.0822 128.3384 0.0197 0.7611 -0.0330 0.6475
82.4857 591.6538 1.9374 128.0961 0.0187 0.7606 -0.0337 0.6480
82.5894 593.1333 1.8020 127.8675 0.0198 0.7605 -0.0322 0.6482
82.6931 594.5967 1.6728 127.6345 0.0192 0.7601 -0.0332 0.6486
82.7969 596.0785 1.5279 127.4127 0.0196 0.7599 -0.0327 0.6490
82.9006 597.5261 1.3874 127.2033 0.0197 0.7596 -0.0323 0.6493
83.0042 598.9907 1.2533 126.9944 0.0190 0.7594 -0.0331 0.6495
83.1078 600.5234 1.1171 126.7785 0.0181 0.7593 -0.0336 0.6497
83.2116 602.0436 0.9867 126.5493 0.0184 0.7591 -0.0327 0.6498
83.3152 603.5659 0.8412 126.3070 0.0184 0.7590 -0.0316 0.6500
83.4190 605.0141 0.7108 126.0910 0.0211 0.7589 -0.0289 0.6503
83.5226 606.4661 0.5746 125.8664 0.0222 0.7583 -0.0287 0.6509
83.6262 607.9374 0.4355 125.6346 0.0228 0.7583 -0.0302 0.6509
83.7300 609.4612 0.2931 125.4283 0.0226 0.7581 -0.0307 0.6510
83.8336 610.9338 0.1480 125.2153 0.0210 0.7578 -0.0311 0.6515
83.9373 612.3408 0.0289 125.0132 0.0205 0.7573 -0.0314 0.6520
84.0410 613.8470 -0.1042 124.7919 0.0200 0.7569 -0.0321 0.6524
84.1447 615.3705 -0.2468 124.5654 0.0190 0.7566 -0.0330 0.6527
84.2484 616.8728 -0.3844 124.3781 0.0185 0.7567 -0.0330 0.6527
84.3521 618.3435 -0.5118 124.1783 0.0178 0.7566 -0.0329 0.6528
84.4557 619.8457 -0.6566 123.9555 0.0185 0.7567 -0.0326 0.6527
84.5594 621.3250 -0.7898 123.7319 0.0186 0.7567 -0.0329 0.6527
84.6630 622.7684 -0.9296 123.5202 0.0198 0.7565 -0.0315 0.6529
84.7667 624.2576 -1.0645 123.3126 0.0198 0.7563 -0.0303 0.6532
84.8703 625.6910 -1.1886 123.1074 0.0202 0.7558 -0.0310 0.6538
84.9740 627.1954 -1.3385 122.8949 0.0205 0.7552 -0.0334 0.6543
85.0777 628.6717 -1.4775 122.6933 0.0194 0.7549 -0.0336 0.6547
85.1813 630.1158 -1.6204 122.5129 0.0180 0.7545 -0.0340 0.6552
85.2851 631.5504 -1.7532 122.3157 0.0169 0.7543 -0.0335 0.6555
85.3887 633.0008 -1.8890 122.1312 0.0172 0.7542 -0.0316 0.6556
85.4925 634.4268 -2.0179 121.9333 0.0171 0.7543 -0.0308 0.6556
85.5961 635.8599 -2.1528 121.7241 0.0175 0.7542 -0.0303 0.6557
85.6997 637.2430 -2.2795 121.5579 0.0175 0.7544 -0.0309 0.6555
85.8034 638.6170 -2.4018 121.3692 0.0173 0.7547 -0.0308 0.6551
85.9071 639.9927 -2.5283 121.1873 0.0167 0.7549 -0.0310 0.6549
86.0108 641.3654 -2.6594 121.0266 0.0163 0.7551 -0.0312 0.6546
86.1145 642.7199 -2.7877 120.8160 0.0159 0.7554 -0.0311 0.6543
86.2182 644.0391 -2.8988 120.6534 0.0145 0.7558 -0.0302 0.6540
86.3218 645.3513 -3.0104 120.4536 0.0134 0.7560 -0.0292 0.6538
86.4256 646.5995 -3.1245 120.2999 0.0138 0.7564 -0.0293 0.6533
86.5292 647.8373 -3.2556 120.1140 0.0155 0.7564 -0.0310 0.6532
86.6330 649.0432 -3.3593 119.9580 0.0155 0.7564 -0.0315 0.6532
86.7367 650.2396 -3.4783 119.7909 0.0155 0.7563 -0.0302 0.6534
86.8403 651.3955 -3.5798 119.6235 0.0151 0.7558 -0.0288 0.6540
86.9441 652.5100 -3.6963 119.4634 0.0148 0.7553 -0.0287 0.6546
87.0477 653.5989 -3.7852 119.3260 0.0138 0.7547 -0.0288 0.6553
87.1514 654.6120 -3.8820 119.1724 0.0134 0.7539 -0.0274 0.6563
87.2550 655.5961 -3.9599 119.0484 0.0123 0.7534 -0.0258 0.6570
87.3587 656.5877 -4.0429 118.9366 0.0113 0.7531 -0.0257 0.6573
87.4625 657.5687 -4.1394 118.8028 0.0118 0.7528 -0.0257 0.6577
87.5662 658.4711 -4.2140 118.6885 0.0123 0.7524 -0.0265 0.6580
87.6699 659.2407 -4.2878 118.5863 0.0129 0.7525 -0.0266 0.6580
87.7736 660.0337 -4.3644 118.4918 0.0119 0.7524 -0.0273 0.6580
87.8773 660.8402 -4.4213 118.4153 0.0109 0.7533 -0.0284 0.6570
87.9812 661.6103 -4.4900 118.2695 0.0095 0.7562 -0.0300 0.6536
88.0852 662.3120 -4.5513 118.1994 0.0082 0.7616 -0.0315 0.6472
88.1892 662.9335 -4.6012 118.0909 0.0071 0.7691 -0.0331 0.6383
88.2933 663.5644 -4.6603 117.9383 0.0070 0.7782 -0.0346 0.6270
88.3975 664.1741 -4.7189 117.7751 0.0082 0.7886 -0.0355 0.6139
88.5016 664.7137 -4.7960 117.6160 0.0101 0.8004 -0.0351 0.5984
88.6058 665.2962 -4.8353 117.3815 0.0109 0.8135 -0.0352 0.5804
88.7101 665.8161 -4.8913 117.1435 0.0108 0.8278 -0.0350 0.5598
88.8143 666.3270 -4.9481 116.8962 0.0105 0.8423 -0.0345 0.5378
88.9186 666.8512 -4.9802 116.5855 0.0106 0.8568 -0.0341 0.5145
89.0228 667.3003 -5.0375 116.2827 0.0112 0.8719 -0.0344 0.4883
89.1271 667.7196 -5.1133 115.9143 0.0121 0.8865 -0.0352 0.4612
89.2313 668.1116 -5.1527 115.5893 0.0129 0.9012 -0.0367 0.4316
89.3356 668.4437 -5.2047 115.1468 0.0139 0.9147 -0.0391 0.4020
89.4396 668.7878 -5.2474 114.8026 0.0180 0.9273 -0.0394 0.3719
89.5437 669.0872 -5.3448 114.3867 0.0219 0.9388 -0.0384 0.3416
89.6478 669.3626 -5.3866 113.8807 0.0227 0.9493 -0.0383 0.3111
89.7518 669.5723 -5.4082 113.5139 0.0225 0.9590 -0.0384 0.2800
89.8558 669.8315 -5.4555 112.9558 0.0232 0.9674 -0.0382 0.2491
89.9597 670.0142 -5.5213 112.5460 0.0262 0.9751 -0.0374 0.2172
90.0637 670.1733 -5.5725 112.0435 0.0296 0.9814 -0.0386 0.1857
90.1676 670.2838 -5.6370 111.5098 0.0309 0.9868 -0.0418 0.1534
90.2715 670.4435 -5.6818 111.0067 0.0311 0.9912 -0.0450 0.1206
90.3755 670.4299 -5.7296 110.4234 0.0316 0.9945 -0.0470 0.0879
90.4793 670.4909 -5.7751 109.9400 0.0319 0.9969 -0.0464 0.0552
90.5831 670.4611 -5.8257 109.4024 0.0327 0.9982 -0.0457 0.0224
90.6870 670.4288 -5.8961 108.7506 0.0330 0.9983 -0.0466 -0.0117
90.7908 670.3197 -5.9330 108.2471 0.0337 0.9972 -0.0490 -0.0450
90.8946 670.2033 -5.9971 107.6562 0.0337 0.9950 -0.0511 -0.0786
90.9985 669.9848 -6.0397 107.1159 0.0339 0.9917 -0.0533 -0.1124
91.1021 669.7662 -6.0944 106.5461 0.0344 0.9873 -0.0551 -0.1449
91.2058 669.5585 -6.1737 105.9440 0.0361 0.9823 -0.0554 -0.1753
91.3095 669.2992 -6.2267 105.3835 0.0366 0.9765 -0.0558 -0.2049
91.4130 668.9860 -6.2891 104.8201 0.0378 0.9705 -0.0565 -0.2311
91.5166 668.6015 -6.3545 104.2418 0.0385 0.9645 -0.0577 -0.2550
91.6202 668.2244 -6.4122 103.7062 0.0391 0.9584 -0.0593 -0.2765
91.7237 667.8278 -6.4764 103.1215 0.0398 0.9531 -0.0605 -0.2940
91.8272 667.3610 -6.5487 102.6005 0.0408 0.9486 -0.0596 -0.3083
91.9306 666.9598 -6.6170 102.0501 0.0408 0.9444 -0.0570 -0.3213
92.0341 666.5527 -6.6913 101.4128 0.0393 0.9408 -0.0541 -0.3324
92.1377 666.0454 -6.7463 100.8888 0.0378 0.9377 -0.0523 -0.3415
92.2412 665.5598 -6.8120 100.3255 0.0369 0.9344 -0.0502 -0.3509
92.3449 665.0511 -6.8820 99.7618 0.0352 0.9309 -0.0476 -0.3605
92.4486 664.4845 -6.9305 99.1944 0.0317 0.9273 -0.0445 -0.3704
92.5522 663.9317 -6.9934 98.5947 0.0284 0.9233 -0.0410 -0.3808
92.6560 663.3572 -7.0474 98.0449 0.0275 0.9192 -0.0371 -0.3911
92.7597 662.7262 -7.0955 97.5047 0.0249 0.9148 -0.0323 -0.4018
92.8635 662.1212 -7.1323 96.9303 0.0217 0.9097 -0.0274 -0.4137
92.9672 661.4768 -7.1734 96.3995 0.0195 0.9046 -0.0248 -0.4250
93.0710 660.8752 -7.2170 95.9436 0.0181 0.8989 -0.0227 -0.4372
93.1747 660.2144 -7.2446 95.4450 0.0188 0.8929 -0.0215 -0.4493
93.2785 659.5226 -7.2676 94.9694 0.0197 0.8868 -0.0189 -0.4613
93.3821 658.7920 -7.2711 94.4857 0.0218 0.8808 -0.0169 -0.4726
93.4858 658.1288 -7.3103 94.0737 0.0247 0.8757 -0.0155 -0.4819
93.5895 657.4106 -7.3276 93.6676 0.0258 0.8714 -0.0140 -0.4898
93.6931 656.6484 -7.3439 93.2167 0.0258 0.8684 -0.0118 -0.4951
93.7967 655.9436 -7.3479 92.7449 0.0271 0.8665 -0.0096 -0.4984
93.9004 655.2104 -7.3678 92.3021 0.0276 0.8656 -0.0068 -0.5000
94.0040 654.4238 -7.3286 91.8505 0.0254 0.8654 -0.0036 -0.5004
94.1076 653.6324 -7.3325 91.3797 0.0231 0.8657 -0.0028 -0.5001
94.2113 652.8052 -7.3540 90.8789 0.0195 0.8665 -0.0042 -0.4988
94.3150 652.1207 -7.3731 90.4457 0.0164 0.8673 -0.0064 -0.4975
94.4186 651.2959 -7.3795 89.9239 0.0140 0.8691 -0.0085 -0.4944
94.5222 650.4547 -7.4022 89.4431 0.0140 0.8705 -0.0096 -0.4919
94.6260 649.6774 -7.3832 88.9485 0.0159 0.8718 -0.0100 -0.4895
94.7297 648.9061 -7.4082 88.4610 0.0143 0.8729 -0.0097 -0.4875
94.8335 648.0995 -7.4424 87.9525 0.0114 0.8734 -0.0109 -0.4867
94.9372 647.3032 -7.5038 87.4289 0.0079 0.8733 -0.0118 -0.4870
95.0410 646.4733 -7.5030 86.8965 0.0058 0.8734 -0.0112 -0.4869
95.1447 645.5855 -7.5291 86.3467 0.0080 0.8740 -0.0120 -0.4858
95.2484 644.6655 -7.5401 85.8231 0.0080 0.8748 -0.0111 -0.4843
95.3521 643.7807 -7.5833 85.2503 0.0083 0.8749 -0.0092 -0.4841
95.4559 642.9830 -7.5739 84.7171 0.0111 0.8755 -0.0092 -0.4830
95.5595 642.1868 -7.6215 84.1990 0.0120 0.8761 -0.0089 -0.4819
95.6631 641.3635 -7.6479 83.6763 0.0124 0.8769 -0.0090 -0.4804
95.7669 640.5326 -7.6702 83.1388 0.0129 0.8779 -0.0089 -0.4786
95.8705 639.6884 -7.6777 82.5811 0.0163 0.8789 -0.0103 -0.4766
95.9742 638.7840 -7.7119 81.9647 0.0165 0.8801 -0.0102 -0.4745
96.0779 637.9149 -7.7493 81.3768 0.0127 0.8814 -0.0097 -0.4722
96.1816 637.1119 -7.7898 80.8082 0.0125 0.8821 -0.0097 -0.4707
96.2853 636.2830 -7.7846 80.2775 0.0142 0.8825 -0.0098 -0.4699
96.3891 635.4641 -7.7950 79.7293 0.0158 0.8829 -0.0097 -0.4692
96.4929 634.6591 -7.8320 79.1509 0.0147 0.8833 -0.0100 -0.4685
96.5966 633.8033 -7.8764 78.5633 0.0134 0.8836 -0.0104 -0.4679
96.7004 632.9916 -7.8895 77.9758 0.0132 0.8837 -0.0096 -0.4678
96.8040 632.1964 -7.9040 77.4033 0.0155 0.8831 -0.0089 -0.4689
96.9077 631.4290 -7.9379 76.8777 0.0140 0.8834 -0.0077 -0.4683
97.0115 630.6407 -7.9500 76.3512 0.0129 0.8836 -0.0083 -0.4680
97.1151 629.8936 -7.9723 75.8540 0.0138 0.8838 -0.0096 -0.4676
97.2189 629.1712 -8.0072 75.3508 0.0139 0.8842 -0.0091 -0.4669
97.3225 628.4080 -8.0251 74.8306 0.0140 0.8847 -0.0093 -0.4659
97.4262 627.5870 -8.0724 74.2553 0.0125 0.8854 -0.0095 -0.4646
97.5300 626.8694 -8.0746 73.7232 0.0125 0.8860 -0.0090 -0.4635
97.6337 626.1188 -8.1089 73.1925 0.0142 0.8868 -0.0078 -0.4618
97.7375 625.3858 -8.1400 72.6461 0.0147 0.8875 -0.0076 -0.4605
97.8412 624.7520 -8.1520 72.2072 0.0123 0.8879 -0.0082 -0.4598
97.9451 624.0436 -8.1800 71.6568 0.0119 0.8885 -0.0086 -0.4587
98.0487 623.3936 -8.1961 71.2079 0.0112 0.8888 -0.0080 -0.4580
98.1525 622.7954 -8.2347 70.7865 0.0123 0.8891 -0.0079 -0.4574
98.2562 622.1556 -8.2422 70.3193 0.0112 0.8894 -0.0077 -0.4570
98.3600 621.5147 -8.2579 69.8338 0.0100 0.8896 -0.0077 -0.4566
98.4637 620.8866 -8.2904 69.3818 0.0114 0.8900 -0.0070 -0.4558
98.5675 620.3226 -8.3116 68.9935 0.0123 0.8905 -0.0055 -0.4548
98.6712 619.7943 -8.3327 68.6007 0.0129 0.8912 -0.0041 -0.4534
98.7749 619.2760 -8.3399 68.2061 0.0129 0.8916 -0.0039 -0.4526
98.8786 618.7552 -8.3603 67.8333 0.0127 0.8921 -0.0034 -0.4517
98.9823 618.2767 -8.3732 67.4761 0.0124 0.8924 -0.0035 -0.4510
99.0861 617.8568 -8.3821 67.1321 0.0122 0.8929 -0.0045 -0.4501
99.1897 617.4508 -8.4085 66.7969 0.0121 0.8930 -0.0049 -0.4498
99.2935 617.0299 -8.4113 66.5111 0.0130 0.8933 -0.0057 -0.4493
99.3972 616.6513 -8.4200 66.2280 0.0123 0.8936 -0.0064 -0.4487
99.5008 616.3072 -8.4321 65.9568 0.0111 0.8935 -0.0062 -0.4490
99.6046 616.0097 -8.4497 65.7094 0.0115 0.8935 -0.0056 -0.4489
99.7083 615.6790 -8.4508 65.4886 0.0121 0.8938 -0.0055 -0.4482
99.8120 615.4084 -8.4705 65.2634 0.0141 0.8939 -0.0066 -0.4479
99.9157 615.1490 -8.4768 65.0541 0.0136 0.8940 -0.0069 -0.4479
100.0193 614.9243 -8.4823 64.8960 0.0132 0.8942 -0.0072 -0.4474
100.1231 614.7355 -8.4879 64.7469 0.0127 0.8944 -0.0070 -0.4470
100.2267 614.4789 -8.5043 64.5787 0.0141 0.8945 -0.0071 -0.4468
100.3305 614.3206 -8.5077 64.4367 0.0143 0.8945 -0.0074 -0.4469
100.4341 614.1683 -8.5076 64.3395 0.0131 0.8945 -0.0085 -0.4468
100.5379 614.0171 -8.5221 64.1951 0.0132 0.8948 -0.0102 -0.4461
100.6415 613.8565 -8.5393 64.0656 0.0138 0.8946 -0.0110 -0.4465
100.7452 613.6826 -8.5364 63.9260 0.0135 0.8947 -0.0108 -0.4463
100.8489 613.5115 -8.5512 63.8471 0.0135 0.8947 -0.0106 -0.4463
100.9526 613.3420 -8.5541 63.6792 0.0140 0.8946 -0.0109 -0.4464
101.0562 613.1702 -8.5415 63.5556 0.0144 0.8945 -0.0113 -0.4468
101.1600 613.0077 -8.5511 63.4381 0.0132 0.8945 -0.0114 -0.4468
101.2636 612.8384 -8.5528 63.3304 0.0126 0.8947 -0.0113 -0.4464
101.3674 612.6720 -8.5658 63.2033 0.0128 0.8946 -0.0111 -0.4466
101.4710 612.5190 -8.5874 63.0564 0.0128 0.8946 -0.0108 -0.4465
101.5747 612.3384 -8.5795 62.9360 0.0138 0.8947 -0.0106 -0.4464
101.6784 612.1989 -8.5867 62.8354 0.0143 0.8947 -0.0109 -0.4464
101.7821 612.0227 -8.5895 62.7115 0.0133 0.8946 -0.0103 -0.4466
101.8859 611.9069 -8.5894 62.6107 0.0135 0.8946 -0.0106 -0.4465
101.9896 611.7724 -8.6009 62.5143 0.0135 0.8946 -0.0105 -0.4465
102.0932 611.6149 -8.6168 62.3721 0.0150 0.8946 -0.0109 -0.4464
102.1970 611.5115 -8.6126 62.2955 0.0151 0.8946 -0.0107 -0.4465
102.3007 611.3341 -8.6107 62.1822 0.0149 0.8944 -0.0108 -0.4468
102.4045 611.2267 -8.6089 62.0875 0.0138 0.8946 -0.0108 -0.4465
102.5083 611.1114 -8.6097 62.0077 0.0135 0.8947 -0.0110 -0.4464
102.6119 610.9726 -8.6223 61.9034 0.0145 0.8946 -0.0115 -0.4464
102.7156 610.8536 -8.6244 61.8141 0.0147 0.8945 -0.0116 -0.4466
102.8194 610.7373 -8.6284 61.7370 0.0144 0.8945 -0.0115 -0.4467
102.9230 610.6405 -8.6506 61.6619 0.0149 0.8945 -0.0108 -0.4466
103.0267 610.5423 -8.6258 61.5622 0.0135 0.8947 -0.0085 -0.4463
103.1305 610.4193 -8.6321 61.4849 0.0126 0.8946 -0.0082 -0.4467
103.2341 610.3050 -8.6499 61.4170 0.0127 0.8945 -0.0100 -0.4468
103.3379 610.2365 -8.6485 61.3506 0.0128 0.8946 -0.0106 -0.4466
103.4415 610.1018 -8.6611 61.2470 0.0130 0.8947 -0.0106 -0.4464
103.5452 610.0254 -8.6503 61.1715 0.0126 0.8946 -0.0107 -0.4466
103.6490 609.9714 -8.6511 61.1450 0.0130 0.8948 -0.0109 -0.4462
103.7526 609.8757 -8.6685 61.0454 0.0121 0.8948 -0.0117 -0.4461
103.8564 609.7040 -8.6687 60.9018 0.0119 0.8949 -0.0134 -0.4459
103.9601 609.5012 -8.6680 60.7819 0.0112 0.8952 -0.0150 -0.4453
104.0637 609.3805 -8.6836 60.6741 0.0108 0.8956 -0.0163 -0.4444
104.1674 609.1836 -8.6779 60.5212 0.0104 0.8962 -0.0171 -0.4432
104.2710 608.9758 -8.6996 60.3600 0.0093 0.8973 -0.0178 -0.4410
104.3746 608.7503 -8.7041 60.1795 0.0092 0.8983 -0.0186 -0.4388
104.4782 608.5377 -8.7176 59.9954 0.0105 0.8996 -0.0196 -0.4362
104.5820 608.2584 -8.7198 59.7418 0.0095 0.9010 -0.0211 -0.4331
104.6857 607.9637 -8.7419 59.5074 0.0093 0.9030 -0.0209 -0.4291
104.7894 607.6542 -8.7572 59.2549 0.0098 0.9051 -0.0220 -0.4245
104.8930 607.3381 -8.7763 58.9997 0.0111 0.9071 -0.0226 -0.4201
104.9967 607.0234 -8.7957 58.7276 0.0123 0.9091 -0.0222 -0.4158
105.1005 606.7291 -8.7952 58.3936 0.0144 0.9113 -0.0210 -0.4110
105.2041 606.4001 -8.8192 58.0817 0.0132 0.9135 -0.0218 -0.4059
105.3077 605.9844 -8.8447 57.7074 0.0125 0.9156 -0.0224 -0.4013
105.4115 605.5965 -8.8571 57.3620 0.0144 0.9175 -0.0205 -0.3969
105.5153 605.2205 -8.8836 57.0012 0.0169 0.9194 -0.0193 -0.3926
105.6189 604.7945 -8.8971 56.5484 0.0178 0.9212 -0.0187 -0.3883
105.7226 604.4038 -8.9148 56.1199 0.0159 0.9226 -0.0161 -0.3850
105.8265 604.0150 -8.9332 55.7125 0.0164 0.9238 -0.0143 -0.3823
105.9302 603.5902 -8.9376 55.2713 0.0136 0.9247 -0.0131 -0.3801
106.0341 603.1234 -8.9699 54.7850 0.0124 0.9251 -0.0117 -0.3792
106.1379 602.6643 -8.9782 54.2769 0.0106 0.9254 -0.0101 -0.3788
106.2417 602.1877 -8.9962 53.7993 0.0110 0.9259 -0.0099 -0.3774
106.3455 601.6608 -8.9882 53.2919 0.0105 0.9263 -0.0096 -0.3764
106.4492 601.1770 -9.0420 52.7591 0.0112 0.9265 -0.0099 -0.3760
106.5530 600.7113 -9.0469 52.2586 0.0078 0.9270 -0.0123 -0.3747
106.6568 600.2480 -9.0687 51.7337 0.0030 0.9273 -0.0135 -0.3741
106.7605 599.6734 -9.1091 51.1151 0.0022 0.9275 -0.0159 -0.3734
106.8642 599.1348 -9.1297 50.5822 0.0050 0.9277 -0.0169 -0.3728
106.9680 598.5881 -9.1623 49.9966 0.0061 0.9281 -0.0154 -0.3721
107.0718 598.0180 -9.1874 49.3548 0.0044 0.9281 -0.0138 -0.3721
107.1755 597.3925 -9.2064 48.6926 0.0063 0.9286 -0.0137 -0.3707
107.2791 596.8081 -9.2329 48.0665 0.0048 0.9291 -0.0131 -0.3695
107.3829 596.2199 -9.2700 47.4291 0.0052 0.9296 -0.0120 -0.3683
107.4865 595.6387 -9.2877 46.7599 0.0071 0.9304 -0.0122 -0.3663
107.5902 595.0134 -9.3114 46.0874 0.0073 0.9313 -0.0123 -0.3640
107.6939 594.4076 -9.3397 45.4436 0.0078 0.9324 -0.0113 -0.3613
107.7976 593.8122 -9.3577 44.7529 0.0088 0.9334 -0.0110 -0.3587
107.9012 593.1773 -9.4084 44.0293 0.0097 0.9343 -0.0111 -0.3563
108.0050 592.5657 -9.4154 43.3406 0.0095 0.9349 -0.0120 -0.3545
108.1087 591.9656 -9.4681 42.6465 0.0087 0.9355 -0.0132 -0.3530
108.2125 591.3689 -9.5018 41.9539 0.0075 0.9357 -0.0142 -0.3524
108.3162 590.7615 -9.5486 41.2375 0.0068 0.9356 -0.0148 -0.3528
108.4200 590.1579 -9.5739 40.5294 0.0043 0.9353 -0.0143 -0.3535
108.5237 589.5756 -9.6131 39.8328 0.0039 0.9351 -0.0144 -0.3542
108.6275 588.9571 -9.6481 39.1029 0.0044 0.9347 -0.0143 -0.3552
108.7312 588.3213 -9.6791 38.4103 0.0051 0.9344 -0.0144 -0.3559
108.8351 587.7202 -9.7293 37.7273 0.0062 0.9339 -0.0146 -0.3572
108.9389 587.0929 -9.7602 37.0401 0.0051 0.9335 -0.0149 -0.3582
109.0426 586.4547 -9.8031 36.3622 0.0050 0.9331 -0.0161 -0.3592
109.1464 585.8599 -9.8390 35.6565 0.0057 0.9325 -0.0161 -0.3609
109.2501 585.2312 -9.8739 34.9983 0.0054 0.9321 -0.0163 -0.3618
109.3539 584.5785 -9.9197 34.3029 0.0051 0.9316 -0.0159 -0.3632
109.4576 583.9478 -9.9706 33.5840 0.0055 0.9310 -0.0166 -0.3647
109.5612 583.3068 -10.0018 32.9201 0.0052 0.9307 -0.0171 -0.3655
109.6650 582.6850 -10.0501 32.2334 0.0052 0.9302 -0.0185 -0.3665
109.7687 582.0429 -10.0937 31.5016 0.0049 0.9299 -0.0182 -0.3673
109.8724 581.3894 -10.1607 30.8067 0.0048 0.9299 -0.0178 -0.3674
109.9761 580.7326 -10.1772 30.1330 0.0049 0.9299 -0.0175 -0.3673
110.0797 580.0712 -10.2265 29.4327 0.0048 0.9301 -0.0175 -0.3670
110.1835 579.3857 -10.2778 28.7038 0.0045 0.9299 -0.0178 -0.3673
110.2872 578.7512 -10.3279 28.0014 0.0040 0.9301 -0.0182 -0.3669
110.3909 578.1036 -10.3693 27.2691 0.0041 0.9305 -0.0180 -0.3658
110.4946 577.4333 -10.4173 26.5454 0.0039 0.9307 -0.0181 -0.3653
110.5982 576.7606 -10.4510 25.8157 0.0031 0.9309 -0.0188 -0.3648
110.7020 576.0664 -10.5236 25.0598 0.0024 0.9312 -0.0202 -0.3640
110.8056 575.4686 -10.5713 24.3563 0.0012 0.9316 -0.0204 -0.3630
110.9092 574.8044 -10.6258 23.6229 0.0028 0.9319 -0.0194 -0.3622
111.0129 574.1504 -10.6638 22.8871 0.0036 0.9324 -0.0179 -0.3610
111.1166 573.5012 -10.7090 22.1472 0.0045 0.9328 -0.0174 -0.3599
111.2202 572.8784 -10.7721 21.4599 0.0052 0.9331 -0.0173 -0.3591
111.3240 572.2681 -10.8173 20.7812 0.0048 0.9336 -0.0179 -0.3579
111.4276 571.6556 -10.8637 20.0953 0.0048 0.9340 -0.0182 -0.3567
111.5314 571.0006 -10.9180 19.3637 0.0056 0.9345 -0.0190 -0.3554
111.6350 570.3872 -10.9621 18.6711 0.0044 0.9348 -0.0197 -0.3545
111.7387 569.7730 -11.0182 17.9452 0.0041 0.9351 -0.0209 -0.3537
111.8424 569.1158 -11.0810 17.1866 0.0044 0.9355 -0.0204 -0.3527
111.9461 568.4821 -11.1147 16.4507 0.0041 0.9358 -0.0183 -0.3520
112.0497 567.8667 -11.1615 15.6906 0.0040 0.9361 -0.0163 -0.3514
112.1535 567.3025 -11.2064 15.0561 0.0031 0.9361 -0.0159 -0.3513
112.2571 566.7407 -11.2728 14.4049 0.0014 0.9359 -0.0168 -0.3519
112.3609 566.1101 -11.3206 13.6933 0.0010 0.9357 -0.0179 -0.3524
112.4646 565.5465 -11.3610 13.0180 0.0022 0.9350 -0.0192 -0.3541
112.5682 564.9190 -11.3949 12.3708 0.0034 0.9347 -0.0195 -0.3548
112.6720 564.3504 -11.4627 11.7098 0.0055 0.9341 -0.0202 -0.3564
112.7756 563.7655 -11.5049 11.0870 0.0059 0.9339 -0.0208 -0.3568
112.8794 563.1472 -11.5492 10.3867 0.0068 0.9336 -0.0212 -0.3577
112.9830 562.5508 -11.6056 9.6736 0.0068 0.9330 -0.0218 -0.3592
113.0867 561.9892 -11.6478 9.0590 0.0054 0.9325 -0.0240 -0.3604
113.1905 561.4639 -11.7223 8.4887 0.0022 0.9321 -0.0266 -0.3613
113.2941 560.9359 -11.7857 7.8844 -0.0009 0.9316 -0.0289 -0.3624
113.3978 560.3901 -11.8404 7.2676 -0.0014 0.9313 -0.0297 -0.3631
113.5015 559.8241 -11.9023 6.6708 -0.0000 0.9312 -0.0291 -0.3634
113.6052 559.3138 -11.9525 6.1146 0.0018 0.9310 -0.0283 -0.3640
113.7090 558.8587 -12.0330 5.5889 0.0035 0.9308 -0.0284 -0.3644
113.8126 558.4400 -12.0512 5.1025 0.0053 0.9308 -0.0305 -0.3643
113.9164 557.9314 -12.1476 4.5840 0.0036 0.9306 -0.0322 -0.3645
114.0201 557.5699 -12.1891 4.1511 0.0037 0.9306 -0.0336 -0.3645
114.1239 557.1355 -12.2345 3.6674 0.0047 0.9306 -0.0339 -0.3644
114.2276 556.7018 -12.2760 3.2437 0.0034 0.9307 -0.0330 -0.3643
114.3314 556.3567 -12.3200 2.8544 0.0038 0.9309 -0.0327 -0.3638
114.4350 555.9870 -12.3634 2.4670 0.0040 0.9308 -0.0338 -0.3639
114.5387 555.6530 -12.4293 2.0626 0.0013 0.9306 -0.0349 -0.3644
114.6425 555.3097 -12.4648 1.6708 -0.0018 0.9306 -0.0347 -0.3644
114.7463 554.9539 -12.5113 1.2895 -0.0017 0.9306 -0.0345 -0.3644
114.8500 554.6384 -12.5525 0.9141 -0.0008 0.9306 -0.0340 -0.3645
114.9538 554.3075 -12.5882 0.5793 -0.0003 0.9306 -0.0331 -0.3646
115.0574 553.9790 -12.6360 0.1905 -0.0014 0.9305 -0.0321 -0.3649
115.1611 553.6846 -12.6746 -0.1112 -0.0015 0.9304 -0.0317 -0.3652
115.2649 553.3919 -12.7135 -0.4480 -0.0018 0.9303 -0.0317 -0.3655
115.3686 553.1163 -12.7534 -0.7588 -0.0007 0.9300 -0.0323 -0.3660
115.4724 552.8164 -12.7817 -1.0737 -0.0002 0.9300 -0.0327 -0.3660
115.5761 552.5103 -12.8168 -1.4027 0.0003 0.9300 -0.0330 -0.3662
115.6797 552.2305 -12.8537 -1.6974 0.0005 0.9300 -0.0332 -0.3661
115.7835 551.9728 -12.8765 -1.9481 0.0005 0.9301 -0.0334 -0.3659
115.8871 551.7397 -12.9114 -2.2450 0.0009 0.9300 -0.0337 -0.3659
115.9909 551.4818 -12.9425 -2.4942 0.0007 0.9302 -0.0345 -0.3655
116.0946 551.2302 -12.9763 -2.7571 0.0004 0.9303 -0.0353 -0.3651
116.1983 550.9782 -13.0067 -3.0232 -0.0002 0.9303 -0.0368 -0.3649
116.3020 550.7865 -13.0467 -3.2707 0.0015 0.9305 -0.0391 -0.3643
116.4056 550.5544 -13.0785 -3.4994 0.0034 0.9307 -0.0408 -0.3634
116.5094 550.2997 -13.1021 -3.7189 0.0037 0.9312 -0.0414 -0.3621
116.6133 550.1175 -13.1221 -3.9376 0.0035 0.9317 -0.0418 -0.3607
116.7167 549.9364 -13.1411 -4.1680 0.0010 0.9323 -0.0414 -0.3594
116.8205 549.7535 -13.1707 -4.3542 0.0006 0.9327 -0.0416 -0.3582
116.9242 549.6496 -13.1899 -4.5004 -0.0001 0.9334 -0.0416 -0.3565
117.0280 549.4963 -13.2254 -4.7036 0.0001 0.9338 -0.0416 -0.3554
117.1316 549.3296 -13.2398 -4.8473 0.0000 0.9343 -0.0416 -0.3542
117.2354 549.2045 -13.2648 -5.0102 0.0001 0.9346 -0.0416 -0.3532
117.3391 549.0956 -13.2921 -5.1578 0.0001 0.9349 -0.0420 -0.3525
117.4429 548.9246 -13.3109 -5.3661 -0.0002 0.9347 -0.0429 -0.3528
117.5467 548.8229 -13.3265 -5.4347 -0.0008 0.9348 -0.0439 -0.3526
117.6504 548.7214 -13.3496 -5.6002 -0.0015 0.9346 -0.0447 -0.3530
117.7540 548.6307 -13.3548 -5.6703 -0.0015 0.9345 -0.0449 -0.3531
117.8577 548.5470 -13.3750 -5.7703 -0.0015 0.9344 -0.0454 -0.3532
117.9615 548.4462 -13.3870 -5.9171 -0.0018 0.9344 -0.0459 -0.3533
118.0651 548.3774 -13.3983 -5.9736 -0.0019 0.9346 -0.0460 -0.3528
118.1689 548.3264 -13.4110 -6.0428 -0.0019 0.9348 -0.0461 -0.3522
118.2725 548.2559 -13.4230 -6.1447 -0.0021 0.9347 -0.0463 -0.3523
118.3763 548.1717 -13.4417 -6.2364 -0.0023 0.9348 -0.0466 -0.3522
118.4799 548.1096 -13.4417 -6.2616 -0.0028 0.9350 -0.0470 -0.3515
118.5836 548.0650 -13.4464 -6.3045 -0.0031 0.9351 -0.0472 -0.3511
118.6872 547.9972 -13.4650 -6.4189 -0.0030 0.9350 -0.0472 -0.3514
118.7910 547.9522 -13.4616 -6.4442 -0.0031 0.9352 -0.0472 -0.3509
118.8948 547.8820 -13.4810 -6.5685 -0.0031 0.9351 -0.0475 -0.3511
118.9985 547.8561 -13.4920 -6.5871 -0.0032 0.9352 -0.0476 -0.3509
119.1021 547.8285 -13.4902 -6.6037 -0.0035 0.9353 -0.0479 -0.3505
119.2059 547.7563 -13.5013 -6.6746 -0.0036 0.9353 -0.0481 -0.3507
119.3096 547.7294 -13.5081 -6.6879 -0.0036 0.9355 -0.0482 -0.3501
119.4132 547.6800 -13.5045 -6.7621 -0.0038 0.9354 -0.0483 -0.3504
119.5170 547.6587 -13.5135 -6.8175 -0.0039 0.9353 -0.0486 -0.3505
119.6207 547.5882 -13.5180 -6.8828 -0.0041 0.9353 -0.0488 -0.3505
119.7244 547.5643 -13.5252 -6.8890 -0.0043 0.9353 -0.0490 -0.3504
119.8281 547.5643 -13.5263 -6.9589 -0.0041 0.9354 -0.0490 -0.3501
119.9319 547.5315 -13.5405 -6.9496 -0.0041 0.9355 -0.0491 -0.3499
120.0355 547.5419 -13.5359 -6.9730 -0.0042 0.9355 -0.0492 -0.3499
120.1392 547.5129 -13.5418 -6.9976 -0.0042 0.9355 -0.0492 -0.3499
120.2429 547.4989 -13.5427 -7.0152 -0.0045 0.9355 -0.0495 -0.3499
120.3466 547.4819 -13.5438 -7.0223 -0.0045 0.9355 -0.0494 -0.3499
120.4502 547.4971 -13.5440 -6.9848 -0.0047 0.9355 -0.0496 -0.3497
120.5540 547.4950 -13.5433 -6.9952 -0.0047 0.9356 -0.0497 -0.3496
120.6576 547.4688 -13.5492 -7.0307 -0.0050 0.9356 -0.0500 -0.3495
120.7614 547.4400 -13.5556 -7.0506 -0.0052 0.9356 -0.0504 -0.3495
120.8650 547.4215 -13.5557 -7.0768 -0.0052 0.9355 -0.0505 -0.3497
120.9686 547.3935 -13.5654 -7.1046 -0.0052 0.9354 -0.0506 -0.3500
121.0724 547.4326 -13.5650 -7.0833 -0.0051 0.9356 -0.0505 -0.3494
121.1760 547.4046 -13.5682 -7.1111 -0.0051 0.9356 -0.0504 -0.3494
121.2797 547.3516 -13.5769 -7.1451 -0.0052 0.9355 -0.0505 -0.3496
121.3834 547.3212 -13.5724 -7.1930 -0.0051 0.9355 -0.0504 -0.3497
121.4871 547.3188 -13.5791 -7.1966 -0.0049 0.9356 -0.0502 -0.3495
121.5909 547.3188 -13.5773 -7.1979 -0.0051 0.9356 -0.0503 -0.3494
121.6945 547.2578 -13.5826 -7.2834 -0.0049 0.9356 -0.0499 -0.3495
121.7982 547.2321 -13.5933 -7.3157 -0.0050 0.9355 -0.0502 -0.3496
121.9020 547.2084 -13.5995 -7.3602 -0.0050 0.9356 -0.0500 -0.3495
122.0056 547.1513 -13.6048 -7.4196 -0.0050 0.9355 -0.0500 -0.3496
122.1094 547.1070 -13.6173 -7.4488 -0.0053 0.9356 -0.0502 -0.3494
122.2131 547.0739 -13.6165 -7.4790 -0.0052 0.9358 -0.0501 -0.3490
122.3168 547.0043 -13.6320 -7.5501 -0.0052 0.9357 -0.0502 -0.3493
122.4205 546.9832 -13.6328 -7.5921 -0.0051 0.9357 -0.0500 -0.3492
122.5243 546.9103 -13.6392 -7.6429 -0.0052 0.9357 -0.0502 -0.3491
122.6280 546.8624 -13.6560 -7.7231 -0.0051 0.9357 -0.0502 -0.3492
122.7316 546.8145 -13.6597 -7.7795 -0.0052 0.9358 -0.0502 -0.3490
122.8352 546.7342 -13.6745 -7.8811 -0.0050 0.9358 -0.0501 -0.3490
122.9390 546.6687 -13.6939 -7.9643 -0.0049 0.9358 -0.0498 -0.3490
123.0426 546.5719 -13.7064 -8.0472 -0.0050 0.9358 -0.0499 -0.3490
123.1462 546.5387 -13.7108 -8.1136 -0.0052 0.9359 -0.0500 -0.3487
123.2500 546.4546 -13.7207 -8.1852 -0.0052 0.9359 -0.0500 -0.3487
123.3536 546.3789 -13.7402 -8.2849 -0.0050 0.9357 -0.0503 -0.3491
123.4574 546.3019 -13.7565 -8.3976 -0.0044 0.9358 -0.0504 -0.3490
123.5610 546.2194 -13.7617 -8.4994 -0.0026 0.9358 -0.0507 -0.3488
123.6648 546.1473 -13.7771 -8.5745 -0.0018 0.9357 -0.0508 -0.3491
123.7685 546.0807 -13.7853 -8.6579 -0.0014 0.9356 -0.0505 -0.3493
123.8721 546.0179 -13.8039 -8.7200 -0.0013 0.9358 -0.0501 -0.3490
123.9759 545.9478 -13.8058 -8.7863 -0.0016 0.9357 -0.0504 -0.3490
124.0796 545.8908 -13.8304 -8.8660 -0.0017 0.9357 -0.0501 -0.3492
124.1832 545.8675 -13.8345 -8.8967 -0.0013 0.9360 -0.0499 -0.3484
124.2870 545.7925 -13.8463 -8.9638 -0.0011 0.9361 -0.0500 -0.3482
124.3906 545.7159 -13.8565 -9.0823 -0.0010 0.9360 -0.0493 -0.3486
124.4944 545.6350 -13.8684 -9.1716 -0.0011 0.9361 -0.0494 -0.3483
