1.0 0.0 0.0 0.0 0.0 1.0 0.0 0.0 0.0 0.0 1.0 0.0
0.9932652 -0.11548233 -0.009456805 1.5166016 0.11533491 0.9932158 -0.014881813 1.7808838 0.011111366 0.013691164 0.99984455 0.009033203
0.999955 -0.009245752 -0.0021146575 2.5583496 0.00924364 0.9999567 -0.001006654 2.930542 0.002123873 0.0009870594 0.99999726 0.06665039
0.99824893 0.05900845 0.0041133026 3.085083 -0.05903863 0.9982263 0.0076489486 3.1608887 -0.0036546658 -0.007878436 0.9999623 0.06982422
0.998613 0.05254903 0.0033343188 2.875122 -0.05255577 0.9986163 0.0019660674 2.8952637 -0.003226386 -0.0021385693 0.9999925 0.08093262
0.9934483 0.11403383 0.007512783 3.5041504 -0.11404397 0.99347514 0.000934351 3.0548096 -0.0073572234 -0.0017849201 0.99997133 0.06726074
0.9912656 0.1317002 0.007320104 3.232788 -0.13168393 0.99129117 -0.0026653605 2.7419434 -0.007607282 0.001678485 0.99996966 0.07128906
0.98105955 0.19343708 0.009355554 3.8527832 -0.19342457 0.9811041 -0.0022338491 2.92688 -0.00961093 0.00038142293 0.99995375 0.0715332
0.97446305 0.22409856 0.013492488 3.6987305 -0.22409517 0.9745556 -0.0017825741 2.6586914 -0.013548827 -0.0012869664 0.9999074 0.06652832
0.95788014 0.28644076 0.019425765 4.260254 -0.2863869 0.958077 -0.0055594854 2.6834717 -0.020204188 -0.00023932732 0.99979585 0.064331055
0.9475437 0.31866068 0.025200104 4.1711426 -0.31836805 0.9478586 -0.014985165 2.472046 -0.028660959 0.006177267 0.99957013 0.08325195
0.923335 0.38296008 0.028661203 4.6606445 -0.3824839 0.9237428 -0.020792847 2.411499 -0.034438677 0.008240515 0.99937314 0.07421875
0.9045545 0.42515743 0.032121737 4.7089844 -0.42462763 0.90510166 -0.022164375 2.1567383 -0.03849795 0.006412346 0.9992384 0.068237305
0.876366 0.4802615 0.03583626 5.0268555 -0.47963884 0.8770861 -0.024879554 2.0297852 -0.043382615 0.0046147797 0.999048 0.05041504
0.8478986 0.5287425 0.03771112 5.211548 -0.5279421 0.84872174 -0.029524568 1.7966309 -0.04762141 0.005115796 0.9988519 0.046875
0.8132414 0.58055824 0.03858718 5.46521 -0.5794904 0.8141281 -0.03584682 1.5895996 -0.05222897 0.006787706 0.99861205 0.03503418
0.77850205 0.6263743 0.039035343 5.675171 -0.62513876 0.779452 -0.039880265 1.3382568 -0.05540792 0.006638985 0.99844146 0.026367188
0.7400568 0.67155594 0.036838368 5.9331055 -0.6701959 0.7409362 -0.043354496 1.0792236 -0.05640829 0.007396901 0.99838036 0.0020751953
0.69959307 0.7136345 0.036589745 6.1707764 -0.7121721 0.7005219 -0.0460699 0.8017578 -0.05851449 0.006172385 0.9982676 -0.01550293
0.6587269 0.75132877 0.039296094 6.4140625 -0.7498911 0.65989757 -0.046474874 0.48327637 -0.060845364 0.0011386555 0.99814594 -0.048583984
0.61753184 0.7855554 0.039974667 6.6551514 -0.7841418 0.61882013 -0.047164515 0.15820312 -0.061782386 -0.0022139326 0.9980874 -0.06518555
0.57960063 0.8140052 0.040329408 6.877075 -0.8125655 0.5809841 -0.04860045 -0.21508789 -0.06298944 -0.0046035033 0.9980033 -0.0949707
0.5402927 0.8403765 0.04148082 7.1254883 -0.83883303 0.5418361 -0.05139255 -0.6081543 -0.06567594 -0.007019907 0.9978172 -0.1138916
0.5044453 0.8624765 0.04227342 7.350464 -0.86099917 0.50610685 -0.051526014 -1.0236816 -0.0658242 -0.010402478 0.99777657 -0.1463623
0.46941453 0.8821438 0.041303888 7.567383 -0.8807926 0.47105747 -0.050438806 -1.4736328 -0.06393373 -0.01270151 0.99787265 -0.17565918
0.43592763 0.899394 0.03738459 7.7939453 -0.89804316 0.437376 -0.050592806 -1.9580078 -0.06185043 -0.011509128 0.9980193 -0.21240234
0.4059683 0.91319025 0.033027455 8.002441 -0.91192603 0.40718114 -0.049101353 -2.4641113 -0.058303297 -0.0101735415 0.998248 -0.24511719
0.3816805 0.9237981 0.029205142 8.222778 -0.9226384 0.3826908 -0.047137268 -3.0014648 -0.054723583 -0.008941798 0.9984619 -0.27978516
0.3612064 0.93201125 0.027446099 8.434937 -0.93090457 0.36213896 -0.046257127 -3.569336 -0.053064253 -0.008831395 0.99855274 -0.31604004
0.34752083 0.93740684 0.025413886 8.637695 -0.9362129 0.34837565 -0.04782801 -4.156372 -0.053684697 -0.0071846033 0.9985315 -0.35388184
0.3336494 0.9422143 0.024415793 8.863159 -0.9409362 0.3344783 -0.049490158 -4.7685547 -0.05480975 -0.0064506084 0.99847656 -0.38537598
0.32349083 0.9459505 0.02536505 9.083252 -0.94456816 0.32440275 -0.05162222 -5.409668 -0.05706481 -0.0072656823 0.998344 -0.4230957
0.31376576 0.94906795 0.027609741 9.318726 -0.94765013 0.31483155 -0.052761834 -6.0791016 -0.058747545 -0.009602089 0.9982262 -0.46813965
0.30293265 0.9525157 0.028590105 9.541016 -0.95102686 0.3040884 -0.054308753 -6.753296 -0.060435116 -0.01072804 0.99811506 -0.50671387
0.29253063 0.9557417 0.029523978 9.749023 -0.9541285 0.29378784 -0.05670595 -7.4732666 -0.062876314 -0.01157096 0.99795467 -0.546875
0.28324908 0.9584836 0.029925808 9.969116 -0.9567376 0.28457537 -0.059032153 -8.207153 -0.06512044 -0.011903288 0.9978073 -0.5932617
0.27276987 0.96169156 0.030090913 10.192139 -0.95986855 0.27414498 -0.0604718 -8.963257 -0.06639044 -0.012382605 0.99771655 -0.6361084
0.26154643 0.9645978 0.03200711 10.393066 -0.9626657 0.2631028 -0.062699154 -9.7335205 -0.068910554 -0.014413756 0.9975189 -0.6870117
0.25068983 0.96747416 0.034274492 10.609619 -0.9653014 0.2524959 -0.066829585 -10.513062 -0.07329798 -0.016351435 0.99717456 -0.73706055
0.23803583 0.9705825 0.03571342 10.81189 -0.968172 0.24004364 -0.070649035 -11.306152 -0.07712698 -0.017746354 0.9968629 -0.788208
0.22660124 0.97339696 0.035915628 11.003784 -0.9707923 0.22870629 -0.07345824 -12.097534 -0.07970087 -0.018228013 0.996651 -0.8360596
0.21037537 0.976871 0.035517868 11.187744 -0.97419614 0.21251245 -0.0746672 -12.905151 -0.080516264 -0.01887984 0.99657613 -0.890625
0.19652753 0.97983265 0.03591945 11.349243 -0.9772784 0.19871505 -0.073629215 -13.7126465 -0.07930388 -0.02064805 0.99663705 -0.9449463
0.18063033 0.98285836 0.03602962 11.507935 -0.9803854 0.18285626 -0.073109984 -14.529907 -0.078437135 -0.02212185 0.99667287 -0.9996338
0.15913223 0.9865626 0.037057485 11.644043 -0.984274 0.16145429 -0.07166892 -15.3573 -0.076712795 -0.025061999 0.9967397 -1.0523682
0.13474554 0.9901579 0.039226517 11.764526 -0.9881196 0.1372404 -0.06993727 -16.179688 -0.07463159 -0.029359434 0.9967783 -1.105835
0.10549132 0.9935681 0.042123184 11.853638 -0.9916917 0.108263366 -0.07004203 -17.020996 -0.07415089 -0.0344107 0.9966525 -1.163208
0.069487505 0.99670804 0.042664073 11.923462 -0.9949336 0.07237488 -0.07032948 -17.866821 -0.073165976 -0.037564114 0.9966109 -1.2139893
0.0362467 0.9984437 0.04224374 11.958252 -0.99677867 0.039143573 -0.06989571 -18.71521 -0.0714643 -0.039580703 0.99665856 -1.2618408
0.0032768562 0.9991486 0.041128725 11.966675 -0.9975853 0.006118309 -0.069169916 -19.580688 -0.06937945 -0.040793292 0.9967569 -1.30896
-0.030891785 0.99863243 0.041786455 11.946289 -0.99730283 -0.028020374 -0.067601755 -20.435059 -0.06632363 -0.04378973 0.99683565 -1.3537598
-0.06409243 0.99704003 0.042814832 11.897095 -0.9960442 -0.061253443 -0.06460106 -21.296997 -0.06178647 -0.046800625 0.99699134 -1.4074707
-0.09668052 0.9945684 0.038865037 11.817871 -0.9936945 -0.09421122 -0.06098259 -22.167236 -0.05698677 -0.04454291 0.9973805 -1.4490967
-0.12678504 0.991388 0.03266624 11.701904 -0.99062014 -0.124859095 -0.055455294 -23.013306 -0.050876796 -0.039395608 0.99792653 -1.4812012
-0.15781581 0.98710155 0.026436018 11.565552 -0.98641 -0.15636025 -0.05019712 -23.873413 -0.04542382 -0.03401874 0.9983886 -1.512085
-0.18366456 0.9827287 0.02111628 11.389893 -0.98210776 -0.1825714 -0.045463715 -24.706299 -0.04081364 -0.02909222 0.99874264 -1.536377
-0.21391596 0.97680324 0.012519607 11.189575 -0.97618717 -0.21326222 -0.04048127 -25.556396 -0.036879674 -0.020883715 0.99910164 -1.5610352
-0.24010384 0.9706731 0.0077890195 10.979858 -0.9702988 -0.23976399 -0.030816048 -26.38916 -0.028052017 -0.014967296 0.99949443 -1.5749512
-0.2652693 0.9643578 0.0069383197 10.748779 -0.9642799 -0.26512906 -0.016508162 -27.200806 -0.014085099 -0.011066493 0.9998396 -1.5838623
-0.28897274 0.95719504 0.010762855 10.515503 -0.95724434 -0.28900528 0.0015652515 -28.008667 0.0046104454 -0.009854831 0.9999407 -1.5792236
-0.3152609 0.9487469 0.01694151 10.265625 -0.94866 -0.31553134 0.016763441 -28.810791 0.021249048 -0.010785017 0.99971586 -1.5765381
-0.34020865 0.940157 0.01767179 9.975708 -0.9398181 -0.34058154 0.026373118 -29.609375 0.030805252 -0.0076290127 0.99949604 -1.5495605
-0.36534202 0.93086535 0.016686533 9.675171 -0.9303636 -0.365698 0.030855827 -30.403687 0.034806944 -0.004250341 0.9993849 -1.5079346
-0.38730386 0.92160016 0.0150215775 9.346313 -0.9211061 -0.38758913 0.03024154 -31.186035 0.03370366 -0.002112405 0.9994295 -1.4765625
-0.40797457 0.9129347 0.010318826 9.011475 -0.91257536 -0.40810394 0.025634004 -31.961914 0.027621726 0.0010388559 0.9996181 -1.4404297
-0.42743912 0.9039987 0.0014084056 8.640991 -0.9037395 -0.42735294 0.023336498 -32.72827 0.02169213 0.0086937025 0.99972683 -1.4049072
-0.43915972 0.8980246 -0.00081710145 8.273315 -0.8977672 -0.43901157 0.024353117 -33.477905 0.021509904 0.011438711 0.9997031 -1.3668213
-0.45193565 0.8923379 -0.0023269318 7.887085 -0.89203775 -0.45171267 0.027247269 -34.217407 0.023255337 0.014381156 0.99962616 -1.3391113
-0.46132302 0.8873269 -0.0025507174 7.5163574 -0.8869897 -0.46106446 0.02902146 -34.937378 0.024598457 0.015664788 0.99957526 -1.2978516
-0.47260472 0.8816943 0.004729449 7.1380615 -0.8812663 -0.47253156 0.029101048 -35.660156 0.027879108 0.009556935 0.9995658 -1.2716064
-0.48294047 0.8755109 0.0063817184 6.757202 -0.87512946 -0.48292574 0.026882978 -36.37622 0.02661124 0.007402357 0.99961823 -1.2419434
-0.49238747 0.8704639 0.0045771194 6.348633 -0.87005395 -0.492306 0.028535986 -37.089844 0.027103517 0.0100661265 0.9995822 -1.2137451
-0.49909076 0.8662195 0.002354246 5.9328613 -0.8657531 -0.4989077 0.031547453 -37.812256 0.02851823 0.013735268 0.9994989 -1.1756592
-0.50297594 0.86400145 0.0028146675 5.5091553 -0.863441 -0.5027621 0.034512483 -38.53296 0.031242367 0.014937127 0.9994002 -1.1550293
-0.5029979 0.8646741 0.004720873 5.0722656 -0.8640211 -0.5028177 0.036501437 -39.281616 0.03393602 0.014260126 0.9993226 -1.1242676
-0.49781883 0.8668215 0.002280862 4.6381836 -0.866199 -0.49755752 0.036657568 -40.038452 0.0329183 0.016294912 0.9993249 -1.0910645
-0.49255666 0.86993456 0.003074012 4.2130127 -0.8693435 -0.4923463 0.03527125 -40.81067 0.03219799 0.014725916 0.99937266 -1.0559082
-0.48450154 0.8747976 0.0049057105 3.7808838 -0.8742161 -0.4843711 0.03415961 -41.612793 0.032261163 0.012273214 0.99940413 -1.0245361
-0.47686577 0.87908703 0.0061033056 3.3355713 -0.8785088 -0.47678563 0.033612862 -42.42932 0.03246042 0.010661008 0.9994163 -0.9914551
-0.4716083 0.88179386 0.00847628 2.911621 -0.8812498 -0.4716239 0.031871025 -43.243896 0.03211287 0.0075747264 0.9994558 -0.9539795
-0.46496022 0.88466996 0.011637001 2.4787598 -0.8841703 -0.4650911 0.029949823 -44.102905 0.03191444 0.003661144 0.9994835 -0.9206543
-0.46488103 0.8851699 0.015267993 2.0523682 -0.88476366 -0.46513042 0.02683385 -44.956543 0.030852465 -0.0010313625 0.99952334 -0.888916
-0.4648359 0.88533556 0.017619759 1.591919 -0.8850119 -0.46515012 0.0243217 -45.851562 0.029736903 -0.004297102 0.9995489 -0.8491211
-0.46481466 0.8847375 0.018539025 1.1422119 -0.8844698 -0.46514666 0.022552256 -46.74597 0.028599126 -0.005914571 0.99957365 -0.81359863
-0.4648137 0.88468903 0.018526245 0.6932373 -0.88442487 -0.46514425 0.022421615 -47.64099 0.028468264 -0.005957171 0.99957687 -0.779541
-0.46720567 0.8844905 0.018405683 0.21044922 -0.88424414 -0.46752825 0.021756986 -48.557373 0.02782742 -0.0061178976 0.99959415 -0.7435303
-0.46340775 0.88556165 0.018134443 -0.25842285 -0.88535047 -0.4637154 0.020421972 -49.48633 0.026503995 -0.006579926 0.9996268 -0.7060547
-0.46479955 0.8846974 0.017897144 -0.7423096 -0.88449097 -0.46509892 0.020165462 -50.414062 0.02618186 -0.0064487243 0.99963623 -0.67126465
-0.46478605 0.8850033 0.01973102 -1.2155762 -0.88484013 -0.46512493 0.019051595 -51.357178 0.026042964 -0.008603475 0.9996237 -0.6364746
-0.46477735 0.88526684 0.020181326 -1.677002 -0.885149 -0.46511316 0.01742991 -52.291138 0.024824828 -0.009772044 0.9996442 -0.5975342
-0.4633795 0.885754 0.0206303 -2.1594238 -0.88567626 -0.46371114 0.01597954 -53.23474 0.023725774 -0.010858577 0.99965936 -0.55859375
-0.46198535 0.88697755 0.020845186 -2.6345215 -0.88691825 -0.46231493 0.015341207 -54.16333 0.023238854 -0.011408506 0.999665 -0.5140381
-0.4595904 0.8881483 0.018147761 -3.111084 -0.8881265 -0.4598287 0.01221128 -55.113403 0.019196132 -0.010513251 0.99976057 -0.47729492
-0.45441863 0.89009565 0.017173924 -3.5827637 -0.89007306 -0.45463434 0.011773332 -56.04419 0.018302837 -0.009925309 0.9997832 -0.44458008
-0.45302805 0.8909322 0.016827634 -4.0615234 -0.89091474 -0.45323288 0.011309768 -56.97632 0.017713478 -0.00985961 0.9997945 -0.4136963
-0.45302978 0.8916057 0.01578041 -4.5012207 -0.89156574 -0.4532227 0.012056201 -57.89673 0.01789018 -0.008611801 0.999803 -0.38232422
-0.4516397 0.892462 0.015459769 -4.9785156 -0.8924178 -0.4518279 0.012157821 -58.83191 0.017828047 -0.008312841 0.99980676 -0.34350586
-0.45303044 0.8914206 0.017237341 -5.4293213 -0.89136904 -0.4532627 0.013358854 -59.747925 0.019724153 -0.009314611 0.99976224 -0.31201172
-0.4530309 0.8912402 0.019848146 -5.8936768 -0.8911767 -0.4533363 0.015166337 -60.66992 0.022512132 -0.010813526 0.99968815 -0.2788086
-0.4581995 0.8885141 0.021837113 -6.3652344 -0.88847595 -0.45854822 0.014996422 -61.59436 0.023332912 -0.012528937 0.9996492 -0.23583984
-0.46337545 0.88550186 0.021429034 -6.8239746 -0.8854798 -0.4637018 0.01396769 -62.499878 0.022309244 -0.0124924965 0.99967283 -0.203125
-0.46855742 0.88365424 0.01698238 -7.3146973 -0.8836449 -0.4687593 0.010763666 -63.418945 0.01746745 -0.009972218 0.9997978 -0.1586914
-0.47514296 0.87997115 0.018605577 -7.765747 -0.88002324 -0.4753421 0.008083647 -64.30493 0.015964998 -0.012540055 0.999794 -0.12817383
-0.4789393 0.87719893 0.019611392 -8.244019 -0.8772172 -0.47918805 0.010679199 -65.201294 0.018775066 -0.012082804 0.9997505 -0.09118652
-0.484139 0.87461877 0.02044843 -8.727417 -0.87459385 -0.4844345 0.01322677 -66.07568 0.021472307 -0.011475101 0.99970347 -0.060791016
-0.49074084 0.87135226 0.022430805 -9.182739 -0.8713426 -0.49108374 0.013534828 -66.95532 0.022794427 -0.012900954 0.99965686 -0.028198242
-0.49213794 0.86977965 0.023396399 -9.68042 -0.8697816 -0.4925033 0.013542897 -67.83862 0.023308398 -0.0136736 0.99963444 0.012573242
-0.49595287 0.86765766 0.023558298 -10.158081 -0.86767703 -0.496312 0.012826184 -68.70227 0.02282413 -0.014063848 0.9996402 0.05041504
-0.4997815 0.8664605 0.018166155 -10.656006 -0.86654425 -0.49993917 0.0052242107 -69.555176 0.013593338 -0.013131715 0.9998214 0.08728027
-0.49981987 0.8657867 0.013176306 -11.163696 -0.8658807 -0.49981627 -0.0038110083 -70.42517 0.0032940693 -0.013306748 0.999906 0.11791992
-0.50264406 0.8638428 0.012125022 -11.651367 -0.863928 -0.5025933 -0.007143693 -71.27881 -7.167645e-05 -0.014074426 0.999901 0.13964844
-0.50502735 0.8631754 0.013620042 -12.148315 -0.8632659 -0.5050535 -0.0016862266 -72.11743 0.0054161493 -0.01260576 0.99990594 0.15356445
-0.5064008 0.86267215 0.015852336 -12.634155 -0.86273426 -0.50652224 0.004637845 -72.95239 0.012023233 -0.011333729 0.9998637 0.17675781
-0.5063946 0.8626932 0.012328811 -13.131958 -0.8626695 -0.5065075 0.008885525 -73.78528 0.013900722 -0.006144049 0.9998846 0.20092773
-0.5049996 0.863178 0.008371726 -13.640137 -0.8631371 -0.5050612 0.008843176 -74.62866 0.011853247 -0.0027582692 0.999926 0.2253418
-0.5049954 0.8632137 0.006940051 -14.125977 -0.86319584 -0.50503504 0.006247513 -75.467896 0.008895931 -0.0028352735 0.9999564 0.25024414
-0.50397503 0.86352086 0.006577001 -14.606445 -0.8635412 -0.5039832 -0.0004924503 -76.304565 0.002893235 -0.0059319986 0.99997824 0.2692871
-0.5025999 0.8647698 0.005037682 -15.092163 -0.8647801 -0.50257 -0.006145343 -77.14673 -0.002787305 -0.007445287 0.99996835 0.28076172
-0.5026979 0.8645402 0.0117264185 -15.548584 -0.86460924 -0.5025785 -0.01176008 -77.97949 -0.004277125 -0.016050225 0.9998621 0.29748535
-0.5000863 0.86576915 0.018914705 -16.008911 -0.8659537 -0.49979812 -0.018077528 -78.8197 -0.006191781 -0.025413852 0.9996577 0.29858398
-0.49762452 0.86696494 0.015341304 -16.489136 -0.86706287 -0.49735942 -0.018155036 -79.6449 -0.008104473 -0.022347525 0.9997173 0.31066895
-0.49472725 0.8686719 0.011364799 -16.95752 -0.8687154 -0.49455732 -0.014901215 -80.47046 -0.0073146457 -0.01724152 0.9998244 0.32336426
-0.4908546 0.8715416 0.011524735 -17.440796 -0.8716101 -0.49075112 -0.010735106 -81.30249 -0.0037031136 -0.015308332 0.999876 0.3239746
-0.48040432 0.87654614 0.006799517 -17.89978 -0.8765568 -0.4803346 -0.009737394 -82.1333 -0.0052651297 -0.010643922 0.99992937 0.33374023
-0.4751625 0.880012 0.00043243635 -18.352417 -0.879988 -0.47514576 -0.0076308874 -82.96814 -0.0065122703 -0.004007226 0.99997073 0.3482666
-0.46340328 0.8857753 0.0012015137 -18.796875 -0.88575166 -0.46337998 -0.0080707725 -83.798584 -0.006592169 -0.0048056333 0.9999667 0.3597412
-0.45309287 0.8911169 0.003788576 -19.20935 -0.89108765 -0.45303088 -0.0110826325 -84.64697 -0.008154014 -0.008401537 0.99993134 0.35803223
-0.4413954 0.8975237 0.0005102102 -19.63501 -0.89743066 -0.44134137 -0.014661193 -85.497925 -0.012930878 -0.0069211265 0.9998924 0.36413574
-0.4287554 0.9031855 0.0013269112 -20.036377 -0.9030694 -0.42867562 -0.016735908 -86.35022 -0.014545969 -0.008373548 0.99985904 0.3704834
-0.41749573 0.9084692 -2.761837e-06 -20.42102 -0.90834445 -0.4174383 -0.016568372 -87.198364 -0.015057095 -0.0069203284 0.9998626 0.36254883
-0.40418395 0.9145203 -0.0026217191 -20.81482 -0.91439545 -0.4041735 -0.015612808 -88.06836 -0.015342288 -0.003913662 0.9998746 0.3708496
-0.3915985 0.9200165 -0.0014630753 -21.18396 -0.91995823 -0.39159083 -0.010738705 -88.93274 -0.010456265 -0.0028668013 0.99994123 0.36328125
-0.3807007 0.9247634 -2.9761577e-05 -21.530273 -0.9247613 -0.3806998 -0.0021418203 -89.7843 -0.0019906731 -0.0007876416 0.99999774 0.3651123
-0.36890647 0.92978346 0.0019982895 -21.873047 -0.9297827 -0.36890975 0.0016690334 -90.641235 0.0022869091 -0.0012432573 0.99999654 0.3753662
-0.35783577 0.9339864 0.0007779838 -22.191528 -0.9339867 -0.3578359 -3.178604e-06 -91.51489 0.0002749497 -0.00072769984 0.9999997 0.37695312
-0.3461214 0.9384322 -0.00044770108 -22.512817 -0.93842274 -0.34611997 -0.0043225386 -92.38245 -0.0042093913 -0.0010730105 0.9999905 0.39624023
-0.33351266 0.9425316 0.0036143921 -22.811523 -0.9425361 -0.33350068 -0.0035399664 -93.25964 -0.0021301853 -0.0045888755 0.9999872 0.4050293
-0.3278144 0.94468796 0.010566232 -23.093628 -0.9447364 -0.32784328 0.0010702349 -94.13965 0.0044744117 -0.009628627 0.9999436 0.4144287
-0.32255682 0.94635963 0.019319648 -23.381226 -0.94647014 -0.32273635 0.0069476077 -95.01599 0.012815577 -0.016047854 0.99978906 0.421875
-0.31662905 0.948233 0.023179881 -23.671387 -0.9483747 -0.31690976 0.009546692 -95.903076 0.016413467 -0.018970592 0.99968547 0.44396973
-0.31460795 0.94905967 0.024676913 -23.948364 -0.9492588 -0.3148774 0.007824816 -96.788574 0.01519299 -0.020958846 0.99966484 0.46936035
-0.30939543 0.95047766 0.028602676 -24.232056 -0.9507723 -0.30971956 0.0075797965 -97.68347 0.01607413 -0.024853934 0.99956185 0.49694824
-0.30284512 0.9523918 0.02935093 -24.514648 -0.9527453 -0.30311295 0.005041724 -98.58032 0.013710059 -0.02643894 0.99955624 0.5164795
-0.2979194 0.95413107 0.028128427 -24.791626 -0.95450914 -0.29803622 -4.960969e-05 -99.46509 0.008343231 -0.026856113 0.9996042 0.54138184
-0.2921044 0.95600355 0.02915125 -25.059082 -0.95643526 -0.29212114 -0.00376961 -100.34546 0.0049013374 -0.028987363 0.9995679 0.57092285
-0.28627944 0.95742524 0.033142384 -25.311768 -0.95797855 -0.2863258 -0.0034448467 -101.229126 0.0061981697 -0.032738034 0.99944454 0.57910156
-0.27921763 0.9594512 0.04250729 -25.547241 -0.9603545 -0.27932647 -0.0034730975 -102.10498 0.00853665 -0.04178732 0.99909014 0.5924072
-0.27108476 0.96149373 0.043599106 -25.798096 -0.9624174 -0.27131328 -0.00070403976 -102.976685 0.011166461 -0.042159002 0.9990485 0.6187744
-0.26535794 0.96340394 0.040037632 -26.034668 -0.96414024 -0.26568592 0.0030076338 -103.85156 0.013521105 -0.037785083 0.99919415 0.6409912
-0.2573702 0.96536696 0.04150401 -26.269165 -0.9661932 -0.2576153 0.0005713152 -104.738525 0.011248394 -0.039948795 0.9991382 0.6574707
-0.24878712 0.9676725 0.041664675 -26.496948 -0.96855193 -0.24881005 -0.004712102 -105.59448 0.0058099623 -0.041544534 0.9991201 0.6813965
-0.24175882 0.969418 0.042428873 -26.71582 -0.970343 -0.24164285 -0.00792319 -106.51782 0.002585032 -0.04308707 0.9990678 0.6981201
-0.2352856 0.9709431 0.044461742 -26.91809 -0.97194356 -0.23530136 -0.004953598 -107.38464 0.0056405202 -0.044366427 0.9989993 0.71447754
-0.22789152 0.9725572 0.045280788 -27.117554 -0.9735602 -0.22810519 -0.00046154324 -108.27344 0.009876599 -0.0441847 0.9989744 0.7225342
-0.22082841 0.9742514 0.045736108 -27.30542 -0.97527665 -0.22103643 -0.0005214084 -109.14526 0.009591967 -0.04471137 0.9989538 0.7453613
-0.21424448 0.9756599 0.045802828 -27.489502 -0.97669697 -0.21441269 -0.0012595224 -110.03516 0.008592625 -0.04502387 0.99894935 0.75878906
-0.20649552 0.97762483 0.04245418 -27.672607 -0.97852176 -0.20660187 -0.0019031167 -110.90503 0.0068967943 -0.041940853 0.9990967 0.77978516
-0.19633603 0.97963977 0.038451355 -27.862793 -0.98037225 -0.1964436 -0.0010063677 -111.80444 0.0065846425 -0.03790196 0.9992596 0.7980957
-0.19061816 0.98097605 0.037085157 -28.041016 -0.9816528 -0.19074097 -0.00022373791 -112.70459 0.0068443744 -0.036450826 0.9993122 0.81274414
-0.18289532 0.9821699 0.042493008 -28.204102 -0.98307014 -0.18298844 -0.0017166479 -113.593994 0.006093084 -0.042100877 0.999095 0.8300781
-0.17672648 0.98320436 0.046916347 -28.35315 -0.98431295 -0.17673421 -0.004004324 -114.49585 0.0043293275 -0.046883173 0.9988915 0.84191895
-0.17229141 0.984081 0.04272532 -28.516846 -0.98499906 -0.17231596 -0.0031346926 -115.41382 0.0042852648 -0.04263536 0.9990816 0.86364746
-0.16819166 0.9849253 0.042932063 -28.667847 -0.9858557 -0.16816795 -0.004181421 -116.298096 0.0030864787 -0.04302843 0.99906945 0.8814697
-0.16313277 0.98585624 0.040806334 -28.817749 -0.98668903 -0.1631869 -0.0020157846 -117.20752 0.0046569165 -0.040586233 0.99916536 0.8894043
-0.15594243 0.98712057 0.035002336 -28.972656 -0.98773766 -0.15593304 -0.0030129682 -118.08569 0.002480335 -0.035045464 0.9993828 0.89733887
-0.15175533 0.9880915 0.026999021 -29.119385 -0.9884594 -0.1516664 -0.00533145 -118.99109 -0.0011797617 -0.027482342 0.9996215 0.9112549
-0.14745688 0.98876476 0.024613794 -29.25 -0.9890662 -0.14733301 -0.006780106 -119.88025 -0.0030825129 -0.025345001 0.99967414 0.92163086
-0.14185597 0.98952913 0.025748052 -29.375854 -0.9898634 -0.14178276 -0.0046650134 -120.78467 -0.0009620022 -0.026137086 0.99965775 0.9268799
-0.13756691 0.9900485 0.026805945 -29.493652 -0.99041086 -0.13754748 -0.002579621 -121.67273 0.0011448187 -0.026912205 0.9996371 0.93310547
-0.13630342 0.99023426 0.029047813 -29.606934 -0.99065936 -0.13627458 -0.002987287 -122.5625 0.000998023 -0.029169597 0.99957377 0.93640137
-0.13483882 0.990407 0.028949117 -29.72754 -0.99083 -0.13477492 -0.004161087 -123.461426 -0.00021013687 -0.029241756 0.9995722 0.9490967
-0.13422774 0.99056643 0.026967201 -29.842651 -0.9909237 -0.13405585 -0.008089822 -124.34973 -0.0043979064 -0.027813468 0.9996036 0.95947266
-0.1328739 0.99072856 0.02648532 -29.960083 -0.99101835 -0.13251293 -0.014954827 -125.23584 -0.0112975435 -0.028238982 0.9995373 0.97351074
-0.13291872 0.9907294 0.026497617 -30.070679 -0.99099463 -0.13250041 -0.016958497 -126.12451 -0.013291679 -0.028528133 0.99950475 0.9736328
-0.13151813 0.990997 0.026637524 -30.180054 -0.9913189 -0.13123715 -0.012042008 -126.99609 -0.00843971 -0.027986811 0.99957275 0.96850586
-0.13209915 0.9908334 0.026811082 -30.295532 -0.99118507 -0.13192095 -0.008318314 -127.869385 -0.0047004847 -0.027677042 0.9996059 0.97595215
-0.1321783 0.99080104 0.03003748 -30.399536 -0.9912403 -0.13194515 -0.009624329 -128.73291 -0.005581174 -0.031042172 0.99950266 0.9790039
-0.13219105 0.9907807 0.03050733 -30.505127 -0.99123377 -0.1319487 -0.009833874 -129.60254 -0.0057198587 -0.031538367 0.9994862 0.97766113
-0.13211595 0.99086446 0.02561897 -30.622559 -0.99117213 -0.13189115 -0.010283667 -130.46497 -0.0068128724 -0.026748596 0.999619 0.9851074
-0.13145255 0.9910153 0.02691981 -30.732666 -0.9913691 -0.13127255 -0.008360131 -131.32764 -0.0047591585 -0.027773807 0.99960303 1.0010986
-0.13014874 0.9907685 0.037201397 -30.832886 -0.99146205 -0.12994337 -0.007890505 -132.18823 -0.002991045 -0.03791738 0.9992767 1.0010986
-0.1301931 0.9905265 0.042300105 -30.927368 -0.99142945 -0.13008511 -0.005315956 -133.05896 0.00025118794 -0.042630278 0.9990906 1.0039062
-0.13008593 0.99067783 0.040533476 -31.029297 -0.9915015 -0.1301068 -0.0021396913 -133.8966 0.003156324 -0.04045783 0.9991761 1.0216064
-0.12939166 0.990883 0.03926174 -31.139648 -0.99165213 -0.12945151 -0.0010159798 -134.76807 0.0040645017 -0.03906759 0.99922866 1.0406494
-0.12788628 0.990929 0.039522123 -31.236816 -0.9917006 -0.12801062 0.00061443634 -135.58862 0.0056738984 -0.039114263 0.9992186 1.0443115
-0.12649153 0.99153423 0.030930106 -31.352295 -0.9920131 -0.12651096 -0.0013321722 -136.44678 0.0025834795 -0.030852735 0.9995208 1.0634766
-0.12433087 0.9919715 0.023948083 -31.458984 -0.9922584 -0.124244444 -0.0050691925 -137.29004 -0.0020517237 -0.024394518 0.99970037 1.0791016
-0.12156747 0.9924625 0.018531648 -31.567505 -0.9926041 -0.121394046 -0.0102146175 -138.12744 -0.007893874 -0.019634495 0.9997761 1.0922852
-0.1166271 0.99310213 0.015594503 -31.6604 -0.99320143 -0.116502985 -0.00864651 -138.97607 -0.0067757242 -0.016494483 0.999841 1.088623
-0.11236763 0.993479 0.01717804 -31.751709 -0.99362415 -0.112304434 -0.00460672 -139.79932 -0.0026397444 -0.017589966 0.9998417 1.1071777
-0.10614824 0.99427634 0.0130163655 -31.83667 -0.9943613 -0.1061437 -0.0010466846 -140.6228 0.00034001237 -0.013053112 0.99991477 1.1162109
-0.097066395 0.99521124 0.010846127 -31.920166 -0.99526674 -0.097089164 0.0015973812 -141.4729 0.002642585 -0.010639335 0.99993986 1.1022949
-0.08807241 0.99608415 0.010066483 -31.98413 -0.99613076 -0.0880383 -0.0037898077 -142.2799 -0.00289059 -0.010360647 0.9999421 1.1245117
-0.07633759 0.9970727 0.0038415026 -32.04358 -0.9970707 -0.0763197 -0.00460697 -143.07068 -0.004301736 -0.0041828677 0.999982 1.1307373
-0.06134045 0.9981402 0.0020048758 -32.097534 -0.9981342 -0.061331734 -0.0041600876 -143.9469 -0.004029476 -0.0022537569 0.9999893 1.1607666
-0.048338763 0.99884987 0.0020276224 -32.12732 -0.9988451 -0.048330896 -0.0037614563 -144.68384 -0.003659986 -0.0022069523 0.9999908 1.1633301
-0.03414583 0.9994202 -0.0015351502 -32.15747 -0.99941695 -0.034150235 -0.0029600873 -145.50415 -0.0030102017 0.0014334954 0.9999944 1.1657715
-0.019898416 0.9997768 -0.0050789784 -32.177612 -0.9997878 -0.01990807 -0.0018474618 -146.26233 -0.0019490854 0.005040488 0.9999855 1.1697998
-0.0065183644 0.99998057 -0.0011022897 -32.17627 -0.9999705 -0.0065132375 0.004618552 -147.09082 0.0046100942 0.0011308724 0.9999888 1.1916504
0.0075371256 0.9999637 0.0047716214 -32.15918 -0.99987525 0.0074689374 0.014159632 -147.8573 0.014124108 -0.004874614 0.9998884 1.2006836
0.020122882 0.9997521 0.010113595 -32.124268 -0.99954927 0.019888934 0.022734802 -148.58752 0.022524375 -0.010559161 0.9996905 1.213501
