0.0000 -0.0000 0.0000 0.0000 0.0000 -0.0000 -0.0000 1.0000
0.1039 -0.0901 -0.0094 0.0279 0.0000 0.0072 -0.0003 1.0000
0.2077 0.0226 0.0073 0.2766 0.0001 0.0188 -0.0021 0.9998
0.3119 -0.0047 0.0102 0.4035 -0.0004 0.0320 -0.0026 0.9995
0.4159 0.0741 0.0043 0.5768 -0.0016 0.0487 -0.0025 0.9988
0.5200 0.1504 0.0080 0.7695 -0.0026 0.0672 -0.0009 0.9977
0.6241 0.2158 -0.0051 0.9449 -0.0029 0.0873 0.0006 0.9962
0.7282 0.3038 -0.0022 1.1772 -0.0034 0.1094 0.0006 0.9940
0.8325 0.4094 0.0104 1.3638 -0.0050 0.1335 0.0002 0.9910
0.9366 0.5284 0.0180 1.6293 -0.0082 0.1581 0.0016 0.9874
1.0408 0.6468 0.0051 1.8310 -0.0116 0.1830 0.0058 0.9830
1.1449 0.8032 -0.0010 2.0629 -0.0136 0.2098 0.0080 0.9776
1.2490 0.9990 0.0021 2.3087 -0.0154 0.2377 0.0081 0.9712
1.3531 1.1775 0.0281 2.5295 -0.0175 0.2659 0.0082 0.9638
1.4571 1.4126 0.0286 2.7818 -0.0193 0.2948 0.0099 0.9553
1.5611 1.6284 0.0284 2.9550 -0.0204 0.3233 0.0122 0.9460
1.6651 1.9185 0.0379 3.1718 -0.0211 0.3513 0.0137 0.9359
1.7690 2.2153 0.0531 3.4124 -0.0210 0.3787 0.0151 0.9251
1.8729 2.5169 0.0621 3.6057 -0.0213 0.4053 0.0155 0.9138
1.9768 2.8350 0.0854 3.8250 -0.0228 0.4309 0.0146 0.9020
2.0805 3.1662 0.1037 4.0426 -0.0236 0.4543 0.0143 0.8904
2.1841 3.5537 0.1223 4.2478 -0.0242 0.4759 0.0141 0.8790
2.2879 3.9784 0.1353 4.4395 -0.0250 0.4960 0.0148 0.8678
2.3915 4.3933 0.1627 4.6434 -0.0254 0.5145 0.0141 0.8570
2.4951 4.8591 0.1880 4.8263 -0.0248 0.5317 0.0138 0.8464
2.5988 5.3495 0.2027 5.0059 -0.0230 0.5470 0.0140 0.8367
2.7023 5.8495 0.2240 5.1840 -0.0209 0.5606 0.0141 0.8277
2.8059 6.4000 0.2478 5.3699 -0.0192 0.5720 0.0140 0.8199
2.9094 6.9749 0.2709 5.5508 -0.0181 0.5809 0.0143 0.8136
3.0129 7.5742 0.2986 5.7176 -0.0178 0.5871 0.0147 0.8092
3.1165 8.2022 0.3195 5.9142 -0.0178 0.5921 0.0157 0.8055
3.2201 8.8362 0.3453 6.1034 -0.0189 0.5963 0.0160 0.8024
3.3237 9.4971 0.3799 6.2917 -0.0202 0.6005 0.0161 0.7992
3.4274 10.1917 0.4072 6.4851 -0.0210 0.6050 0.0165 0.7958
3.5310 10.8945 0.4325 6.6693 -0.0222 0.6094 0.0168 0.7924
3.6348 11.6433 0.4685 6.8645 -0.0226 0.6136 0.0174 0.7891
3.7384 12.3835 0.4945 7.0325 -0.0234 0.6179 0.0176 0.7857
3.8421 13.1446 0.5305 7.2060 -0.0248 0.6217 0.0183 0.7826
3.9458 13.9345 0.5759 7.3942 -0.0268 0.6266 0.0189 0.7787
4.0495 14.7317 0.6126 7.5676 -0.0280 0.6315 0.0201 0.7746
4.1532 15.5219 0.6523 7.6894 -0.0293 0.6364 0.0206 0.7705
4.2570 16.3290 0.6893 7.8578 -0.0294 0.6419 0.0209 0.7659
4.3608 17.1190 0.7310 7.9853 -0.0296 0.6476 0.0201 0.7611
4.4645 17.9133 0.7623 8.0870 -0.0293 0.6539 0.0197 0.7558
4.5684 18.7372 0.8038 8.2052 -0.0294 0.6620 0.0184 0.7487
4.6723 19.5474 0.8483 8.2776 -0.0302 0.6712 0.0168 0.7405
4.7761 20.4114 0.8876 8.3235 -0.0308 0.6822 0.0157 0.7304
4.8801 21.2320 0.9289 8.3256 -0.0313 0.6944 0.0147 0.7187
4.9841 22.0654 0.9599 8.3337 -0.0311 0.7068 0.0141 0.7066
5.0881 22.9123 0.9898 8.2952 -0.0307 0.7188 0.0136 0.6944
5.1920 23.7552 1.0217 8.2327 -0.0303 0.7301 0.0123 0.6826
5.2959 24.5888 1.0592 8.1537 -0.0295 0.7411 0.0106 0.6706
5.3998 25.4426 1.0837 8.0076 -0.0269 0.7519 0.0099 0.6586
5.5036 26.2691 1.0997 7.8496 -0.0233 0.7625 0.0096 0.6465
5.6074 27.0977 1.1148 7.6831 -0.0190 0.7722 0.0097 0.6350
5.7113 27.8966 1.1292 7.5117 -0.0149 0.7817 0.0103 0.6234
5.8150 28.7146 1.1516 7.2591 -0.0099 0.7902 0.0115 0.6126
5.9188 29.5556 1.1430 6.9968 -0.0048 0.7988 0.0097 0.6015
6.0224 30.3202 1.1336 6.7386 0.0012 0.8064 0.0057 0.5913
6.1261 31.0913 1.1088 6.4478 0.0067 0.8142 -0.0012 0.5806
6.2298 31.8783 1.0870 6.1687 0.0108 0.8220 -0.0086 0.5693
6.3335 32.6291 1.0482 5.8517 0.0152 0.8294 -0.0115 0.5583
6.4371 33.4086 0.9962 5.5094 0.0175 0.8365 -0.0123 0.5475
6.5409 34.1384 0.9461 5.1552 0.0179 0.8433 -0.0112 0.5371
6.6445 34.8917 0.9101 4.7884 0.0181 0.8493 -0.0079 0.5276
6.7483 35.6180 0.8811 4.4059 0.0196 0.8549 -0.0036 0.5185
6.8519 36.3475 0.8311 3.9850 0.0210 0.8587 -0.0023 0.5120
6.9555 37.0433 0.7751 3.5897 0.0225 0.8620 -0.0029 0.5065
7.0590 37.7212 0.7310 3.2066 0.0236 0.8649 -0.0033 0.5014
7.1628 38.3818 0.6830 2.7932 0.0216 0.8677 -0.0059 0.4966
7.2664 39.0987 0.6592 2.3532 0.0207 0.8709 -0.0064 0.4910
7.3701 39.7460 0.6187 1.9283 0.0216 0.8733 -0.0059 0.4866
7.4738 40.4705 0.5700 1.5101 0.0236 0.8756 -0.0058 0.4824
7.5774 41.1792 0.5296 1.0446 0.0247 0.8766 -0.0070 0.4806
7.6810 41.8766 0.4861 0.6000 0.0249 0.8764 -0.0081 0.4808
7.7847 42.5712 0.4409 0.1654 0.0257 0.8756 -0.0072 0.4823
7.8883 43.3194 0.4032 -0.2865 0.0251 0.8740 -0.0075 0.4853
7.9919 44.1032 0.3541 -0.7404 0.0241 0.8721 -0.0079 0.4887
8.0956 44.8700 0.3172 -1.1948 0.0235 0.8702 -0.0084 0.4921
8.1994 45.6786 0.2613 -1.6618 0.0222 0.8683 -0.0092 0.4955
8.3031 46.4912 0.2147 -2.1485 0.0205 0.8667 -0.0101 0.4983
8.4070 47.3300 0.1734 -2.5919 0.0183 0.8664 -0.0110 0.4988
8.5108 48.1554 0.1287 -3.0649 0.0168 0.8665 -0.0110 0.4988
8.6146 49.0253 0.0757 -3.5797 0.0159 0.8667 -0.0113 0.4984
8.7184 49.9238 0.0265 -4.0800 0.0159 0.8671 -0.0110 0.4978
8.8221 50.7736 -0.0252 -4.5674 0.0157 0.8670 -0.0108 0.4980
8.9259 51.6738 -0.0655 -5.0897 0.0156 0.8670 -0.0102 0.4980
9.0296 52.5248 -0.1260 -5.5865 0.0153 0.8671 -0.0103 0.4978
9.1335 53.4327 -0.1704 -6.1112 0.0144 0.8673 -0.0103 0.4975
9.2373 54.3118 -0.2279 -6.5888 0.0141 0.8673 -0.0103 0.4975
9.3410 55.2313 -0.2886 -7.1554 0.0132 0.8668 -0.0105 0.4983
9.4448 56.1180 -0.3354 -7.6339 0.0128 0.8667 -0.0099 0.4985
9.5485 57.0041 -0.3858 -8.1763 0.0123 0.8661 -0.0086 0.4996
9.6522 57.8890 -0.4345 -8.6790 0.0122 0.8654 -0.0076 0.5009
9.7559 58.7998 -0.4927 -9.1960 0.0119 0.8646 -0.0075 0.5022
9.8596 59.6951 -0.5453 -9.6745 0.0122 0.8642 -0.0074 0.5030
9.9635 60.5891 -0.5982 -10.1657 0.0124 0.8637 -0.0076 0.5037
10.0673 61.4992 -0.6396 -10.6774 0.0127 0.8640 -0.0084 0.5033
10.1711 62.3251 -0.6878 -11.1865 0.0126 0.8647 -0.0101 0.5020
10.2750 63.2306 -0.7437 -11.6648 0.0125 0.8660 -0.0109 0.4998
10.3789 64.0968 -0.7875 -12.1695 0.0122 0.8676 -0.0104 0.4971
10.4828 64.9788 -0.8582 -12.6755 0.0121 0.8692 -0.0078 0.4943
10.5865 65.8197 -0.8950 -13.1919 0.0106 0.8707 -0.0082 0.4917
10.6904 66.6621 -0.9566 -13.7000 0.0115 0.8721 -0.0089 0.4892
10.7941 67.5036 -0.9975 -14.2269 0.0125 0.8734 -0.0099 0.4867
10.8980 68.3388 -1.0484 -14.7322 0.0124 0.8750 -0.0107 0.4839
11.0017 69.1429 -1.1014 -15.2353 0.0120 0.8760 -0.0115 0.4819
11.1054 69.9849 -1.1550 -15.7719 0.0118 0.8769 -0.0112 0.4804
11.2091 70.8132 -1.2051 -16.3091 0.0103 0.8779 -0.0071 0.4786
11.3129 71.6407 -1.2472 -16.8266 0.0083 0.8785 -0.0029 0.4777
11.4166 72.4468 -1.2630 -17.3652 0.0079 0.8790 -0.0008 0.4768
11.5204 73.2802 -1.3036 -17.8786 0.0092 0.8792 -0.0035 0.4763
11.6240 74.0386 -1.3462 -18.4072 0.0105 0.8794 -0.0060 0.4759
11.7278 74.8351 -1.3868 -18.9305 0.0138 0.8797 -0.0055 0.4753
11.8315 75.6340 -1.4301 -19.4380 0.0148 0.8796 -0.0040 0.4754
11.9353 76.4385 -1.4689 -19.9670 0.0140 0.8796 -0.0027 0.4755
12.0389 77.2388 -1.4965 -20.4901 0.0122 0.8795 -0.0012 0.4758
12.1426 78.0238 -1.5250 -20.9856 0.0103 0.8792 0.0012 0.4763
12.2464 78.8790 -1.5596 -21.5272 0.0055 0.8791 -0.0003 0.4767
12.3501 79.6131 -1.5787 -21.9901 0.0020 0.8787 -0.0014 0.4773
12.4539 80.3934 -1.5964 -22.4830 0.0028 0.8783 -0.0002 0.4780
12.5576 81.2247 -1.6408 -23.0271 0.0051 0.8772 0.0007 0.4802
12.6614 82.0216 -1.6824 -23.4974 0.0058 0.8759 -0.0007 0.4825
12.7651 82.8064 -1.6762 -23.9891 0.0089 0.8736 0.0013 0.4866
12.8688 83.5996 -1.7162 -24.5132 0.0116 0.8712 0.0036 0.4908
12.9724 84.4106 -1.7413 -24.9508 0.0115 0.8683 0.0032 0.4959
13.0762 85.2484 -1.7762 -25.3926 0.0090 0.8651 0.0026 0.5016
13.1799 86.0360 -1.7863 -25.8587 0.0092 0.8619 0.0047 0.5070
13.2837 86.8642 -1.8238 -26.2854 0.0078 0.8582 0.0047 0.5132
13.3874 87.7140 -1.8378 -26.7237 0.0080 0.8548 0.0051 0.5188
13.4911 88.5167 -1.8565 -27.1174 0.0094 0.8511 0.0056 0.5249
13.5949 89.3417 -1.8777 -27.4981 0.0094 0.8476 0.0040 0.5306
13.6988 90.1929 -1.9085 -27.8869 0.0138 0.8440 0.0007 0.5362
13.8025 91.0425 -1.9439 -28.2733 0.0151 0.8404 -0.0018 0.5418
13.9063 91.8423 -1.9700 -28.6334 0.0134 0.8373 -0.0012 0.5466
14.0100 92.7045 -2.0128 -28.9682 0.0120 0.8337 0.0008 0.5521
14.1138 93.5389 -2.0424 -29.3121 0.0110 0.8307 -0.0007 0.5567
14.2176 94.4305 -2.0692 -29.6505 0.0120 0.8289 -0.0047 0.5592
14.3215 95.2622 -2.1010 -29.9319 0.0119 0.8271 -0.0093 0.5619
14.4254 96.0581 -2.1418 -30.2906 0.0120 0.8257 -0.0116 0.5638
14.5293 96.8850 -2.1802 -30.6077 0.0111 0.8244 -0.0121 0.5657
14.6331 97.7801 -2.2371 -30.9070 0.0119 0.8234 -0.0119 0.5672
14.7369 98.6256 -2.2889 -31.1966 0.0089 0.8217 -0.0117 0.5698
14.8408 99.4835 -2.3322 -31.5366 0.0077 0.8202 -0.0095 0.5719
14.9445 100.3463 -2.3791 -31.8700 0.0070 0.8188 -0.0088 0.5740
15.0483 101.1638 -2.4100 -32.1466 0.0052 0.8168 -0.0104 0.5769
15.1520 101.9864 -2.4373 -32.3834 0.0029 0.8149 -0.0138 0.5794
15.2558 102.8310 -2.4946 -32.6488 0.0035 0.8129 -0.0158 0.5821
15.3595 103.7011 -2.5539 -32.9393 0.0036 0.8107 -0.0172 0.5852
15.4633 104.5774 -2.5895 -33.2202 0.0034 0.8086 -0.0168 0.5882
15.5671 105.4347 -2.6115 -33.4802 0.0029 0.8063 -0.0138 0.5913
15.6709 106.2453 -2.6568 -33.7314 0.0016 0.8044 -0.0134 0.5940
15.7746 107.1086 -2.7029 -33.9791 0.0024 0.8023 -0.0146 0.5968
15.8784 108.0257 -2.7493 -34.2259 0.0030 0.8001 -0.0161 0.5997
15.9822 108.8780 -2.7814 -34.4493 0.0022 0.7979 -0.0173 0.6025
16.0861 109.7407 -2.8270 -34.6947 0.0023 0.7959 -0.0169 0.6052
16.1898 110.6126 -2.8651 -34.9413 0.0034 0.7931 -0.0154 0.6089
16.2935 111.4769 -2.9134 -35.1373 0.0053 0.7909 -0.0139 0.6118
16.3973 112.3614 -2.9541 -35.3629 0.0061 0.7888 -0.0132 0.6144
16.5010 113.1618 -2.9870 -35.5216 0.0044 0.7870 -0.0148 0.6168
16.6048 114.0494 -3.0416 -35.7304 0.0014 0.7851 -0.0165 0.6192
16.7086 114.9181 -3.0838 -35.9538 0.0029 0.7836 -0.0149 0.6210
16.8124 115.8168 -3.1090 -36.1452 0.0041 0.7821 -0.0138 0.6230
16.9162 116.6201 -3.1625 -36.3350 0.0039 0.7807 -0.0146 0.6248
17.0200 117.4804 -3.1897 -36.5078 0.0053 0.7789 -0.0126 0.6270
17.1238 118.3994 -3.2512 -36.7124 0.0068 0.7770 -0.0091 0.6293
17.2275 119.2777 -3.2924 -36.8973 0.0076 0.7756 -0.0074 0.6311
17.3314 120.1370 -3.3202 -37.0546 0.0078 0.7744 -0.0087 0.6326
17.4351 120.9639 -3.3537 -37.2231 0.0074 0.7733 -0.0106 0.6340
17.5390 121.8477 -3.4071 -37.3636 0.0062 0.7723 -0.0112 0.6351
17.6429 122.7502 -3.4361 -37.5192 0.0060 0.7721 -0.0107 0.6354
17.7466 123.5994 -3.4602 -37.7009 0.0052 0.7718 -0.0087 0.6357
17.8505 124.4586 -3.5068 -37.8462 0.0033 0.7715 -0.0066 0.6361
17.9543 125.4036 -3.5352 -38.0121 0.0042 0.7712 -0.0042 0.6365
18.0581 126.2756 -3.5716 -38.1763 0.0051 0.7710 -0.0069 0.6368
18.1619 127.1224 -3.6250 -38.3392 0.0065 0.7709 -0.0086 0.6369
18.2658 127.9163 -3.6455 -38.4903 0.0051 0.7708 -0.0090 0.6369
18.3696 128.7818 -3.6748 -38.6611 0.0028 0.7708 -0.0105 0.6370
18.4734 129.6341 -3.7111 -38.8352 0.0037 0.7704 -0.0091 0.6375
18.5772 130.4732 -3.7546 -38.9902 0.0055 0.7701 -0.0096 0.6378
18.6810 131.3029 -3.7702 -39.1309 0.0016 0.7700 -0.0149 0.6378
18.7849 132.1437 -3.8238 -39.2616 0.0022 0.7702 -0.0163 0.6376
18.8885 132.9812 -3.8616 -39.4063 0.0039 0.7698 -0.0166 0.6380
18.9924 133.8073 -3.9076 -39.5450 0.0046 0.7696 -0.0163 0.6383
19.0960 134.6548 -3.9691 -39.6992 0.0049 0.7691 -0.0167 0.6389
19.1999 135.4468 -3.9873 -39.8607 0.0079 0.7685 -0.0131 0.6397
19.3035 136.2828 -4.0298 -40.0088 0.0084 0.7675 -0.0098 0.6410
19.4074 137.0993 -4.0637 -40.1782 0.0078 0.7671 -0.0072 0.6415
19.5112 137.9400 -4.1028 -40.3129 0.0090 0.7655 -0.0055 0.6433
19.6148 138.6493 -4.1522 -40.4352 0.0096 0.7641 -0.0083 0.6449
19.7184 139.5035 -4.1871 -40.5664 0.0115 0.7621 -0.0088 0.6473
19.8221 140.3507 -4.2251 -40.6744 0.0121 0.7593 -0.0088 0.6505
19.9257 141.0972 -4.2555 -40.7872 0.0119 0.7560 -0.0058 0.6544
20.0294 141.8906 -4.2886 -40.8920 0.0142 0.7520 -0.0020 0.6590
20.1329 142.6622 -4.3052 -40.9879 0.0166 0.7476 -0.0008 0.6639
20.2366 143.4415 -4.3711 -41.0733 0.0134 0.7433 -0.0046 0.6689
20.3404 144.2324 -4.4069 -41.1373 0.0150 0.7387 -0.0031 0.6739
20.4440 145.0344 -4.4362 -41.2053 0.0163 0.7340 -0.0035 0.6789
20.5478 145.8447 -4.4899 -41.2546 0.0176 0.7292 -0.0060 0.6840
20.6515 146.6248 -4.5396 -41.2619 0.0168 0.7243 -0.0136 0.6892
20.7553 147.3742 -4.5740 -41.2557 0.0185 0.7198 -0.0183 0.6937
20.8591 148.1087 -4.6082 -41.2431 0.0193 0.7151 -0.0177 0.6985
20.9629 148.8607 -4.6624 -41.2549 0.0183 0.7111 -0.0162 0.7027
21.0668 149.6030 -4.7193 -41.2320 0.0174 0.7071 -0.0150 0.7067
21.1706 150.3749 -4.7785 -41.2074 0.0181 0.7038 -0.0184 0.7099
21.2745 151.1341 -4.8031 -41.1845 0.0198 0.7016 -0.0228 0.7120
21.3785 151.9551 -4.8971 -41.1601 0.0194 0.7000 -0.0262 0.7134
21.4825 152.6345 -4.9318 -41.1377 0.0176 0.7002 -0.0245 0.7134
21.5864 153.3582 -4.9967 -41.1054 0.0175 0.7012 -0.0210 0.7124
21.6904 154.1299 -5.0453 -41.1345 0.0161 0.7020 -0.0208 0.7116
21.7943 154.9044 -5.1024 -41.1234 0.0170 0.7027 -0.0200 0.7110
21.8983 155.6492 -5.1507 -41.1059 0.0172 0.7041 -0.0200 0.7096
22.0022 156.4603 -5.2231 -41.1023 0.0160 0.7058 -0.0195 0.7080
22.1061 157.1427 -5.2608 -41.0911 0.0161 0.7075 -0.0200 0.7062
22.2101 157.8842 -5.3147 -41.1030 0.0147 0.7097 -0.0203 0.7040
22.3139 158.6461 -5.3679 -41.1075 0.0136 0.7122 -0.0194 0.7016
22.4178 159.3473 -5.4011 -41.1298 0.0143 0.7139 -0.0184 0.6999
22.5215 160.0548 -5.4569 -41.1484 0.0140 0.7163 -0.0194 0.6974
22.6254 160.8308 -5.5051 -41.1407 0.0168 0.7170 -0.0190 0.6966
22.7292 161.5363 -5.5692 -41.1870 0.0144 0.7180 -0.0225 0.6956
22.8329 162.2521 -5.6255 -41.2159 0.0155 0.7186 -0.0225 0.6949
22.9365 162.9715 -5.6692 -41.2223 0.0166 0.7185 -0.0202 0.6950
23.0401 163.6727 -5.7355 -41.2541 0.0155 0.7171 -0.0196 0.6965
23.1438 164.4056 -5.7529 -41.2638 0.0183 0.7146 -0.0152 0.6991
23.2474 165.0708 -5.8127 -41.2450 0.0182 0.7108 -0.0165 0.7030
23.3510 165.7568 -5.8723 -41.2341 0.0201 0.7055 -0.0153 0.7083
23.4547 166.4529 -5.9060 -41.2198 0.0186 0.7003 -0.0144 0.7135
23.5583 167.1210 -5.9494 -41.1583 0.0163 0.6948 -0.0139 0.7189
23.6620 167.8074 -5.9778 -41.1258 0.0135 0.6890 -0.0119 0.7246
23.7657 168.5091 -6.0154 -41.0892 0.0114 0.6826 -0.0090 0.7307
23.8694 169.1577 -6.0331 -41.0133 0.0093 0.6761 -0.0061 0.7367
23.9730 169.8264 -6.0757 -40.9229 0.0066 0.6699 -0.0047 0.7425
24.0768 170.4369 -6.0933 -40.8212 0.0064 0.6630 -0.0022 0.7486
24.1805 171.1482 -6.1644 -40.7091 0.0027 0.6558 -0.0055 0.7549
24.2842 171.7850 -6.1809 -40.6059 0.0027 0.6495 -0.0052 0.7604
24.3879 172.4483 -6.1733 -40.4666 0.0016 0.6430 -0.0053 0.7659
24.4916 173.0375 -6.1979 -40.3463 -0.0023 0.6371 -0.0067 0.7707
24.5954 173.6752 -6.2316 -40.2014 -0.0029 0.6326 -0.0043 0.7745
24.6993 174.3311 -6.2345 -40.0574 -0.0007 0.6283 -0.0011 0.7780
24.8031 174.9140 -6.2556 -39.8917 -0.0012 0.6242 -0.0037 0.7813
24.9068 175.5362 -6.2838 -39.7442 -0.0002 0.6208 -0.0073 0.7839
25.0105 176.1380 -6.3081 -39.5832 0.0021 0.6169 -0.0123 0.7870
25.1143 176.6830 -6.3244 -39.4409 0.0076 0.6137 -0.0121 0.7894
25.2180 177.2720 -6.3346 -39.2851 0.0077 0.6109 -0.0111 0.7916
25.3218 177.8771 -6.3588 -39.1018 0.0034 0.6085 -0.0098 0.7935
25.4255 178.5290 -6.3884 -38.9089 -0.0030 0.6068 -0.0080 0.7948
25.5294 179.1250 -6.4002 -38.7327 -0.0060 0.6060 -0.0045 0.7954
25.6332 179.7147 -6.4154 -38.5602 -0.0038 0.6058 -0.0021 0.7956
25.7370 180.3191 -6.4158 -38.4001 -0.0023 0.6050 -0.0024 0.7962
25.8408 180.9387 -6.4327 -38.2367 -0.0010 0.6042 -0.0011 0.7969
25.9445 181.5525 -6.4243 -38.0401 -0.0018 0.6038 -0.0009 0.7971
26.0481 182.1718 -6.4446 -37.8566 -0.0042 0.6024 0.0001 0.7982
26.1519 182.7758 -6.4489 -37.6895 -0.0059 0.6010 0.0021 0.7993
26.2555 183.4146 -6.4579 -37.5078 -0.0069 0.5993 0.0025 0.8005
26.3591 184.0351 -6.4605 -37.3260 -0.0070 0.5967 0.0042 0.8024
26.4628 184.6496 -6.4591 -37.1203 -0.0077 0.5932 0.0054 0.8050
26.5666 185.2691 -6.4658 -36.9262 -0.0081 0.5893 0.0063 0.8079
26.6703 185.8599 -6.4711 -36.7008 -0.0076 0.5844 0.0059 0.8114
26.7739 186.4999 -6.4817 -36.4653 -0.0062 0.5796 0.0042 0.8149
26.8777 187.0934 -6.4672 -36.2278 -0.0052 0.5750 0.0032 0.8182
26.9813 187.7304 -6.4732 -36.0014 -0.0045 0.5697 0.0032 0.8218
27.0850 188.3583 -6.4722 -35.7381 -0.0058 0.5646 0.0038 0.8253
27.1888 188.9695 -6.4765 -35.4845 -0.0063 0.5596 0.0043 0.8287
27.2925 189.5895 -6.4890 -35.2011 -0.0082 0.5544 0.0038 0.8322
27.3963 190.2141 -6.4804 -34.9337 -0.0099 0.5502 0.0032 0.8349
27.5000 190.8646 -6.4828 -34.6282 -0.0111 0.5471 0.0020 0.8370
27.6039 191.4948 -6.4653 -34.3359 -0.0120 0.5450 0.0025 0.8383
27.7078 192.1474 -6.4688 -34.0379 -0.0134 0.5439 0.0042 0.8390
27.8117 192.8162 -6.4511 -33.7490 -0.0112 0.5438 0.0050 0.8391
27.9155 193.4741 -6.4614 -33.4509 -0.0102 0.5444 0.0055 0.8388
28.0194 194.1215 -6.4519 -33.1590 -0.0081 0.5446 0.0064 0.8386
28.1233 194.7997 -6.4368 -32.8628 -0.0077 0.5446 0.0073 0.8386
28.2272 195.4962 -6.4417 -32.5365 -0.0084 0.5450 0.0102 0.8383
28.3309 196.1485 -6.4308 -32.2429 -0.0093 0.5453 0.0116 0.8381
28.4348 196.8537 -6.4266 -31.9244 -0.0102 0.5462 0.0125 0.8375
28.5387 197.5331 -6.4183 -31.6277 -0.0109 0.5468 0.0126 0.8371
28.6424 198.2068 -6.4167 -31.3132 -0.0111 0.5476 0.0126 0.8366
28.7462 198.9085 -6.4083 -31.0229 -0.0112 0.5484 0.0119 0.8360
28.8499 199.5990 -6.4168 -30.7273 -0.0094 0.5488 0.0114 0.8359
28.9538 200.2981 -6.4186 -30.4250 -0.0073 0.5492 0.0091 0.8356
29.0575 200.9579 -6.4078 -30.1304 -0.0070 0.5498 0.0078 0.8352
29.1613 201.6716 -6.4044 -29.8154 -0.0084 0.5502 0.0080 0.8349
29.2649 202.3672 -6.3944 -29.5062 -0.0102 0.5510 0.0084 0.8344
29.3686 203.0310 -6.3921 -29.2174 -0.0117 0.5521 0.0070 0.8337
29.4725 203.7221 -6.3869 -28.9231 -0.0128 0.5543 0.0062 0.8322
29.5763 204.3816 -6.3833 -28.6460 -0.0135 0.5570 0.0064 0.8303
29.6802 205.0943 -6.3644 -28.3615 -0.0132 0.5608 0.0067 0.8278
29.7839 205.7921 -6.3738 -28.1004 -0.0114 0.5653 0.0072 0.8248
29.8878 206.4825 -6.3699 -27.8488 -0.0109 0.5701 0.0061 0.8215
29.9917 207.1793 -6.3538 -27.5976 -0.0113 0.5751 0.0052 0.8180
30.0955 207.8909 -6.3459 -27.3542 -0.0125 0.5798 0.0087 0.8146
30.1993 208.6146 -6.3435 -27.1269 -0.0144 0.5836 0.0131 0.8118
30.3030 209.2856 -6.3433 -26.9171 -0.0167 0.5862 0.0150 0.8099
30.4068 210.0083 -6.3167 -26.6836 -0.0192 0.5884 0.0134 0.8083
30.5104 210.7036 -6.2899 -26.4423 -0.0199 0.5894 0.0144 0.8075
30.6140 211.4174 -6.2691 -26.1934 -0.0195 0.5901 0.0149 0.8070
30.7178 212.1067 -6.2614 -25.9848 -0.0195 0.5905 0.0144 0.8067
30.8214 212.8210 -6.2256 -25.7634 -0.0194 0.5908 0.0128 0.8065
30.9252 213.5580 -6.2098 -25.5227 -0.0198 0.5905 0.0131 0.8067
31.0288 214.2769 -6.1931 -25.2796 -0.0208 0.5902 0.0130 0.8069
31.1325 215.0113 -6.1690 -25.0527 -0.0209 0.5895 0.0137 0.8074
31.2363 215.7380 -6.1543 -24.8292 -0.0209 0.5887 0.0141 0.8080
31.3401 216.4531 -6.1293 -24.5900 -0.0203 0.5871 0.0157 0.8091
31.4437 217.2416 -6.1083 -24.3040 -0.0216 0.5852 0.0158 0.8105
31.5474 217.9276 -6.0625 -24.0757 -0.0240 0.5834 0.0167 0.8117
31.6510 218.6410 -6.0399 -23.8157 -0.0263 0.5814 0.0171 0.8130
31.7548 219.4328 -6.0173 -23.5348 -0.0275 0.5794 0.0164 0.8144
31.8585 220.1875 -5.9859 -23.2446 -0.0267 0.5775 0.0151 0.8158
31.9623 220.8743 -5.9507 -22.9867 -0.0270 0.5757 0.0110 0.8172
32.0660 221.6344 -5.9204 -22.7022 -0.0267 0.5738 0.0098 0.8185
32.1696 222.3762 -5.8825 -22.4114 -0.0271 0.5719 0.0094 0.8198
32.2734 223.1199 -5.8621 -22.1228 -0.0270 0.5701 0.0086 0.8211
32.3772 223.8595 -5.8549 -21.8628 -0.0269 0.5685 0.0065 0.8223
32.4809 224.5853 -5.8340 -21.5329 -0.0272 0.5659 0.0052 0.8240
32.5845 225.3322 -5.7871 -21.2403 -0.0271 0.5647 0.0068 0.8248
32.6883 226.0726 -5.7748 -20.9488 -0.0259 0.5620 0.0084 0.8267
32.7919 226.7866 -5.7521 -20.6613 -0.0250 0.5607 0.0085 0.8276
32.8957 227.5265 -5.7411 -20.3550 -0.0248 0.5588 0.0074 0.8289
32.9994 228.2749 -5.7103 -20.0760 -0.0273 0.5566 0.0053 0.8303
33.1032 229.0020 -5.6765 -19.7335 -0.0280 0.5542 0.0050 0.8319
33.2068 229.7484 -5.6398 -19.4033 -0.0246 0.5528 0.0065 0.8330
33.3105 230.4633 -5.6473 -19.0783 -0.0229 0.5511 0.0037 0.8341
33.4143 231.1790 -5.6138 -18.7235 -0.0216 0.5496 0.0015 0.8352
33.5182 231.9048 -5.5817 -18.3872 -0.0249 0.5479 -0.0008 0.8362
33.6218 232.5951 -5.5775 -18.1117 -0.0298 0.5472 0.0017 0.8365
33.7255 233.3543 -5.5457 -17.7856 -0.0335 0.5462 0.0072 0.8370
33.8293 234.0728 -5.5167 -17.4639 -0.0377 0.5456 0.0089 0.8372
33.9331 234.8012 -5.4801 -17.1359 -0.0390 0.5447 0.0101 0.8376
34.0367 235.5097 -5.4529 -16.8052 -0.0376 0.5435 0.0078 0.8385
34.1404 236.2402 -5.4176 -16.4649 -0.0349 0.5415 0.0061 0.8399
34.2440 236.9710 -5.3789 -16.1258 -0.0325 0.5393 0.0052 0.8415
34.3478 237.6643 -5.3522 -15.8170 -0.0317 0.5373 0.0034 0.8428
34.4515 238.3868 -5.3024 -15.4652 -0.0302 0.5356 0.0034 0.8439
34.5552 239.0973 -5.2962 -15.1353 -0.0308 0.5340 0.0039 0.8449
34.6589 239.8525 -5.2599 -14.7671 -0.0322 0.5324 0.0065 0.8458
34.7625 240.5775 -5.2178 -14.4073 -0.0333 0.5311 0.0099 0.8466
34.8663 241.3264 -5.1887 -14.0298 -0.0348 0.5298 0.0126 0.8473
34.9700 242.0242 -5.1329 -13.6840 -0.0374 0.5288 0.0132 0.8478
35.0739 242.7804 -5.0827 -13.3382 -0.0389 0.5283 0.0168 0.8480
35.1776 243.4592 -5.0390 -12.9745 -0.0393 0.5279 0.0174 0.8482
35.2813 244.1717 -4.9959 -12.6081 -0.0383 0.5268 0.0119 0.8490
35.3850 244.9161 -4.9790 -12.2276 -0.0336 0.5265 0.0070 0.8495
35.4887 245.6229 -4.9331 -11.8555 -0.0298 0.5264 0.0038 0.8497
35.5924 246.3726 -4.8893 -11.4802 -0.0301 0.5265 0.0046 0.8496
35.6962 247.1106 -4.8448 -11.1148 -0.0331 0.5266 0.0060 0.8494
35.7998 247.8371 -4.8400 -10.7494 -0.0334 0.5261 0.0071 0.8497
35.9035 248.5521 -4.7922 -10.3832 -0.0320 0.5255 0.0085 0.8502
36.0072 249.2851 -4.7618 -10.0268 -0.0313 0.5248 0.0099 0.8506
36.1109 250.0234 -4.7152 -9.6408 -0.0328 0.5239 0.0115 0.8511
36.2145 250.7399 -4.6869 -9.2898 -0.0346 0.5234 0.0118 0.8513
36.3183 251.4735 -4.6477 -8.9027 -0.0352 0.5222 0.0105 0.8520
36.4220 252.1680 -4.6150 -8.5375 -0.0329 0.5222 0.0104 0.8521
36.5258 252.8956 -4.5829 -8.1563 -0.0328 0.5218 0.0088 0.8524
36.6295 253.6589 -4.5474 -7.7819 -0.0322 0.5207 0.0108 0.8530
36.7333 254.3680 -4.5027 -7.3982 -0.0336 0.5191 0.0123 0.8539
36.8370 255.0890 -4.4647 -7.0044 -0.0343 0.5175 0.0127 0.8549
36.9408 255.8128 -4.4184 -6.6018 -0.0334 0.5158 0.0134 0.8560
37.0445 256.5102 -4.3866 -6.2254 -0.0331 0.5135 0.0128 0.8574
37.1483 257.2247 -4.3509 -5.8325 -0.0330 0.5119 0.0100 0.8583
37.2520 257.9669 -4.3247 -5.3973 -0.0316 0.5090 0.0084 0.8602
37.3557 258.6596 -4.2845 -5.0141 -0.0290 0.5055 0.0102 0.8623
37.4594 259.3696 -4.2390 -4.6009 -0.0275 0.5010 0.0119 0.8649
37.5630 260.0940 -4.2194 -4.1774 -0.0267 0.4962 0.0139 0.8677
37.6667 260.8128 -4.1869 -3.7343 -0.0258 0.4898 0.0149 0.8713
37.7703 261.5072 -4.1545 -3.2792 -0.0265 0.4830 0.0151 0.8751
37.8740 262.1911 -4.1215 -2.8202 -0.0279 0.4759 0.0168 0.8789
37.9778 262.8681 -4.0796 -2.3268 -0.0300 0.4694 0.0178 0.8823
38.0815 263.5563 -4.0367 -1.8441 -0.0314 0.4640 0.0162 0.8851
38.1853 264.2193 -4.0053 -1.3515 -0.0312 0.4592 0.0131 0.8877
38.2892 264.8431 -3.9505 -0.8700 -0.0313 0.4561 0.0102 0.8893
38.3932 265.4916 -3.9240 -0.3712 -0.0325 0.4548 0.0074 0.8899
38.4972 266.1688 -3.9071 0.0968 -0.0339 0.4565 0.0032 0.8891
38.6012 266.8600 -3.8709 0.5895 -0.0335 0.4598 -0.0008 0.8874
38.7052 267.5147 -3.8362 1.0611 -0.0325 0.4648 -0.0043 0.8848
38.8093 268.1901 -3.8121 1.4889 -0.0301 0.4705 -0.0020 0.8819
38.9133 268.8833 -3.7948 1.9520 -0.0306 0.4762 0.0001 0.8788
39.0172 269.5875 -3.7500 2.4103 -0.0320 0.4812 -0.0018 0.8760
39.1212 270.2910 -3.7284 2.8331 -0.0315 0.4860 0.0002 0.8734
39.2250 270.9991 -3.7110 3.2559 -0.0305 0.4906 0.0004 0.8709
39.3289 271.6966 -3.6832 3.6778 -0.0289 0.4952 0.0008 0.8683
39.4327 272.3948 -3.6564 4.0956 -0.0286 0.4989 0.0000 0.8662
39.5364 273.0985 -3.6463 4.4864 -0.0303 0.5020 -0.0012 0.8643
39.6402 273.8223 -3.6041 4.8984 -0.0327 0.5044 -0.0007 0.8628
39.7438 274.5411 -3.5621 5.3265 -0.0358 0.5072 -0.0001 0.8611
39.8476 275.2800 -3.5365 5.7148 -0.0374 0.5092 0.0007 0.8598
39.9513 275.9966 -3.5119 6.1095 -0.0373 0.5106 -0.0006 0.8590
40.0550 276.7191 -3.4646 6.5109 -0.0353 0.5117 -0.0046 0.8585
40.1587 277.4396 -3.4659 6.9297 -0.0314 0.5129 -0.0088 0.8578
40.2624 278.1850 -3.4369 7.3324 -0.0277 0.5133 -0.0109 0.8577
40.3662 278.9021 -3.4192 7.7358 -0.0282 0.5141 -0.0115 0.8572
40.4699 279.6406 -3.3770 8.1502 -0.0302 0.5146 -0.0114 0.8568
40.5735 280.4037 -3.3770 8.5571 -0.0311 0.5150 -0.0102 0.8565
40.6773 281.1493 -3.3537 8.9494 -0.0304 0.5146 -0.0071 0.8568
40.7810 281.9211 -3.3223 9.3580 -0.0313 0.5133 -0.0060 0.8576
40.8848 282.6470 -3.3025 9.7710 -0.0312 0.5121 -0.0051 0.8584
40.9884 283.4067 -3.2830 10.1844 -0.0315 0.5100 -0.0057 0.8596
41.0922 284.1312 -3.2657 10.5828 -0.0316 0.5082 -0.0052 0.8607
41.1958 284.9126 -3.2311 11.0185 -0.0325 0.5065 -0.0068 0.8616
41.2994 285.6978 -3.1988 11.4722 -0.0315 0.5042 -0.0066 0.8630
41.4032 286.4421 -3.1825 11.9136 -0.0297 0.5019 -0.0071 0.8644
41.5068 287.1852 -3.1675 12.3397 -0.0272 0.4996 -0.0077 0.8658
41.6105 287.9358 -3.1502 12.8035 -0.0262 0.4963 -0.0073 0.8677
41.7142 288.6985 -3.1391 13.2449 -0.0270 0.4918 -0.0075 0.8703
41.8179 289.4289 -3.0901 13.7406 -0.0289 0.4887 -0.0051 0.8720
41.9215 290.1948 -3.0700 14.2431 -0.0330 0.4850 -0.0053 0.8739
42.0253 290.9424 -3.0324 14.7283 -0.0365 0.4814 -0.0053 0.8757
42.1289 291.6781 -2.9932 15.1764 -0.0382 0.4781 -0.0048 0.8775
42.2327 292.4424 -2.9694 15.7248 -0.0369 0.4742 -0.0052 0.8796
42.3363 293.2072 -2.9396 16.2358 -0.0336 0.4701 -0.0065 0.8820
42.4400 293.9550 -2.9095 16.7494 -0.0298 0.4657 -0.0084 0.8844
42.5438 294.6800 -2.8816 17.2869 -0.0256 0.4619 -0.0078 0.8865
42.6474 295.4048 -2.8822 17.8037 -0.0228 0.4586 -0.0073 0.8883
42.7512 296.1495 -2.8599 18.3444 -0.0216 0.4551 -0.0040 0.8901
42.8548 296.8980 -2.8394 18.8797 -0.0232 0.4508 -0.0009 0.8923
42.9585 297.6278 -2.8159 19.4225 -0.0254 0.4466 0.0027 0.8944
43.0623 298.3906 -2.7933 19.9822 -0.0270 0.4424 0.0044 0.8964
43.1661 299.0958 -2.7681 20.5836 -0.0280 0.4389 0.0056 0.8981
43.2698 299.8086 -2.7334 21.1768 -0.0293 0.4354 0.0036 0.8997
43.3736 300.5538 -2.6830 21.7642 -0.0311 0.4317 0.0019 0.9015
43.4773 301.2602 -2.6584 22.3877 -0.0314 0.4292 0.0042 0.9026
43.5810 301.9906 -2.6148 22.9800 -0.0314 0.4272 0.0034 0.9036
43.6849 302.6996 -2.5945 23.5877 -0.0293 0.4244 0.0033 0.9050
43.7887 303.4047 -2.5555 24.1736 -0.0272 0.4211 0.0022 0.9066
43.8924 304.1383 -2.5234 24.8287 -0.0268 0.4188 0.0034 0.9077
43.9961 304.8520 -2.4769 25.4505 -0.0293 0.4169 0.0031 0.9085
44.1000 305.5638 -2.4405 26.0885 -0.0321 0.4145 0.0040 0.9095
44.2036 306.2784 -2.4111 26.7302 -0.0317 0.4119 0.0037 0.9107
44.3073 307.0064 -2.3822 27.3581 -0.0310 0.4090 -0.0002 0.9120
44.4110 307.6926 -2.3429 28.0188 -0.0278 0.4063 -0.0004 0.9133
44.5148 308.3659 -2.3139 28.6333 -0.0267 0.4041 0.0013 0.9143
44.6185 309.0689 -2.2970 29.2821 -0.0259 0.4016 0.0041 0.9154
44.7223 309.8019 -2.2625 29.9545 -0.0252 0.3987 0.0064 0.9167
44.8262 310.4735 -2.2427 30.5943 -0.0242 0.3959 0.0083 0.9180
44.9298 311.1448 -2.2078 31.2588 -0.0230 0.3927 0.0114 0.9193
45.0335 311.8277 -2.1819 31.8950 -0.0238 0.3908 0.0117 0.9201
45.1373 312.5161 -2.1434 32.5805 -0.0249 0.3884 0.0105 0.9211
45.2410 313.2004 -2.1305 33.2650 -0.0242 0.3859 0.0105 0.9222
45.3448 313.8573 -2.0746 33.9314 -0.0242 0.3832 0.0096 0.9233
45.4485 314.5186 -2.0738 34.6017 -0.0234 0.3809 0.0121 0.9242
45.5523 315.1752 -2.0185 35.2803 -0.0241 0.3781 0.0119 0.9254
45.6562 315.8469 -1.9987 35.9873 -0.0233 0.3756 0.0118 0.9264
45.7599 316.4723 -1.9558 36.6433 -0.0230 0.3728 0.0130 0.9275
45.8637 317.1181 -1.9359 37.3136 -0.0245 0.3701 0.0125 0.9286
45.9674 317.7642 -1.8969 38.0477 -0.0268 0.3690 0.0107 0.9290
46.0713 318.4112 -1.8739 38.7184 -0.0284 0.3669 0.0085 0.9298
46.1750 319.0547 -1.8220 39.4267 -0.0302 0.3651 0.0109 0.9304
46.2788 319.6974 -1.7907 40.1390 -0.0300 0.3650 0.0115 0.9304
46.3827 320.2868 -1.7691 40.8019 -0.0286 0.3634 0.0102 0.9312
46.4865 320.9258 -1.7318 41.5077 -0.0243 0.3626 0.0095 0.9316
46.5904 321.5528 -1.6903 42.2009 -0.0236 0.3632 0.0105 0.9313
46.6942 322.1795 -1.6734 42.8933 -0.0247 0.3638 0.0108 0.9311
46.7981 322.8195 -1.6307 43.6034 -0.0264 0.3647 0.0126 0.9307
46.9019 323.4818 -1.5944 44.3104 -0.0278 0.3658 0.0122 0.9302
47.0058 324.1144 -1.5539 45.0092 -0.0274 0.3691 0.0129 0.9289
47.1097 324.7785 -1.5186 45.7028 -0.0265 0.3716 0.0091 0.9280
47.2136 325.4409 -1.4951 46.3804 -0.0243 0.3742 0.0090 0.9270
47.3174 326.1055 -1.4490 47.0608 -0.0241 0.3779 0.0072 0.9255
47.4212 326.7769 -1.4142 47.7788 -0.0242 0.3821 0.0074 0.9238
47.5251 327.4770 -1.4021 48.4353 -0.0245 0.3860 0.0073 0.9221
47.6288 328.1457 -1.3595 49.1104 -0.0265 0.3894 0.0066 0.9207
47.7327 328.8483 -1.3200 49.7840 -0.0299 0.3930 0.0072 0.9190
47.8364 329.5684 -1.2631 50.4702 -0.0330 0.3971 0.0072 0.9171
47.9402 330.2665 -1.2303 51.1384 -0.0318 0.4015 0.0059 0.9153
48.0439 330.9607 -1.2067 51.7891 -0.0292 0.4051 0.0041 0.9138
48.1477 331.7044 -1.1811 52.4357 -0.0269 0.4089 0.0033 0.9122
48.2514 332.4136 -1.1476 53.0808 -0.0267 0.4118 0.0042 0.9109
48.3550 333.1747 -1.1055 53.7331 -0.0276 0.4152 0.0041 0.9093
48.4588 333.9055 -1.0691 54.3424 -0.0286 0.4175 0.0042 0.9082
48.5626 334.6704 -1.0417 55.0235 -0.0289 0.4207 0.0050 0.9067
48.6662 335.4334 -0.9964 55.6872 -0.0296 0.4233 0.0047 0.9055
48.7699 336.1749 -0.9599 56.3041 -0.0309 0.4249 0.0039 0.9047
48.8736 336.9518 -0.9250 56.9415 -0.0315 0.4276 0.0029 0.9034
48.9773 337.7195 -0.8844 57.5966 -0.0316 0.4301 0.0024 0.9022
49.0809 338.4978 -0.8455 58.2267 -0.0320 0.4317 0.0015 0.9014
49.1847 339.2976 -0.7990 58.8545 -0.0325 0.4339 0.0002 0.9004
49.2883 340.0852 -0.7656 59.4857 -0.0323 0.4359 0.0003 0.8994
49.3920 340.8413 -0.7141 60.0848 -0.0329 0.4365 -0.0004 0.8991
49.4958 341.6303 -0.6774 60.7216 -0.0327 0.4384 0.0005 0.8982
49.5994 342.4399 -0.6535 61.3645 -0.0338 0.4408 -0.0009 0.8969
49.7032 343.2689 -0.6111 61.9954 -0.0345 0.4425 -0.0005 0.8961
49.8068 344.0566 -0.5755 62.6184 -0.0341 0.4442 -0.0001 0.8953
49.9106 344.8233 -0.5372 63.2014 -0.0337 0.4452 -0.0015 0.8948
50.0142 345.6709 -0.4965 63.8182 -0.0335 0.4466 -0.0014 0.8941
50.1180 346.4817 -0.4539 64.4207 -0.0345 0.4474 0.0005 0.8936
50.2216 347.2952 -0.4088 65.0440 -0.0372 0.4478 0.0044 0.8933
50.3253 348.1052 -0.3627 65.6293 -0.0390 0.4481 0.0059 0.8931
50.4290 348.9014 -0.3139 66.2593 -0.0385 0.4485 0.0067 0.8929
50.5327 349.7029 -0.2687 66.8558 -0.0349 0.4484 0.0065 0.8931
50.6365 350.5108 -0.2286 67.4511 -0.0318 0.4494 0.0050 0.8927
50.7402 351.3091 -0.1818 68.0802 -0.0295 0.4498 0.0061 0.8926
50.8440 352.1483 -0.1377 68.7041 -0.0299 0.4506 0.0070 0.8922
50.9476 352.9455 -0.1013 69.2911 -0.0306 0.4508 0.0099 0.8921
51.0512 353.7775 -0.0665 69.8862 -0.0316 0.4512 0.0125 0.8918
51.1549 354.6245 -0.0092 70.5173 -0.0330 0.4514 0.0134 0.8916
51.2586 355.4158 0.0371 71.0926 -0.0324 0.4518 0.0144 0.8914
51.3623 356.2229 0.0777 71.6914 -0.0315 0.4513 0.0145 0.8917
51.4659 357.0248 0.1295 72.2647 -0.0304 0.4509 0.0140 0.8920
51.5697 357.8474 0.1656 72.8933 -0.0308 0.4512 0.0134 0.8918
51.6733 358.6680 0.2093 73.5091 -0.0304 0.4513 0.0174 0.8917
51.7769 359.4660 0.2703 74.0860 -0.0309 0.4514 0.0178 0.8916
51.8807 360.2940 0.3075 74.6882 -0.0293 0.4519 0.0191 0.8914
51.9843 361.0912 0.3657 75.2861 -0.0306 0.4522 0.0156 0.8912
52.0881 361.9142 0.4064 75.8881 -0.0295 0.4524 0.0179 0.8911
52.1917 362.7240 0.4624 76.4878 -0.0296 0.4522 0.0189 0.8912
52.2954 363.5281 0.5057 77.0836 -0.0303 0.4521 0.0197 0.8912
52.3992 364.3920 0.5593 77.6996 -0.0298 0.4519 0.0214 0.8913
52.5029 365.1708 0.6024 78.2679 -0.0297 0.4515 0.0235 0.8914
52.6067 365.9681 0.6586 78.8617 -0.0287 0.4514 0.0274 0.8914
52.7104 366.7988 0.7020 79.4359 -0.0273 0.4511 0.0314 0.8915
52.8142 367.6133 0.7601 80.0400 -0.0283 0.4504 0.0310 0.8918
52.9179 368.4077 0.8128 80.6378 -0.0286 0.4497 0.0321 0.8922
53.0217 369.1873 0.8764 81.2218 -0.0292 0.4487 0.0328 0.8926
53.1254 369.9747 0.9236 81.7996 -0.0292 0.4481 0.0332 0.8929
53.2292 370.7438 0.9864 82.3767 -0.0292 0.4474 0.0334 0.8932
53.3329 371.4947 1.0502 82.9706 -0.0290 0.4475 0.0353 0.8931
53.4365 372.2415 1.0928 83.5360 -0.0295 0.4466 0.0376 0.8935
53.5403 372.9950 1.1485 84.1069 -0.0318 0.4461 0.0379 0.8936
53.6441 373.7050 1.2121 84.6653 -0.0351 0.4458 0.0381 0.8937
53.7478 374.3525 1.2703 85.1556 -0.0392 0.4457 0.0361 0.8936
53.8516 375.0562 1.3302 85.7199 -0.0432 0.4457 0.0318 0.8936
53.9553 375.7258 1.3996 86.2168 -0.0450 0.4455 0.0305 0.8936
54.0590 376.3943 1.4760 86.7131 -0.0463 0.4457 0.0282 0.8936
54.1628 377.0297 1.5347 87.2254 -0.0471 0.4463 0.0264 0.8932
54.2666 377.6792 1.5946 87.7411 -0.0471 0.4470 0.0242 0.8930
54.3702 378.3392 1.6580 88.2259 -0.0468 0.4471 0.0232 0.8929
54.4739 378.9374 1.7192 88.7103 -0.0461 0.4476 0.0237 0.8928
54.5776 379.5376 1.7719 89.1657 -0.0456 0.4479 0.0240 0.8926
54.6813 380.1679 1.8384 89.6176 -0.0453 0.4488 0.0245 0.8921
54.7851 380.7478 1.8916 90.0651 -0.0466 0.4508 0.0233 0.8911
54.8888 381.3300 1.9405 90.5075 -0.0479 0.4525 0.0221 0.8902
54.9927 381.9272 1.9986 90.9101 -0.0481 0.4560 0.0226 0.8884
55.0964 382.4916 2.0535 91.3408 -0.0482 0.4589 0.0211 0.8869
55.2002 383.0798 2.0889 91.7566 -0.0471 0.4622 0.0185 0.8854
55.3040 383.6530 2.1537 92.1710 -0.0454 0.4657 0.0160 0.8836
55.4078 384.2598 2.2064 92.5656 -0.0442 0.4706 0.0150 0.8811
55.5117 384.8340 2.2403 92.9364 -0.0461 0.4755 0.0145 0.8784
55.6154 385.4753 2.3358 93.3307 -0.0489 0.4808 0.0145 0.8753
55.7192 386.0761 2.3830 93.7425 -0.0518 0.4861 0.0155 0.8722
55.8229 386.6871 2.4433 94.0846 -0.0535 0.4911 0.0164 0.8693
55.9267 387.3217 2.5016 94.4382 -0.0539 0.4957 0.0173 0.8667
56.0304 387.9813 2.5733 94.8126 -0.0527 0.5004 0.0177 0.8640
56.1341 388.6159 2.6184 95.1775 -0.0503 0.5042 0.0186 0.8619
56.2378 389.2742 2.6772 95.5058 -0.0468 0.5073 0.0196 0.8603
56.3416 389.9051 2.7298 95.8674 -0.0449 0.5102 0.0221 0.8586
56.4453 390.5869 2.7867 96.2273 -0.0460 0.5127 0.0247 0.8570
56.5491 391.3098 2.8753 96.5819 -0.0507 0.5151 0.0301 0.8551
56.6529 391.9666 2.9605 96.9074 -0.0582 0.5168 0.0337 0.8535
56.7567 392.7099 3.0798 97.2990 -0.0625 0.5189 0.0376 0.8517
56.8604 393.3707 3.1473 97.6847 -0.0647 0.5208 0.0387 0.8504
56.9643 394.0579 3.2425 98.0502 -0.0656 0.5236 0.0375 0.8486
57.0681 394.7920 3.3379 98.3691 -0.0659 0.5263 0.0364 0.8469
57.1719 395.4721 3.4443 98.7193 -0.0660 0.5285 0.0397 0.8454
57.2756 396.1954 3.5538 99.0434 -0.0660 0.5313 0.0436 0.8435
57.3793 396.9533 3.6784 99.3935 -0.0682 0.5338 0.0450 0.8417
57.4831 397.7133 3.7916 99.7384 -0.0670 0.5366 0.0472 0.8398
57.5868 398.4233 3.8898 100.1000 -0.0670 0.5389 0.0469 0.8384
57.6906 399.0665 4.0011 100.4130 -0.0668 0.5411 0.0469 0.8370
57.7943 399.7775 4.0871 100.6996 -0.0665 0.5442 0.0477 0.8349
57.8982 400.4911 4.1922 100.9901 -0.0660 0.5479 0.0481 0.8325
58.0019 401.1976 4.2998 101.2955 -0.0663 0.5520 0.0480 0.8298
58.1058 401.8848 4.4032 101.5899 -0.0658 0.5561 0.0485 0.8271
58.2097 402.5882 4.5095 101.8694 -0.0668 0.5608 0.0478 0.8239
58.3134 403.2831 4.6318 102.0774 -0.0667 0.5653 0.0488 0.8207
58.4173 403.9549 4.6928 102.3567 -0.0641 0.5698 0.0511 0.8177
58.5211 404.6491 4.7960 102.6003 -0.0619 0.5744 0.0496 0.8147
58.6249 405.3071 4.8820 102.8114 -0.0617 0.5800 0.0430 0.8111
58.7287 405.9957 4.9716 103.0239 -0.0604 0.5861 0.0385 0.8071
58.8327 406.6414 5.0598 103.2539 -0.0590 0.5922 0.0353 0.8029
58.9366 407.2780 5.1400 103.4363 -0.0567 0.5998 0.0355 0.7973
59.0404 408.0248 5.2230 103.6092 -0.0540 0.6091 0.0350 0.7905
59.1443 408.7193 5.2997 103.7592 -0.0507 0.6178 0.0342 0.7839
59.2482 409.4129 5.3524 103.8787 -0.0462 0.6262 0.0343 0.7775
59.3521 410.1015 5.4154 103.9807 -0.0427 0.6336 0.0349 0.7717
59.4558 410.8293 5.4810 104.1225 -0.0402 0.6415 0.0364 0.7652
59.5596 411.5786 5.5502 104.2330 -0.0418 0.6481 0.0383 0.7594
59.6633 412.3251 5.6359 104.3419 -0.0447 0.6539 0.0407 0.7541
59.7669 413.0563 5.7217 104.4219 -0.0467 0.6583 0.0447 0.7500
59.8707 413.7768 5.7916 104.5097 -0.0491 0.6622 0.0467 0.7463
59.9743 414.6280 5.8826 104.6163 -0.0504 0.6656 0.0463 0.7432
60.0781 415.3232 5.9707 104.6762 -0.0530 0.6687 0.0459 0.7402
60.1818 416.0998 6.0459 104.7347 -0.0546 0.6714 0.0475 0.7375
60.2856 416.8546 6.1584 104.8252 -0.0574 0.6739 0.0449 0.7352
60.3893 417.6007 6.2507 104.8967 -0.0585 0.6767 0.0362 0.7330
60.4931 418.3712 6.3012 104.9603 -0.0537 0.6789 0.0290 0.7317
60.5968 419.0990 6.3383 105.0220 -0.0501 0.6807 0.0236 0.7305
60.7006 419.8615 6.4162 105.0874 -0.0511 0.6816 0.0214 0.7297
60.8042 420.6846 6.5275 105.1604 -0.0563 0.6817 0.0216 0.7292
60.9080 421.4677 6.6208 105.2122 -0.0586 0.6816 0.0216 0.7291
61.0116 422.2517 6.6518 105.2704 -0.0555 0.6809 0.0162 0.7301
61.1153 422.9613 6.6829 105.3173 -0.0463 0.6798 0.0081 0.7319
61.2189 423.6777 6.7010 105.4129 -0.0428 0.6776 -0.0002 0.7342
61.3227 424.4387 6.7563 105.4939 -0.0425 0.6760 -0.0004 0.7357
61.4264 425.2209 6.8328 105.5648 -0.0472 0.6755 0.0021 0.7358
61.5302 425.9974 6.8739 105.6434 -0.0501 0.6746 0.0039 0.7365
61.6338 426.7120 6.8961 105.7252 -0.0475 0.6730 0.0044 0.7381
61.7376 427.4114 6.9044 105.7893 -0.0441 0.6717 0.0017 0.7395
61.8413 428.0818 6.9259 105.8455 -0.0404 0.6708 0.0012 0.7405
61.9451 428.8036 6.9701 105.9345 -0.0381 0.6703 0.0019 0.7411
62.0488 429.5100 6.9929 105.9845 -0.0351 0.6700 0.0019 0.7415
62.1526 430.1430 7.0085 106.0551 -0.0332 0.6705 0.0000 0.7412
62.2564 430.8615 7.0336 106.1292 -0.0315 0.6713 -0.0020 0.7405
62.3601 431.5174 7.0449 106.2232 -0.0329 0.6715 -0.0059 0.7403
62.4640 432.1456 7.0560 106.3233 -0.0334 0.6735 -0.0078 0.7384
62.5679 432.7452 7.0603 106.3406 -0.0342 0.6786 -0.0100 0.7337
62.6718 433.4236 7.0735 106.3536 -0.0344 0.6847 -0.0114 0.7279
62.7758 434.0825 7.0718 106.4091 -0.0329 0.6915 -0.0108 0.7216
62.8798 434.7235 7.0807 106.4262 -0.0316 0.6983 -0.0097 0.7150
62.9837 435.3311 7.0847 106.4151 -0.0301 0.7045 -0.0089 0.7090
63.0876 435.9015 7.0753 106.3891 -0.0291 0.7104 -0.0084 0.7031
63.1914 436.4633 7.0726 106.3652 -0.0288 0.7168 -0.0084 0.6966
63.2954 437.0309 7.0836 106.3483 -0.0289 0.7233 -0.0084 0.6899
63.3993 437.5738 7.0891 106.2995 -0.0298 0.7298 -0.0088 0.6830
63.5032 438.0564 7.0878 106.2387 -0.0296 0.7360 -0.0090 0.6763
63.6071 438.4944 7.0891 106.1844 -0.0267 0.7417 -0.0099 0.6701
63.7108 438.9243 7.0613 106.1051 -0.0215 0.7472 -0.0109 0.6641
63.8147 439.3085 7.0570 106.0122 -0.0161 0.7521 -0.0131 0.6587
63.9184 439.7142 7.0366 105.9598 -0.0127 0.7564 -0.0157 0.6538
64.0222 440.0544 7.0339 105.9212 -0.0111 0.7597 -0.0184 0.6499
64.1260 440.4118 7.0232 105.8586 -0.0098 0.7632 -0.0201 0.6458
64.2297 440.7416 7.0115 105.8079 -0.0072 0.7657 -0.0192 0.6428
64.3333 441.0296 7.0006 105.7159 -0.0046 0.7678 -0.0166 0.6404
64.4371 441.3339 6.9653 105.6484 -0.0023 0.7698 -0.0137 0.6382
64.5407 441.6175 6.9698 105.5794 -0.0032 0.7714 -0.0132 0.6362
64.6444 441.8652 6.9545 105.5283 -0.0060 0.7729 -0.0143 0.6343
64.7481 442.0939 6.9578 105.4931 -0.0088 0.7741 -0.0155 0.6329
64.8517 442.3520 6.9529 105.4709 -0.0103 0.7752 -0.0159 0.6315
64.9553 442.5207 6.9451 105.4045 -0.0095 0.7757 -0.0160 0.6308
65.0591 442.7002 6.9230 105.3669 -0.0070 0.7765 -0.0151 0.6299
65.1627 442.8637 6.9161 105.3287 -0.0050 0.7768 -0.0138 0.6296
65.2663 443.0004 6.9003 105.2936 -0.0037 0.7764 -0.0145 0.6300
65.3701 443.1604 6.8951 105.2615 -0.0035 0.7760 -0.0158 0.6305
65.4737 443.2895 6.8995 105.2337 -0.0028 0.7752 -0.0150 0.6315
65.5774 443.4691 6.8820 105.2107 -0.0009 0.7739 -0.0107 0.6332
65.6811 443.5903 6.8942 105.1400 0.0002 0.7722 -0.0086 0.6354
65.7848 443.7550 6.8774 105.1392 0.0016 0.7708 -0.0078 0.6371
65.8886 443.8985 6.8743 105.1022 0.0013 0.7695 -0.0092 0.6386
65.9922 444.0464 6.8648 105.1004 0.0006 0.7680 -0.0107 0.6403
66.0959 444.2027 6.8594 105.1122 0.0002 0.7664 -0.0121 0.6423
66.1997 444.3421 6.8583 105.0620 0.0003 0.7644 -0.0126 0.6446
66.3033 444.5153 6.8448 105.0497 0.0001 0.7624 -0.0126 0.6470
66.4071 444.7043 6.8374 105.0375 -0.0027 0.7600 -0.0135 0.6498
66.5107 444.9291 6.8543 105.0264 -0.0065 0.7573 -0.0158 0.6528
66.6143 445.1511 6.8554 105.0158 -0.0092 0.7542 -0.0170 0.6564
66.7181 445.3969 6.8387 104.9875 -0.0088 0.7513 -0.0150 0.6597
66.8217 445.6478 6.8218 104.9829 -0.0070 0.7475 -0.0124 0.6641
66.9254 445.8976 6.7972 104.9551 -0.0060 0.7437 -0.0102 0.6684
67.0291 446.1494 6.8136 104.9098 -0.0045 0.7386 -0.0087 0.6741
67.1328 446.4222 6.7950 104.9170 -0.0037 0.7328 -0.0082 0.6804
67.2364 446.6981 6.7999 104.9201 -0.0037 0.7269 -0.0073 0.6867
67.3401 447.0009 6.7852 104.9343 -0.0037 0.7198 -0.0069 0.6941
67.4437 447.2810 6.7826 104.9522 -0.0036 0.7123 -0.0068 0.7018
67.5473 447.5644 6.7662 104.9673 -0.0034 0.7045 -0.0079 0.7097
67.6511 447.8865 6.7677 104.9995 -0.0044 0.6962 -0.0112 0.7178
67.7547 448.2218 6.7640 105.0519 -0.0049 0.6878 -0.0143 0.7257
67.8583 448.5525 6.7742 105.0947 -0.0059 0.6785 -0.0149 0.7344
67.9621 448.9117 6.7511 105.1647 -0.0052 0.6689 -0.0132 0.7432
68.0657 449.2549 6.7377 105.2324 -0.0048 0.6594 -0.0115 0.7517
68.1693 449.6407 6.7329 105.3008 -0.0052 0.6496 -0.0117 0.7602
68.2731 450.0194 6.7273 105.3951 -0.0056 0.6396 -0.0121 0.7686
68.3767 450.4091 6.7258 105.5060 -0.0060 0.6297 -0.0124 0.7767
68.4803 450.8150 6.7094 105.6270 -0.0059 0.6194 -0.0124 0.7849
68.5841 451.2537 6.7037 105.7585 -0.0056 0.6099 -0.0117 0.7924
68.6878 451.6942 6.6975 105.9112 -0.0054 0.6010 -0.0108 0.7991
68.7916 452.1778 6.6924 106.0799 -0.0053 0.5925 -0.0105 0.8055
68.8953 452.6375 6.6828 106.2719 -0.0051 0.5848 -0.0101 0.8111
68.9991 453.1394 6.6793 106.4452 -0.0051 0.5769 -0.0104 0.8167
69.1028 453.6285 6.6658 106.6367 -0.0046 0.5696 -0.0098 0.8218
69.2066 454.1269 6.6614 106.8364 -0.0039 0.5620 -0.0082 0.8271
69.3103 454.6682 6.6509 107.0891 -0.0023 0.5539 -0.0061 0.8325
69.4139 455.1909 6.6390 107.3250 -0.0015 0.5460 -0.0050 0.8377
69.5177 455.7401 6.6310 107.6039 -0.0011 0.5383 -0.0048 0.8427
69.6214 456.2803 6.6279 107.9042 -0.0009 0.5315 -0.0053 0.8470
69.7253 456.8609 6.6149 108.1950 -0.0010 0.5257 -0.0060 0.8506
69.8291 457.4384 6.6088 108.5018 -0.0017 0.5199 -0.0057 0.8542
69.9328 458.0338 6.5958 108.8341 -0.0027 0.5150 -0.0055 0.8572
70.0367 458.6440 6.5954 109.1775 -0.0039 0.5114 -0.0051 0.8593
70.1406 459.2355 6.5879 109.5146 -0.0048 0.5082 -0.0044 0.8612
70.2443 459.8678 6.5807 109.8864 -0.0052 0.5059 -0.0047 0.8626
70.3482 460.5135 6.5633 110.2615 -0.0059 0.5041 -0.0053 0.8636
70.4519 461.1632 6.5648 110.6403 -0.0064 0.5026 -0.0058 0.8644
70.5558 461.8298 6.5578 111.0233 -0.0064 0.5012 -0.0064 0.8653
70.6596 462.5146 6.5535 111.4141 -0.0059 0.4998 -0.0059 0.8661
70.7633 463.1682 6.5408 111.8199 -0.0049 0.4986 -0.0054 0.8668
70.8672 463.8820 6.5288 112.2307 -0.0043 0.4973 -0.0060 0.8676
70.9708 464.5660 6.5330 112.6424 -0.0037 0.4961 -0.0060 0.8683
71.0747 465.2968 6.5164 113.0648 -0.0025 0.4948 -0.0061 0.8690
71.1784 465.9831 6.5075 113.5265 -0.0018 0.4940 -0.0054 0.8695
71.2822 466.7527 6.4830 113.9647 -0.0008 0.4928 -0.0043 0.8701
71.3859 467.5178 6.4683 114.4161 -0.0000 0.4921 -0.0038 0.8706
71.4896 468.2576 6.4600 114.8663 0.0010 0.4912 -0.0043 0.8710
71.5933 468.9990 6.4347 115.3281 0.0026 0.4908 -0.0047 0.8713
71.6972 469.7829 6.4064 115.7987 0.0034 0.4908 -0.0057 0.8713
71.8010 470.5492 6.4026 116.2896 0.0025 0.4904 -0.0065 0.8715
71.9047 471.3495 6.3795 116.7814 0.0016 0.4904 -0.0051 0.8715
72.0085 472.1557 6.3657 117.2665 0.0003 0.4902 -0.0050 0.8716
72.1122 472.9547 6.3345 117.7720 0.0012 0.4899 -0.0041 0.8718
72.2160 473.7724 6.3209 118.2753 0.0020 0.4896 -0.0037 0.8720
72.3197 474.6120 6.2898 118.7606 0.0029 0.4892 -0.0027 0.8722
72.4235 475.4551 6.2762 119.2882 0.0034 0.4888 -0.0017 0.8724
72.5272 476.2989 6.2556 119.8086 0.0038 0.4884 -0.0010 0.8726
72.6309 477.1532 6.2296 120.3361 0.0038 0.4881 -0.0005 0.8728
72.7347 478.0395 6.2077 120.8792 0.0039 0.4878 -0.0009 0.8730
72.8385 478.9157 6.1828 121.4384 0.0038 0.4877 -0.0022 0.8730
72.9422 479.7928 6.1703 121.9653 0.0037 0.4871 -0.0021 0.8734
73.0460 480.7003 6.1305 122.5291 0.0033 0.4873 -0.0015 0.8732
73.1497 481.5863 6.1197 123.1087 0.0019 0.4878 -0.0032 0.8729
73.2535 482.4615 6.0996 123.6801 0.0018 0.4888 -0.0048 0.8724
73.3572 483.3877 6.0658 124.2595 0.0024 0.4909 -0.0067 0.8712
73.4611 484.3298 6.0357 124.8096 0.0020 0.4940 -0.0093 0.8694
73.5649 485.2437 6.0115 125.3756 0.0015 0.4986 -0.0122 0.8668
73.6688 486.1732 5.9746 125.9097 0.0010 0.5043 -0.0147 0.8634
73.7727 487.1261 5.9347 126.4526 0.0002 0.5107 -0.0162 0.8596
73.8767 488.1174 5.8953 126.9713 -0.0014 0.5182 -0.0167 0.8551
73.9806 489.0896 5.8679 127.4675 -0.0034 0.5255 -0.0165 0.8506
74.0845 490.0603 5.8369 127.9551 -0.0043 0.5331 -0.0175 0.8459
74.1885 491.0938 5.7915 128.4213 -0.0033 0.5410 -0.0181 0.8408
74.2923 492.0645 5.7554 128.8695 -0.0023 0.5490 -0.0200 0.8356
74.3962 493.1016 5.7161 129.3153 -0.0020 0.5578 -0.0206 0.8297
74.5001 494.1232 5.6917 129.7191 -0.0028 0.5670 -0.0206 0.8235
74.6038 495.1882 5.6452 130.0909 -0.0029 0.5766 -0.0199 0.8168
74.7078 496.2491 5.5868 130.4380 -0.0019 0.5868 -0.0209 0.8094
74.8117 497.2438 5.5629 130.7840 -0.0008 0.5975 -0.0243 0.8015
74.9155 498.3481 5.4758 131.0988 0.0011 0.6085 -0.0256 0.7932
75.0193 499.4154 5.4545 131.3589 0.0009 0.6195 -0.0303 0.7844
75.1233 500.4649 5.3604 131.5877 0.0031 0.6321 -0.0299 0.7743
75.2271 501.5993 5.3126 131.7997 0.0027 0.6436 -0.0328 0.7646
75.3310 502.6943 5.2282 131.9526 0.0049 0.6546 -0.0333 0.7553
75.4348 503.7994 5.1438 132.0959 0.0078 0.6656 -0.0339 0.7455
75.5386 504.9209 5.0614 132.1961 0.0104 0.6749 -0.0344 0.7370
75.6422 506.0197 4.9683 132.2551 0.0117 0.6838 -0.0337 0.7288
75.7459 507.1180 4.8772 132.3358 0.0126 0.6924 -0.0332 0.7207
75.8496 508.2422 4.7886 132.3622 0.0130 0.7002 -0.0345 0.7130
75.9533 509.3592 4.6965 132.3599 0.0139 0.7081 -0.0359 0.7051
76.0570 510.4989 4.5980 132.3476 0.0146 0.7158 -0.0357 0.6973
76.1606 511.6104 4.4959 132.2821 0.0153 0.7218 -0.0333 0.6911
76.2642 512.7592 4.4010 132.2229 0.0167 0.7265 -0.0308 0.6863
76.3677 513.8822 4.3007 132.1395 0.0197 0.7296 -0.0294 0.6829
76.4713 515.0061 4.2036 132.0580 0.0214 0.7316 -0.0300 0.6807
76.5750 516.1503 4.0984 131.9833 0.0215 0.7333 -0.0303 0.6789
76.6786 517.2546 4.0068 131.9229 0.0214 0.7344 -0.0305 0.6777
76.7822 518.4180 3.9016 131.8081 0.0218 0.7354 -0.0315 0.6766
76.8859 519.5564 3.7923 131.7488 0.0236 0.7369 -0.0321 0.6748
76.9896 520.6939 3.6899 131.6348 0.0244 0.7378 -0.0326 0.6738
77.0932 521.8864 3.5635 131.5214 0.0245 0.7387 -0.0322 0.6728
77.1970 523.0866 3.4582 131.4166 0.0241 0.7400 -0.0306 0.6715
77.3006 524.2735 3.3632 131.3318 0.0226 0.7404 -0.0297 0.6711
77.4042 525.4456 3.2627 131.2288 0.0226 0.7409 -0.0306 0.6706
77.5078 526.6536 3.1411 131.1049 0.0234 0.7411 -0.0326 0.6702
77.6116 527.8632 3.0300 130.9931 0.0240 0.7409 -0.0340 0.6703
77.7152 529.0833 2.9123 130.8660 0.0249 0.7410 -0.0331 0.6703
77.8190 530.3065 2.7966 130.7687 0.0246 0.7410 -0.0334 0.6702
77.9227 531.5515 2.6780 130.6477 0.0242 0.7410 -0.0341 0.6702
78.0263 532.7750 2.5563 130.5366 0.0235 0.7412 -0.0356 0.6699
78.1301 534.0473 2.4316 130.4091 0.0233 0.7418 -0.0348 0.6693
78.2338 535.3302 2.3166 130.3111 0.0231 0.7428 -0.0343 0.6682
78.3375 536.5952 2.1931 130.1807 0.0233 0.7436 -0.0345 0.6674
78.4412 537.8590 2.0690 130.0282 0.0236 0.7442 -0.0349 0.6666
78.5448 539.1293 1.9494 129.8831 0.0231 0.7452 -0.0349 0.6655
78.6486 540.3937 1.8204 129.7636 0.0233 0.7466 -0.0346 0.6639
78.7523 541.7056 1.7034 129.6292 0.0225 0.7477 -0.0350 0.6627
78.8560 543.0199 1.5800 129.4631 0.0217 0.7489 -0.0346 0.6614
78.9597 544.3288 1.4523 129.3196 0.0215 0.7501 -0.0348 0.6600
79.0633 545.6399 1.3307 129.1620 0.0212 0.7511 -0.0352 0.6588
79.1671 546.9870 1.1999 128.9751 0.0211 0.7517 -0.0358 0.6582
79.2708 548.3073 1.0786 128.8003 0.0217 0.7528 -0.0354 0.6569
79.3745 549.6358 0.9444 128.6432 0.0216 0.7537 -0.0361 0.6559
79.4782 551.0136 0.8090 128.4344 0.0223 0.7546 -0.0359 0.6548
79.5820 552.3755 0.6788 128.2588 0.0219 0.7557 -0.0361 0.6536
79.6857 553.7375 0.5511 128.0677 0.0219 0.7568 -0.0361 0.6523
79.7895 555.0993 0.4124 127.8292 0.0212 0.7582 -0.0366 0.6506
79.8932 556.5055 0.2779 127.6374 0.0208 0.7594 -0.0368 0.6493
79.9970 557.8674 0.1446 127.4459 0.0218 0.7609 -0.0363 0.6475
80.1006 559.3001 -0.0019 127.2203 0.0216 0.7614 -0.0370 0.6468
80.2043 560.7198 -0.1421 127.0130 0.0227 0.7623 -0.0364 0.6458
80.3080 562.1173 -0.2841 126.7853 0.0232 0.7628 -0.0362 0.6452
80.4117 563.5005 -0.4225 126.5328 0.0231 0.7632 -0.0360 0.6447
80.5153 564.8981 -0.5557 126.3010 0.0238 0.7636 -0.0353 0.6443
80.6191 566.3530 -0.6936 126.0666 0.0247 0.7639 -0.0351 0.6439
80.7227 567.7833 -0.8388 125.8133 0.0244 0.7643 -0.0357 0.6434
80.8264 569.2393 -0.9777 125.5671 0.0250 0.7645 -0.0341 0.6432
80.9301 570.6806 -1.1257 125.3391 0.0244 0.7648 -0.0350 0.6429
81.0338 572.1554 -1.2781 125.1131 0.0247 0.7656 -0.0343 0.6419
81.1375 573.6006 -1.4149 124.8513 0.0233 0.7657 -0.0345 0.6419
81.2412 575.1235 -1.5604 124.6065 0.0236 0.7663 -0.0332 0.6412
81.3449 576.5369 -1.7103 124.3456 0.0234 0.7666 -0.0333 0.6408
81.4486 578.0162 -1.8431 124.0909 0.0240 0.7665 -0.0339 0.6409
81.5523 579.4966 -1.9939 123.8253 0.0245 0.7666 -0.0336 0.6408
81.6561 580.9949 -2.1471 123.5755 0.0240 0.7667 -0.0343 0.6407
81.7597 582.4250 -2.2895 123.3202 0.0241 0.7666 -0.0338 0.6408
81.8635 583.9495 -2.4358 123.0528 0.0245 0.7666 -0.0342 0.6408
81.9671 585.3810 -2.5819 122.7944 0.0250 0.7664 -0.0347 0.6409
82.0708 586.8612 -2.7408 122.5480 0.0263 0.7662 -0.0343 0.6411
82.1745 588.3889 -2.9103 122.2616 0.0266 0.7656 -0.0341 0.6419
82.2782 589.8697 -3.0625 122.0135 0.0270 0.7652 -0.0324 0.6425
82.3820 591.3675 -3.2080 121.7529 0.0278 0.7646 -0.0313 0.6431
82.4857 592.8619 -3.3604 121.5098 0.0275 0.7642 -0.0314 0.6436
82.5894 594.3387 -3.5138 121.2517 0.0275 0.7639 -0.0306 0.6440
82.6931 595.8244 -3.6645 121.0297 0.0271 0.7635 -0.0314 0.6444
82.7969 597.2622 -3.8137 120.7948 0.0273 0.7633 -0.0312 0.6447
82.9006 598.7432 -3.9621 120.5509 0.0269 0.7632 -0.0313 0.6448
83.0042 600.2136 -4.1134 120.3134 0.0271 0.7631 -0.0315 0.6450
83.1078 601.6927 -4.2585 120.0705 0.0262 0.7630 -0.0320 0.6451
83.2116 603.2293 -4.4151 119.8222 0.0258 0.7629 -0.0315 0.6452
83.3152 604.6815 -4.5713 119.6068 0.0259 0.7628 -0.0304 0.6454
83.4190 606.1674 -4.7137 119.3356 0.0290 0.7627 -0.0275 0.6455
83.5226 607.6817 -4.8633 119.0802 0.0294 0.7621 -0.0281 0.6462
83.6262 609.1610 -5.0159 118.8565 0.0300 0.7619 -0.0293 0.6463
83.7300 610.6442 -5.1665 118.6153 0.0297 0.7618 -0.0299 0.6464
83.8336 612.1156 -5.3175 118.3838 0.0284 0.7617 -0.0302 0.6466
83.9373 613.5849 -5.4559 118.1649 0.0276 0.7614 -0.0307 0.6470
84.0410 615.0485 -5.6061 117.9232 0.0265 0.7611 -0.0316 0.6473
84.1447 616.5478 -5.7558 117.6834 0.0257 0.7609 -0.0326 0.6476
84.2484 618.0303 -5.9049 117.4561 0.0252 0.7607 -0.0327 0.6478
84.3521 619.4876 -6.0516 117.2418 0.0250 0.7609 -0.0322 0.6476
84.4557 620.9380 -6.2031 117.0184 0.0261 0.7608 -0.0314 0.6477
84.5594 622.4398 -6.3500 116.7841 0.0263 0.7609 -0.0316 0.6475
84.6630 623.9176 -6.5051 116.5504 0.0270 0.7609 -0.0309 0.6476
84.7667 625.3381 -6.6395 116.3235 0.0271 0.7603 -0.0297 0.6483
84.8703 626.8418 -6.7940 116.0864 0.0279 0.7599 -0.0298 0.6487
84.9740 628.2676 -6.9442 115.8628 0.0277 0.7596 -0.0323 0.6490
85.0777 629.7445 -7.0991 115.6437 0.0268 0.7592 -0.0329 0.6494
85.1813 631.1993 -7.2549 115.4374 0.0250 0.7589 -0.0335 0.6498
85.2851 632.6520 -7.4101 115.2364 0.0244 0.7589 -0.0324 0.6500
85.3887 634.0502 -7.5551 115.0167 0.0243 0.7586 -0.0311 0.6503
85.4925 635.4718 -7.6949 114.7850 0.0242 0.7585 -0.0303 0.6505
85.5961 636.8860 -7.8390 114.6027 0.0247 0.7586 -0.0299 0.6504
85.6997 638.2960 -7.9874 114.3698 0.0242 0.7586 -0.0309 0.6503
85.8034 639.6555 -8.1182 114.1700 0.0245 0.7590 -0.0304 0.6499
85.9071 641.0079 -8.2480 113.9906 0.0239 0.7593 -0.0305 0.6496
86.0108 642.4017 -8.3948 113.7854 0.0233 0.7596 -0.0310 0.6492
86.1145 643.7250 -8.5390 113.5879 0.0230 0.7597 -0.0307 0.6491
86.2182 645.0488 -8.6640 113.3929 0.0216 0.7602 -0.0299 0.6486
86.3218 646.3567 -8.7903 113.1752 0.0206 0.7605 -0.0289 0.6484
86.4256 647.5837 -8.9145 113.0012 0.0213 0.7609 -0.0291 0.6479
86.5292 648.8327 -9.0496 112.8151 0.0231 0.7608 -0.0303 0.6479
86.6330 650.0399 -9.1698 112.6226 0.0230 0.7610 -0.0311 0.6476
86.7367 651.2450 -9.3036 112.4359 0.0234 0.7607 -0.0295 0.6480
86.8403 652.3628 -9.4089 112.2530 0.0228 0.7602 -0.0282 0.6486
86.9441 653.4649 -9.5272 112.0797 0.0221 0.7596 -0.0285 0.6494
87.0477 654.5550 -9.6377 111.9295 0.0213 0.7593 -0.0285 0.6497
87.1514 655.6032 -9.7371 111.7599 0.0208 0.7587 -0.0274 0.6505
87.2550 656.6479 -9.8498 111.6316 0.0196 0.7580 -0.0257 0.6515
87.3587 657.5912 -9.9254 111.4834 0.0183 0.7575 -0.0261 0.6520
87.4625 658.5347 -10.0261 111.3425 0.0187 0.7571 -0.0260 0.6525
87.5662 659.4226 -10.1120 111.2182 0.0192 0.7570 -0.0265 0.6526
87.6699 660.2515 -10.1951 111.1161 0.0196 0.7568 -0.0268 0.6528
87.7736 661.0696 -10.2829 110.9923 0.0189 0.7569 -0.0274 0.6527
87.8773 661.8228 -10.3415 110.9043 0.0176 0.7579 -0.0287 0.6515
87.9812 662.5327 -10.4198 110.7807 0.0166 0.7607 -0.0300 0.6481
88.0852 663.2386 -10.4893 110.6607 0.0153 0.7662 -0.0314 0.6417
88.1892 663.8865 -10.5497 110.5341 0.0141 0.7735 -0.0330 0.6328
88.2933 664.4789 -10.6132 110.4061 0.0144 0.7826 -0.0340 0.6214
88.3975 665.0852 -10.6647 110.2253 0.0154 0.7930 -0.0348 0.6080
88.5016 665.6464 -10.7439 110.0331 0.0173 0.8043 -0.0348 0.5929
88.6058 666.2300 -10.8032 109.8197 0.0179 0.8174 -0.0346 0.5748
88.7101 666.7650 -10.8650 109.5698 0.0179 0.8317 -0.0346 0.5538
88.8143 667.2716 -10.9125 109.2918 0.0175 0.8461 -0.0337 0.5316
88.9186 667.7671 -10.9632 108.9662 0.0175 0.8604 -0.0331 0.5082
89.0228 668.2253 -11.0236 108.6689 0.0179 0.8751 -0.0332 0.4825
89.1271 668.6522 -11.0938 108.3068 0.0191 0.8899 -0.0337 0.4546
89.2313 669.0366 -11.1378 107.9591 0.0198 0.9041 -0.0351 0.4254
89.3356 669.4046 -11.1881 107.5387 0.0207 0.9175 -0.0371 0.3956
89.4396 669.7256 -11.2262 107.1434 0.0247 0.9299 -0.0373 0.3652
89.5437 669.9944 -11.3151 106.7346 0.0283 0.9411 -0.0363 0.3349
89.6478 670.2914 -11.3611 106.2657 0.0294 0.9514 -0.0357 0.3044
89.7518 670.5340 -11.4010 105.8236 0.0290 0.9611 -0.0357 0.2725
89.8558 670.7215 -11.4303 105.3303 0.0295 0.9692 -0.0349 0.2419
89.9597 670.8680 -11.4942 104.8791 0.0323 0.9765 -0.0342 0.2104
90.0637 671.0169 -11.5433 104.3815 0.0357 0.9826 -0.0352 0.1788
90.1676 671.1372 -11.5973 103.8604 0.0368 0.9878 -0.0380 0.1463
90.2715 671.2241 -11.6441 103.3466 0.0369 0.9920 -0.0416 0.1135
90.3755 671.2260 -11.6753 102.8191 0.0373 0.9951 -0.0429 0.0808
90.4793 671.2476 -11.7235 102.2836 0.0372 0.9973 -0.0424 0.0478
90.5831 671.2701 -11.7789 101.7220 0.0381 0.9983 -0.0416 0.0152
90.6870 671.2299 -11.8382 101.1238 0.0382 0.9982 -0.0422 -0.0189
90.7908 671.0965 -11.8795 100.6091 0.0388 0.9969 -0.0445 -0.0524
90.8946 670.9828 -11.9359 100.0215 0.0387 0.9945 -0.0467 -0.0857
90.9985 670.8070 -11.9775 99.4477 0.0386 0.9908 -0.0491 -0.1197
91.1021 670.5818 -12.0237 98.9166 0.0388 0.9864 -0.0501 -0.1517
91.2058 670.3300 -12.0908 98.3020 0.0403 0.9810 -0.0507 -0.1829
91.3095 670.0538 -12.1382 97.7663 0.0407 0.9751 -0.0511 -0.2120
91.4130 669.7225 -12.1953 97.1730 0.0416 0.9689 -0.0515 -0.2385
91.5166 669.3678 -12.2619 96.6485 0.0424 0.9627 -0.0527 -0.2618
91.6202 669.0069 -12.3106 96.1049 0.0428 0.9566 -0.0544 -0.2831
91.7237 668.5651 -12.3545 95.5235 0.0434 0.9509 -0.0554 -0.3015
91.8272 668.1335 -12.4227 94.9782 0.0442 0.9462 -0.0543 -0.3158
91.9306 667.6791 -12.4806 94.4057 0.0440 0.9420 -0.0518 -0.3287
92.0341 667.2190 -12.5339 93.8353 0.0426 0.9385 -0.0487 -0.3392
92.1377 666.7158 -12.5869 93.2806 0.0408 0.9351 -0.0470 -0.3489
92.2412 666.2076 -12.6353 92.7271 0.0397 0.9317 -0.0446 -0.3582
92.3449 665.6689 -12.6952 92.1763 0.0384 0.9282 -0.0421 -0.3676
92.4486 665.1421 -12.7448 91.6024 0.0349 0.9245 -0.0387 -0.3776
92.5522 664.5812 -12.7897 91.0194 0.0315 0.9207 -0.0351 -0.3875
92.6560 664.0062 -12.8331 90.4871 0.0303 0.9161 -0.0316 -0.3986
92.7597 663.3908 -12.8676 89.9529 0.0277 0.9118 -0.0264 -0.4088
92.8635 662.7866 -12.8920 89.4145 0.0247 0.9067 -0.0215 -0.4205
92.9672 662.1310 -12.9149 88.8922 0.0223 0.9013 -0.0190 -0.4321
93.0710 661.4774 -12.9608 88.3883 0.0209 0.8955 -0.0169 -0.4442
93.1747 660.8395 -12.9738 87.9264 0.0217 0.8894 -0.0155 -0.4564
93.2785 660.1796 -12.9843 87.4482 0.0227 0.8832 -0.0129 -0.4682
93.3821 659.4600 -12.9906 87.0326 0.0247 0.8772 -0.0111 -0.4794
93.4858 658.7133 -13.0049 86.5833 0.0270 0.8722 -0.0096 -0.4883
93.5895 657.9740 -13.0191 86.1654 0.0285 0.8676 -0.0083 -0.4964
93.6931 657.2300 -13.0142 85.7098 0.0284 0.8646 -0.0060 -0.5017
93.7967 656.4760 -13.0058 85.3163 0.0296 0.8625 -0.0034 -0.5052
93.9004 655.7442 -13.0059 84.8825 0.0294 0.8620 -0.0004 -0.5061
94.0040 654.9529 -12.9773 84.4210 0.0267 0.8616 0.0027 -0.5068
94.1076 654.2125 -12.9672 83.9704 0.0250 0.8618 0.0033 -0.5066
94.2113 653.4227 -12.9681 83.5228 0.0220 0.8626 0.0020 -0.5054
94.3150 652.6374 -12.9668 83.0545 0.0185 0.8636 -0.0001 -0.5038
94.4186 651.8469 -12.9700 82.5658 0.0160 0.8648 -0.0021 -0.5018
94.5222 651.0445 -12.9719 82.1022 0.0157 0.8665 -0.0031 -0.4990
94.6260 650.2373 -12.9530 81.6441 0.0172 0.8681 -0.0033 -0.4961
94.7297 649.4479 -12.9610 81.1542 0.0170 0.8691 -0.0040 -0.4944
94.8335 648.6122 -12.9766 80.6119 0.0141 0.8694 -0.0049 -0.4938
94.9372 647.7821 -13.0111 80.1020 0.0099 0.8694 -0.0054 -0.4940
95.0410 646.9201 -13.0035 79.5669 0.0082 0.8697 -0.0050 -0.4934
95.1447 646.0502 -13.0162 79.0344 0.0102 0.8700 -0.0056 -0.4929
95.2484 645.1976 -13.0339 78.5127 0.0119 0.8702 -0.0053 -0.4926
95.3521 644.3269 -13.0455 78.0326 0.0130 0.8709 -0.0047 -0.4913
95.4559 643.4705 -13.0484 77.4993 0.0153 0.8713 -0.0041 -0.4904
95.5595 642.6016 -13.0817 76.9559 0.0134 0.8723 -0.0026 -0.4889
95.6631 641.7855 -13.0873 76.4186 0.0148 0.8734 -0.0033 -0.4867
95.7669 640.8945 -13.0980 75.8685 0.0145 0.8741 -0.0029 -0.4855
95.8705 640.0191 -13.0906 75.3120 0.0180 0.8749 -0.0041 -0.4839
95.9742 639.2072 -13.1145 74.7828 0.0177 0.8763 -0.0042 -0.4814
96.0779 638.3857 -13.1365 74.2521 0.0178 0.8774 -0.0052 -0.4795
96.1816 637.5365 -13.1457 73.6860 0.0168 0.8780 -0.0049 -0.4783
96.2853 636.6633 -13.1459 73.1276 0.0179 0.8785 -0.0046 -0.4775
96.3891 635.8263 -13.1607 72.5403 0.0193 0.8790 -0.0045 -0.4765
96.4929 635.0095 -13.1636 72.0162 0.0192 0.8795 -0.0050 -0.4755
96.5966 634.1894 -13.2048 71.4630 0.0179 0.8797 -0.0057 -0.4751
96.7004 633.3907 -13.1965 70.9392 0.0183 0.8797 -0.0051 -0.4752
96.8040 632.5930 -13.2119 70.4132 0.0183 0.8797 -0.0035 -0.4752
96.9077 631.7896 -13.2252 69.8830 0.0182 0.8797 -0.0027 -0.4752
97.0115 631.0197 -13.2259 69.3541 0.0177 0.8798 -0.0044 -0.4750
97.1151 630.2287 -13.2555 68.8400 0.0177 0.8800 -0.0044 -0.4745
97.2189 629.4605 -13.2643 68.3348 0.0180 0.8803 -0.0044 -0.4740
97.3225 628.6754 -13.2797 67.8045 0.0178 0.8808 -0.0042 -0.4731
97.4262 627.9632 -13.2826 67.3164 0.0177 0.8816 -0.0052 -0.4716
97.5300 627.2008 -13.2997 66.7996 0.0161 0.8821 -0.0041 -0.4707
97.6337 626.4504 -13.3311 66.2648 0.0164 0.8829 -0.0021 -0.4693
97.7375 625.7612 -13.3436 65.7975 0.0175 0.8836 -0.0021 -0.4680
97.8412 625.0819 -13.3475 65.2784 0.0157 0.8842 -0.0033 -0.4669
97.9451 624.3731 -13.3595 64.7922 0.0152 0.8850 -0.0040 -0.4654
98.0487 623.7049 -13.3822 64.3212 0.0139 0.8853 -0.0025 -0.4649
98.1525 623.0411 -13.4164 63.8683 0.0137 0.8855 -0.0019 -0.4644
98.2562 622.3923 -13.4107 63.4032 0.0123 0.8859 -0.0020 -0.4637
98.3600 621.7985 -13.4106 62.9592 0.0111 0.8860 -0.0016 -0.4636
98.4637 621.2080 -13.4348 62.5452 0.0128 0.8863 -0.0007 -0.4630
98.5675 620.6219 -13.4434 62.1461 0.0147 0.8867 -0.0002 -0.4621
98.6712 620.0629 -13.4525 61.7410 0.0155 0.8872 0.0008 -0.4610
98.7749 619.5476 -13.4652 61.3595 0.0155 0.8877 0.0015 -0.4601
98.8786 619.0256 -13.4734 60.9813 0.0146 0.8879 0.0021 -0.4597
98.9823 618.5578 -13.4747 60.6372 0.0144 0.8886 0.0020 -0.4585
99.0861 618.0936 -13.4853 60.3047 0.0142 0.8888 0.0010 -0.4581
99.1897 617.6697 -13.5064 60.0077 0.0141 0.8893 0.0006 -0.4572
99.2935 617.2889 -13.4946 59.7258 0.0161 0.8894 -0.0004 -0.4568
99.3972 616.9151 -13.5006 59.4440 0.0161 0.8897 -0.0015 -0.4563
99.5008 616.5683 -13.5093 59.1943 0.0131 0.8897 -0.0008 -0.4563
99.6046 616.2392 -13.5137 58.9430 0.0131 0.8896 -0.0006 -0.4565
99.7083 615.9340 -13.5181 58.7183 0.0140 0.8902 0.0002 -0.4554
99.8120 615.6469 -13.5365 58.5153 0.0168 0.8903 -0.0015 -0.4551
99.9157 615.3859 -13.5470 58.3146 0.0171 0.8903 -0.0024 -0.4551
100.0193 615.1553 -13.5443 58.1632 0.0156 0.8904 -0.0022 -0.4550
100.1231 614.9360 -13.5493 58.0034 0.0144 0.8907 -0.0016 -0.4544
100.2267 614.7687 -13.5510 57.8672 0.0166 0.8909 -0.0018 -0.4540
100.3305 614.5650 -13.5592 57.7148 0.0166 0.8908 -0.0020 -0.4540
100.4341 614.3645 -13.5617 57.5887 0.0156 0.8908 -0.0035 -0.4540
100.5379 614.2095 -13.5643 57.4681 0.0148 0.8910 -0.0044 -0.4537
100.6415 614.0379 -13.5663 57.3491 0.0147 0.8910 -0.0049 -0.4538
100.7452 613.8815 -13.5759 57.2228 0.0169 0.8909 -0.0062 -0.4539
100.8489 613.7217 -13.5784 57.0985 0.0164 0.8911 -0.0056 -0.4536
100.9526 613.5597 -13.5771 56.9728 0.0164 0.8910 -0.0057 -0.4537
101.0562 613.3793 -13.6007 56.8521 0.0150 0.8909 -0.0056 -0.4539
101.1600 613.2063 -13.5884 56.7273 0.0150 0.8907 -0.0061 -0.4542
101.2636 613.0530 -13.5948 56.6093 0.0144 0.8910 -0.0057 -0.4537
101.3674 612.8871 -13.5913 56.4956 0.0143 0.8911 -0.0059 -0.4535
101.4710 612.7183 -13.6090 56.3701 0.0151 0.8910 -0.0054 -0.4536
101.5747 612.5567 -13.6075 56.2605 0.0159 0.8910 -0.0054 -0.4537
101.6784 612.4091 -13.6082 56.1479 0.0156 0.8910 -0.0055 -0.4538
101.7821 612.2552 -13.6125 56.0093 0.0170 0.8909 -0.0064 -0.4538
101.8859 612.1053 -13.6127 55.9038 0.0158 0.8910 -0.0056 -0.4538
101.9896 611.9560 -13.6127 55.8057 0.0160 0.8909 -0.0057 -0.4539
102.0932 611.8130 -13.6255 55.7162 0.0166 0.8909 -0.0054 -0.4538
102.1970 611.6872 -13.6249 55.6235 0.0166 0.8910 -0.0051 -0.4537
102.3007 611.5464 -13.6325 55.5063 0.0159 0.8909 -0.0047 -0.4540
102.4045 611.4400 -13.6324 55.4163 0.0160 0.8909 -0.0054 -0.4538
102.5083 611.3143 -13.6278 55.3470 0.0149 0.8910 -0.0056 -0.4537
102.6119 611.1927 -13.6316 55.2516 0.0155 0.8910 -0.0060 -0.4537
102.7156 611.0811 -13.6274 55.1658 0.0171 0.8910 -0.0066 -0.4537
102.8194 610.9783 -13.6387 55.0807 0.0170 0.8909 -0.0067 -0.4538
102.9230 610.8562 -13.6348 54.9940 0.0168 0.8910 -0.0056 -0.4537
103.0267 610.7284 -13.6267 54.9116 0.0161 0.8910 -0.0036 -0.4537
103.1305 610.6328 -13.6377 54.8207 0.0148 0.8908 -0.0032 -0.4541
103.2341 610.5384 -13.6435 54.7372 0.0148 0.8909 -0.0042 -0.4540
103.3379 610.4407 -13.6429 54.6690 0.0148 0.8909 -0.0052 -0.4539
103.4415 610.3150 -13.6611 54.5959 0.0146 0.8910 -0.0049 -0.4537
103.5452 610.2276 -13.6510 54.5182 0.0142 0.8910 -0.0054 -0.4538
103.6490 610.1121 -13.6514 54.4340 0.0137 0.8911 -0.0051 -0.4536
103.7526 609.9862 -13.6498 54.3376 0.0137 0.8911 -0.0060 -0.4536
103.8564 609.8421 -13.6598 54.2468 0.0133 0.8914 -0.0076 -0.4531
103.9601 609.7241 -13.6574 54.1557 0.0130 0.8917 -0.0097 -0.4523
104.0637 609.5585 -13.6657 54.0165 0.0121 0.8921 -0.0107 -0.4515
104.1674 609.3736 -13.6748 53.8781 0.0116 0.8927 -0.0113 -0.4504
104.2710 609.1682 -13.6774 53.6989 0.0107 0.8937 -0.0122 -0.4483
104.3746 608.9243 -13.6809 53.5360 0.0114 0.8948 -0.0133 -0.4461
104.4782 608.6954 -13.6910 53.3501 0.0122 0.8960 -0.0141 -0.4436
104.5820 608.4110 -13.6922 53.1130 0.0117 0.8975 -0.0155 -0.4406
104.6857 608.1525 -13.7018 52.8968 0.0106 0.8995 -0.0153 -0.4365
104.7894 607.8286 -13.7183 52.6526 0.0111 0.9015 -0.0161 -0.4324
104.8930 607.5159 -13.7254 52.3989 0.0127 0.9036 -0.0169 -0.4279
104.9967 607.1729 -13.7410 52.0905 0.0147 0.9057 -0.0167 -0.4233
105.1005 606.8457 -13.7447 51.7890 0.0159 0.9080 -0.0156 -0.4184
105.2041 606.5081 -13.7551 51.4674 0.0147 0.9102 -0.0162 -0.4136
105.3077 606.1273 -13.7682 51.1433 0.0142 0.9122 -0.0170 -0.4091
105.4115 605.7369 -13.7823 50.7724 0.0158 0.9143 -0.0153 -0.4045
105.5153 605.3230 -13.8101 50.3951 0.0181 0.9162 -0.0141 -0.4001
105.6189 604.9343 -13.8048 49.9866 0.0189 0.9179 -0.0130 -0.3961
105.7226 604.5299 -13.8158 49.5740 0.0176 0.9195 -0.0108 -0.3926
105.8265 604.0844 -13.8270 49.1298 0.0189 0.9206 -0.0093 -0.3899
105.9302 603.6537 -13.8400 48.6832 0.0149 0.9216 -0.0072 -0.3877
106.0341 603.1935 -13.8485 48.2173 0.0143 0.9219 -0.0065 -0.3872
106.1379 602.7239 -13.8380 47.7369 0.0120 0.9222 -0.0046 -0.3864
106.2417 602.2458 -13.8533 47.2594 0.0126 0.9227 -0.0045 -0.3852
106.3455 601.7470 -13.8514 46.7638 0.0125 0.9231 -0.0043 -0.3843
106.4492 601.2465 -13.8853 46.2277 0.0131 0.9233 -0.0047 -0.3838
106.5530 600.7262 -13.8875 45.6950 0.0098 0.9240 -0.0071 -0.3823
106.6568 600.2260 -13.8950 45.1526 0.0057 0.9242 -0.0086 -0.3818
106.7605 599.6750 -13.9146 44.5968 0.0042 0.9247 -0.0108 -0.3806
106.8642 599.1180 -13.9406 44.0425 0.0072 0.9249 -0.0117 -0.3799
106.9680 598.5505 -13.9639 43.4720 0.0072 0.9251 -0.0102 -0.3796
107.0718 598.0019 -13.9789 42.8768 0.0063 0.9252 -0.0086 -0.3793
107.1755 597.4240 -14.0083 42.2424 0.0058 0.9256 -0.0073 -0.3784
107.2791 596.8097 -14.0124 41.6355 0.0061 0.9262 -0.0075 -0.3768
107.3829 596.1940 -14.0405 41.0085 0.0063 0.9269 -0.0067 -0.3753
107.4865 595.5962 -14.0429 40.3629 0.0087 0.9275 -0.0068 -0.3737
107.5902 594.9738 -14.0596 39.7153 0.0090 0.9284 -0.0068 -0.3714
107.6939 594.3269 -14.0822 39.0423 0.0095 0.9293 -0.0060 -0.3692
107.7976 593.7276 -14.0889 38.3557 0.0126 0.9302 -0.0064 -0.3668
107.9012 593.1173 -14.1203 37.6592 0.0128 0.9313 -0.0061 -0.3639
108.0050 592.4943 -14.1402 36.9850 0.0124 0.9319 -0.0069 -0.3623
108.1087 591.8612 -14.1559 36.3109 0.0115 0.9325 -0.0084 -0.3609
108.2125 591.2703 -14.1804 35.6204 0.0111 0.9330 -0.0094 -0.3596
108.3162 590.6735 -14.2160 34.9248 0.0097 0.9327 -0.0101 -0.3605
108.4200 590.0513 -14.2508 34.2208 0.0075 0.9325 -0.0094 -0.3609
108.5237 589.4478 -14.2697 33.5570 0.0060 0.9322 -0.0095 -0.3617
108.6275 588.8384 -14.2921 32.8748 0.0065 0.9319 -0.0089 -0.3625
108.7312 588.2120 -14.3186 32.1874 0.0077 0.9316 -0.0093 -0.3633
108.8351 587.5838 -14.3442 31.5049 0.0089 0.9312 -0.0097 -0.3643
108.9389 586.9522 -14.3775 30.8408 0.0078 0.9308 -0.0098 -0.3654
109.0426 586.3287 -14.4159 30.1496 0.0074 0.9304 -0.0106 -0.3664
109.1464 585.6859 -14.4323 29.4598 0.0077 0.9298 -0.0111 -0.3678
109.2501 585.0580 -14.4675 28.7675 0.0078 0.9292 -0.0110 -0.3694
109.3539 584.4209 -14.5067 28.0936 0.0073 0.9287 -0.0105 -0.3706
109.4576 583.7812 -14.5407 27.4086 0.0078 0.9281 -0.0113 -0.3720
109.5612 583.1242 -14.5689 26.7293 0.0073 0.9278 -0.0116 -0.3727
109.6650 582.4643 -14.5968 26.0610 0.0076 0.9273 -0.0129 -0.3739
109.7687 581.8214 -14.6280 25.3676 0.0074 0.9271 -0.0128 -0.3745
109.8724 581.1499 -14.6755 24.6837 0.0077 0.9271 -0.0127 -0.3745
109.9761 580.4995 -14.7050 23.9668 0.0077 0.9270 -0.0120 -0.3748
110.0797 579.8144 -14.7330 23.2888 0.0069 0.9270 -0.0121 -0.3749
110.1835 579.1450 -14.7652 22.5704 0.0063 0.9270 -0.0123 -0.3749
110.2872 578.4891 -14.8006 21.8779 0.0060 0.9271 -0.0128 -0.3745
110.3909 577.8049 -14.8319 21.1584 0.0064 0.9274 -0.0127 -0.3737
110.4946 577.1459 -14.8735 20.4697 0.0063 0.9277 -0.0125 -0.3732
110.5982 576.4819 -14.9023 19.7311 0.0055 0.9279 -0.0135 -0.3725
110.7020 575.8236 -14.9520 19.0359 0.0053 0.9284 -0.0152 -0.3712
110.8056 575.1893 -14.9965 18.3326 0.0048 0.9288 -0.0154 -0.3702
110.9092 574.4983 -15.0478 17.6001 0.0059 0.9292 -0.0145 -0.3693
111.0129 573.8472 -15.0801 16.8940 0.0063 0.9297 -0.0125 -0.3681
111.1166 573.1939 -15.0976 16.2123 0.0061 0.9301 -0.0117 -0.3670
111.2202 572.5230 -15.1396 15.4812 0.0059 0.9303 -0.0118 -0.3665
111.3240 571.8771 -15.1821 14.7700 0.0049 0.9308 -0.0119 -0.3653
111.4276 571.2354 -15.2253 14.0692 0.0062 0.9312 -0.0130 -0.3643
111.5314 570.6039 -15.2734 13.3598 0.0069 0.9316 -0.0137 -0.3631
111.6350 569.9785 -15.2970 12.6733 0.0054 0.9318 -0.0143 -0.3625
111.7387 569.3290 -15.3502 11.9458 0.0056 0.9322 -0.0158 -0.3615
111.8424 568.6998 -15.3971 11.2453 0.0047 0.9327 -0.0146 -0.3603
111.9461 568.0758 -15.4390 10.5393 0.0051 0.9330 -0.0129 -0.3596
112.0497 567.4699 -15.4608 9.8492 0.0050 0.9334 -0.0109 -0.3587
112.1535 566.8528 -15.5043 9.1492 0.0042 0.9333 -0.0105 -0.3588
112.2571 566.2463 -15.5438 8.4742 0.0019 0.9330 -0.0112 -0.3597
112.3609 565.6474 -15.5895 7.7829 0.0020 0.9328 -0.0125 -0.3601
112.4646 565.0360 -15.6202 7.1314 0.0038 0.9323 -0.0139 -0.3615
112.5682 564.4096 -15.6494 6.4646 0.0055 0.9320 -0.0142 -0.3621
112.6720 563.8066 -15.6937 5.7984 0.0067 0.9314 -0.0153 -0.3636
112.7756 563.2098 -15.7367 5.1478 0.0085 0.9308 -0.0160 -0.3650
112.8794 562.6304 -15.7685 4.5285 0.0082 0.9306 -0.0160 -0.3655
112.9830 562.0368 -15.8094 3.8509 0.0074 0.9304 -0.0165 -0.3661
113.0867 561.4295 -15.8502 3.2196 0.0059 0.9296 -0.0184 -0.3680
113.1905 560.8624 -15.9196 2.5786 0.0032 0.9292 -0.0215 -0.3689
113.2941 560.3496 -15.9748 2.0629 0.0008 0.9286 -0.0238 -0.3702
113.3978 559.8105 -16.0179 1.4540 -0.0006 0.9285 -0.0240 -0.3706
113.5015 559.2681 -16.0726 0.8893 -0.0003 0.9282 -0.0231 -0.3715
113.6052 558.7630 -16.1081 0.3416 0.0031 0.9281 -0.0231 -0.3716
113.7090 558.2746 -16.1703 -0.1785 0.0033 0.9281 -0.0227 -0.3715
113.8126 557.8238 -16.1918 -0.6453 0.0048 0.9280 -0.0246 -0.3718
113.9164 557.3528 -16.2749 -1.1590 0.0063 0.9277 -0.0278 -0.3722
114.0201 556.8846 -16.3198 -1.6374 0.0053 0.9278 -0.0289 -0.3718
114.1239 556.4649 -16.3531 -2.0824 0.0053 0.9278 -0.0286 -0.3720
114.2276 556.0832 -16.3924 -2.5244 0.0059 0.9279 -0.0281 -0.3717
114.3314 555.6913 -16.4433 -2.8925 0.0061 0.9282 -0.0274 -0.3710
114.4350 555.3486 -16.4753 -3.2721 0.0063 0.9281 -0.0286 -0.3713
114.5387 554.9877 -16.5312 -3.6600 0.0019 0.9281 -0.0295 -0.3713
114.6425 554.6475 -16.5605 -4.0480 -0.0003 0.9279 -0.0297 -0.3717
114.7463 554.2928 -16.5805 -4.4225 -0.0001 0.9279 -0.0298 -0.3717
114.8500 553.9602 -16.6244 -4.7554 0.0002 0.9280 -0.0287 -0.3715
114.9538 553.6248 -16.6668 -5.1284 0.0004 0.9279 -0.0273 -0.3719
115.0574 553.3118 -16.7087 -5.4923 -0.0007 0.9277 -0.0267 -0.3724
115.1611 553.0007 -16.7342 -5.8024 -0.0013 0.9275 -0.0264 -0.3729
115.2649 552.6944 -16.7772 -6.1395 -0.0014 0.9274 -0.0264 -0.3731
115.3686 552.3834 -16.8141 -6.4578 0.0002 0.9272 -0.0271 -0.3736
115.4724 552.0790 -16.8458 -6.7704 0.0013 0.9272 -0.0277 -0.3735
115.5761 551.8157 -16.8621 -7.0303 0.0021 0.9273 -0.0282 -0.3732
115.6797 551.5420 -16.8927 -7.2956 0.0022 0.9274 -0.0283 -0.3729
115.7835 551.2564 -16.9215 -7.6134 0.0022 0.9273 -0.0285 -0.3732
115.8871 551.0065 -16.9410 -7.8646 0.0027 0.9274 -0.0292 -0.3730
115.9909 550.7584 -16.9734 -8.1313 0.0031 0.9275 -0.0298 -0.3726
116.0946 550.5223 -17.0062 -8.3943 0.0023 0.9275 -0.0303 -0.3726
116.1983 550.2738 -17.0355 -8.6550 0.0018 0.9275 -0.0320 -0.3724
116.3020 550.0360 -17.0656 -8.8941 0.0030 0.9277 -0.0342 -0.3718
116.4056 549.8427 -17.0941 -9.0936 0.0046 0.9281 -0.0360 -0.3706
116.5094 549.6063 -17.1190 -9.3248 0.0050 0.9286 -0.0364 -0.3694
116.6133 549.4089 -17.1310 -9.5381 0.0048 0.9292 -0.0368 -0.3677
116.7167 549.2110 -17.1483 -9.7470 0.0043 0.9297 -0.0371 -0.3664
116.8205 549.0613 -17.1800 -9.9476 0.0021 0.9303 -0.0370 -0.3650
116.9242 548.8865 -17.2091 -10.1503 0.0011 0.9307 -0.0367 -0.3640
117.0280 548.7325 -17.2215 -10.3200 0.0014 0.9311 -0.0365 -0.3629
117.1316 548.5843 -17.2385 -10.4863 0.0015 0.9316 -0.0368 -0.3616
117.2354 548.4246 -17.2667 -10.6426 0.0016 0.9319 -0.0371 -0.3607
117.3391 548.3039 -17.2850 -10.7559 0.0017 0.9322 -0.0373 -0.3600
117.4429 548.2098 -17.3135 -10.9199 0.0015 0.9323 -0.0381 -0.3597
117.5467 548.0933 -17.3253 -11.0565 0.0004 0.9321 -0.0390 -0.3601
117.6504 547.9778 -17.3361 -11.1713 0.0002 0.9321 -0.0396 -0.3601
117.7540 547.8710 -17.3511 -11.2806 0.0001 0.9318 -0.0400 -0.3607
117.8577 547.7805 -17.3583 -11.3799 0.0007 0.9318 -0.0405 -0.3608
117.9615 547.7040 -17.3806 -11.4812 -0.0001 0.9319 -0.0411 -0.3605
118.0651 547.6144 -17.3825 -11.5670 -0.0002 0.9320 -0.0414 -0.3600
118.1689 547.5480 -17.3886 -11.6251 -0.0003 0.9322 -0.0415 -0.3596
118.2725 547.4582 -17.4024 -11.7190 -0.0004 0.9322 -0.0418 -0.3596
118.3763 547.3975 -17.4090 -11.7933 -0.0010 0.9323 -0.0420 -0.3592
118.4799 547.3110 -17.4259 -11.9020 -0.0016 0.9322 -0.0423 -0.3595
118.5836 547.3058 -17.4325 -11.9363 -0.0020 0.9326 -0.0426 -0.3584
118.6872 547.2311 -17.4451 -12.0158 -0.0018 0.9326 -0.0425 -0.3585
118.7910 547.1845 -17.4490 -12.0412 -0.0014 0.9327 -0.0425 -0.3582
118.8948 547.1209 -17.4589 -12.1131 -0.0016 0.9327 -0.0428 -0.3580
118.9985 547.0609 -17.4608 -12.1836 -0.0020 0.9327 -0.0431 -0.3581
119.1021 547.0321 -17.4681 -12.2520 -0.0021 0.9326 -0.0431 -0.3583
119.2059 546.9731 -17.4823 -12.3079 -0.0022 0.9326 -0.0434 -0.3584
119.3096 546.9477 -17.4883 -12.3180 -0.0020 0.9327 -0.0435 -0.3579
119.4132 546.9065 -17.4891 -12.3454 -0.0021 0.9328 -0.0436 -0.3576
119.5170 546.8663 -17.4954 -12.3942 -0.0022 0.9328 -0.0439 -0.3577
119.6207 546.8387 -17.4958 -12.4510 -0.0023 0.9328 -0.0440 -0.3577
119.7244 546.8272 -17.5032 -12.4496 -0.0023 0.9329 -0.0442 -0.3573
119.8281 546.8097 -17.4973 -12.4543 -0.0023 0.9330 -0.0444 -0.3570
119.9319 546.7937 -17.5100 -12.4955 -0.0023 0.9330 -0.0445 -0.3571
120.0355 546.7728 -17.5115 -12.5334 -0.0023 0.9329 -0.0444 -0.3573
120.1392 546.7437 -17.5181 -12.5581 -0.0025 0.9329 -0.0445 -0.3573
120.2429 546.7295 -17.5108 -12.5667 -0.0027 0.9330 -0.0445 -0.3571
120.3466 546.7159 -17.5126 -12.5679 -0.0027 0.9331 -0.0446 -0.3569
120.4502 546.7186 -17.5211 -12.5969 -0.0025 0.9330 -0.0449 -0.3571
120.5540 546.7158 -17.5234 -12.6186 -0.0030 0.9329 -0.0453 -0.3572
120.6576 546.6978 -17.5173 -12.6032 -0.0033 0.9331 -0.0454 -0.3568
120.7614 546.6902 -17.5160 -12.5997 -0.0034 0.9331 -0.0456 -0.3566
120.8650 546.6811 -17.5235 -12.6224 -0.0034 0.9330 -0.0460 -0.3569
120.9686 546.6471 -17.5354 -12.6665 -0.0035 0.9330 -0.0462 -0.3569
121.0724 546.6420 -17.5271 -12.6682 -0.0034 0.9330 -0.0461 -0.3568
121.1760 546.6206 -17.5401 -12.7127 -0.0034 0.9329 -0.0460 -0.3571
121.2797 546.5838 -17.5396 -12.7074 -0.0035 0.9330 -0.0460 -0.3569
121.3834 546.5753 -17.5404 -12.7494 -0.0033 0.9330 -0.0458 -0.3569
121.4871 546.5614 -17.5412 -12.7786 -0.0033 0.9330 -0.0458 -0.3569
121.5909 546.5347 -17.5501 -12.7940 -0.0034 0.9330 -0.0457 -0.3569
121.6945 546.4743 -17.5567 -12.8410 -0.0030 0.9330 -0.0454 -0.3571
121.7982 546.4767 -17.5493 -12.8422 -0.0032 0.9332 -0.0454 -0.3565
121.9020 546.4386 -17.5652 -12.8947 -0.0035 0.9331 -0.0453 -0.3566
122.0056 546.3861 -17.5742 -12.9456 -0.0035 0.9331 -0.0452 -0.3567
122.1094 546.3644 -17.5774 -12.9875 -0.0035 0.9332 -0.0451 -0.3564
122.2131 546.3073 -17.5758 -13.0361 -0.0036 0.9332 -0.0454 -0.3564
122.3168 546.2464 -17.6023 -13.0794 -0.0037 0.9332 -0.0456 -0.3565
122.4205 546.2117 -17.6032 -13.1389 -0.0034 0.9333 -0.0457 -0.3563
122.5243 546.1193 -17.6076 -13.2215 -0.0035 0.9331 -0.0459 -0.3566
122.6280 546.0918 -17.6209 -13.3186 -0.0033 0.9332 -0.0458 -0.3564
122.7316 546.0301 -17.6300 -13.3762 -0.0035 0.9332 -0.0456 -0.3564
122.8352 545.9601 -17.6500 -13.4597 -0.0030 0.9332 -0.0454 -0.3564
122.9390 545.8845 -17.6561 -13.5525 -0.0033 0.9331 -0.0453 -0.3568
123.0426 545.8106 -17.6657 -13.6099 -0.0035 0.9332 -0.0453 -0.3565
123.1462 545.7397 -17.6717 -13.6766 -0.0036 0.9333 -0.0452 -0.3562
123.2500 545.6705 -17.6875 -13.7671 -0.0029 0.9332 -0.0456 -0.3564
123.3536 545.6019 -17.6909 -13.8401 -0.0028 0.9331 -0.0458 -0.3567
123.4574 545.5127 -17.6981 -13.8993 -0.0021 0.9335 -0.0459 -0.3557
123.5610 545.4465 -17.7203 -14.0308 -0.0008 0.9332 -0.0463 -0.3563
123.6648 545.3470 -17.7318 -14.1165 0.0002 0.9330 -0.0461 -0.3568
123.7685 545.2941 -17.7476 -14.1859 0.0006 0.9333 -0.0462 -0.3560
123.8721 545.2290 -17.7565 -14.2573 0.0000 0.9334 -0.0458 -0.3559
123.9759 545.1629 -17.7734 -14.3364 0.0001 0.9333 -0.0458 -0.3561
124.0796 545.0927 -17.7651 -14.3773 0.0001 0.9334 -0.0459 -0.3559
124.1832 545.0176 -17.7825 -14.4811 0.0005 0.9334 -0.0456 -0.3558
124.2870 544.9591 -17.7915 -14.5544 0.0004 0.9334 -0.0453 -0.3560
124.3906 544.9188 -17.7918 -14.5965 0.0009 0.9336 -0.0443 -0.3555
124.4944 544.8836 -17.8124 -14.6294 0.0008 0.9338 -0.0443 -0.3551
