0.0000 -0.0000 0.0000 0.0000 0.0000 -0.0000 -0.0000 1.0000
0.1039 -0.0594 -0.0080 0.0458 0.0001 0.0074 -0.0002 1.0000
0.2077 0.0438 0.0069 0.2830 0.0002 0.0187 -0.0019 0.9998
0.3119 0.0268 0.0018 0.4204 -0.0004 0.0318 -0.0026 0.9995
0.4159 0.0744 0.0051 0.5840 -0.0014 0.0482 -0.0024 0.9988
0.5200 0.1704 0.0041 0.7914 -0.0024 0.0674 -0.0010 0.9977
0.6241 0.2144 -0.0101 0.9726 -0.0027 0.0874 0.0006 0.9962
0.7282 0.3164 -0.0050 1.2130 -0.0031 0.1095 0.0006 0.9940
0.8325 0.4190 0.0082 1.3944 -0.0049 0.1337 0.0003 0.9910
0.9366 0.5611 0.0208 1.6485 -0.0081 0.1585 0.0016 0.9873
1.0408 0.6795 -0.0003 1.8495 -0.0114 0.1831 0.0057 0.9830
1.1449 0.8469 -0.0052 2.0724 -0.0134 0.2098 0.0079 0.9776
1.2490 1.0318 -0.0035 2.3211 -0.0153 0.2376 0.0081 0.9712
1.3531 1.1956 0.0270 2.5405 -0.0173 0.2658 0.0083 0.9638
1.4571 1.4392 0.0236 2.7780 -0.0192 0.2945 0.0100 0.9554
1.5611 1.6500 0.0238 2.9663 -0.0202 0.3233 0.0122 0.9460
1.6651 1.9177 0.0353 3.1619 -0.0210 0.3510 0.0138 0.9360
1.7690 2.2371 0.0448 3.4278 -0.0209 0.3787 0.0151 0.9251
1.8729 2.5100 0.0512 3.6042 -0.0213 0.4051 0.0155 0.9139
1.9768 2.8529 0.0824 3.8324 -0.0227 0.4307 0.0147 0.9021
2.0805 3.1934 0.1007 4.0372 -0.0235 0.4542 0.0144 0.8904
2.1841 3.5773 0.1210 4.2414 -0.0241 0.4758 0.0143 0.8791
2.2879 4.0055 0.1316 4.4573 -0.0249 0.4958 0.0149 0.8680
2.3915 4.4127 0.1553 4.6388 -0.0253 0.5142 0.0142 0.8572
2.4951 4.8667 0.1818 4.8304 -0.0248 0.5316 0.0138 0.8465
2.5988 5.3820 0.1947 5.0113 -0.0230 0.5471 0.0139 0.8367
2.7023 5.8706 0.2188 5.1963 -0.0208 0.5603 0.0142 0.8279
2.8059 6.4188 0.2436 5.3868 -0.0192 0.5720 0.0140 0.8199
2.9094 6.9976 0.2702 5.5576 -0.0182 0.5809 0.0143 0.8136
3.0129 7.5853 0.3009 5.7443 -0.0177 0.5871 0.0149 0.8092
3.1165 8.1979 0.3152 5.9339 -0.0178 0.5920 0.0157 0.8056
3.2201 8.8321 0.3432 6.1134 -0.0190 0.5967 0.0160 0.8021
3.3237 9.4971 0.3740 6.2812 -0.0201 0.6009 0.0161 0.7989
3.4274 10.1953 0.4057 6.4781 -0.0211 0.6052 0.0165 0.7956
3.5310 10.8888 0.4316 6.6675 -0.0221 0.6094 0.0169 0.7924
3.6348 11.6410 0.4623 6.8552 -0.0227 0.6135 0.0174 0.7891
3.7384 12.3886 0.4896 7.0308 -0.0234 0.6181 0.0177 0.7856
3.8421 13.1695 0.5231 7.2199 -0.0248 0.6219 0.0183 0.7825
3.9458 13.9331 0.5716 7.3954 -0.0268 0.6264 0.0190 0.7788
4.0495 14.7359 0.6056 7.5501 -0.0282 0.6315 0.0199 0.7746
4.1532 15.5185 0.6517 7.7030 -0.0294 0.6365 0.0206 0.7704
4.2570 16.3276 0.6869 7.8560 -0.0296 0.6418 0.0209 0.7660
4.3608 17.1270 0.7268 8.0000 -0.0296 0.6475 0.0203 0.7613
4.4645 17.9139 0.7604 8.1036 -0.0294 0.6538 0.0196 0.7558
4.5684 18.7408 0.8018 8.1958 -0.0295 0.6619 0.0185 0.7488
4.6723 19.5500 0.8440 8.2638 -0.0302 0.6714 0.0168 0.7402
4.7761 20.3757 0.8825 8.3272 -0.0309 0.6822 0.0157 0.7304
4.8801 21.2287 0.9235 8.3311 -0.0314 0.6945 0.0148 0.7186
4.9841 22.0622 0.9592 8.3121 -0.0312 0.7067 0.0140 0.7067
5.0881 22.9137 0.9869 8.2855 -0.0309 0.7187 0.0136 0.6945
5.1920 23.7454 1.0196 8.2179 -0.0305 0.7302 0.0124 0.6825
5.2959 24.5752 1.0593 8.1476 -0.0298 0.7411 0.0106 0.6706
5.3998 25.4167 1.0845 8.0235 -0.0268 0.7520 0.0103 0.6586
5.5036 26.2379 1.1045 7.8649 -0.0234 0.7622 0.0099 0.6468
5.6074 27.1004 1.1213 7.6867 -0.0189 0.7724 0.0103 0.6348
5.7113 27.8912 1.1254 7.4782 -0.0153 0.7818 0.0102 0.6233
5.8150 28.6952 1.1540 7.2596 -0.0102 0.7904 0.0115 0.6124
5.9188 29.5224 1.1413 7.0005 -0.0052 0.7989 0.0100 0.6013
6.0224 30.2711 1.1322 6.7429 0.0007 0.8068 0.0056 0.5908
6.1261 31.0805 1.1054 6.4610 0.0063 0.8143 -0.0012 0.5804
6.2298 31.8720 1.0814 6.1682 0.0104 0.8223 -0.0084 0.5689
6.3335 32.6337 1.0530 5.8517 0.0149 0.8295 -0.0114 0.5582
6.4371 33.4044 0.9979 5.5149 0.0171 0.8367 -0.0121 0.5473
6.5409 34.1386 0.9577 5.1504 0.0177 0.8434 -0.0110 0.5369
6.6445 34.8773 0.9102 4.7714 0.0175 0.8494 -0.0075 0.5274
6.7483 35.5929 0.8764 4.3748 0.0192 0.8548 -0.0036 0.5185
6.8519 36.2971 0.8336 3.9931 0.0204 0.8589 -0.0022 0.5117
6.9555 36.9936 0.7795 3.5695 0.0220 0.8619 -0.0026 0.5066
7.0590 37.6870 0.7414 3.1840 0.0232 0.8650 -0.0031 0.5013
7.1628 38.3930 0.6850 2.7824 0.0210 0.8679 -0.0059 0.4963
7.2664 39.0785 0.6675 2.3733 0.0202 0.8712 -0.0062 0.4904
7.3701 39.7551 0.6302 1.9581 0.0213 0.8737 -0.0057 0.4859
7.4738 40.4298 0.5795 1.5019 0.0230 0.8759 -0.0054 0.4820
7.5774 41.1343 0.5428 1.0595 0.0243 0.8768 -0.0067 0.4802
7.6810 41.8309 0.4970 0.6225 0.0243 0.8768 -0.0079 0.4802
7.7847 42.5664 0.4609 0.1349 0.0255 0.8757 -0.0070 0.4822
7.8883 43.3119 0.4140 -0.3024 0.0247 0.8741 -0.0072 0.4851
7.9919 44.0582 0.3722 -0.7574 0.0238 0.8721 -0.0076 0.4888
8.0956 44.8661 0.3226 -1.2241 0.0231 0.8700 -0.0082 0.4924
8.1994 45.6623 0.2758 -1.7083 0.0218 0.8681 -0.0088 0.4959
8.3031 46.4622 0.2360 -2.1531 0.0201 0.8668 -0.0096 0.4981
8.4070 47.3096 0.1960 -2.6255 0.0180 0.8664 -0.0106 0.4989
8.5108 48.1429 0.1399 -3.0817 0.0164 0.8666 -0.0108 0.4987
8.6146 48.9774 0.1032 -3.5773 0.0155 0.8669 -0.0108 0.4981
8.7184 49.8584 0.0476 -4.0853 0.0154 0.8670 -0.0106 0.4980
8.8221 50.7371 0.0032 -4.5802 0.0152 0.8671 -0.0104 0.4979
8.9259 51.6149 -0.0470 -5.0982 0.0152 0.8671 -0.0100 0.4978
9.0296 52.4916 -0.0988 -5.6098 0.0149 0.8673 -0.0098 0.4975
9.1335 53.3877 -0.1475 -6.1297 0.0139 0.8672 -0.0100 0.4977
9.2373 54.2923 -0.2011 -6.6277 0.0137 0.8673 -0.0099 0.4974
9.3410 55.1705 -0.2487 -7.1306 0.0131 0.8672 -0.0101 0.4978
9.4448 56.0870 -0.3059 -7.6803 0.0126 0.8667 -0.0098 0.4986
9.5485 56.9689 -0.3610 -8.1855 0.0120 0.8661 -0.0083 0.4997
9.6522 57.8521 -0.4064 -8.6786 0.0119 0.8654 -0.0073 0.5009
9.7559 58.7408 -0.4639 -9.1870 0.0116 0.8648 -0.0071 0.5020
9.8596 59.6319 -0.5058 -9.7025 0.0119 0.8642 -0.0069 0.5030
9.9635 60.5161 -0.5458 -10.2000 0.0121 0.8637 -0.0071 0.5038
10.0673 61.3966 -0.6040 -10.6949 0.0120 0.8641 -0.0082 0.5031
10.1711 62.2973 -0.6481 -11.1925 0.0123 0.8647 -0.0096 0.5020
10.2750 63.1739 -0.7015 -11.6796 0.0121 0.8659 -0.0106 0.5000
10.3789 64.0290 -0.7379 -12.1752 0.0118 0.8675 -0.0098 0.4973
10.4828 64.9045 -0.8046 -12.7005 0.0119 0.8691 -0.0074 0.4944
10.5865 65.7587 -0.8424 -13.1969 0.0105 0.8706 -0.0076 0.4918
10.6904 66.6144 -0.8943 -13.7196 0.0115 0.8721 -0.0082 0.4892
10.7941 67.4526 -0.9420 -14.2561 0.0123 0.8735 -0.0093 0.4866
10.8980 68.2818 -0.9845 -14.7711 0.0119 0.8750 -0.0101 0.4839
11.0017 69.1050 -1.0349 -15.2736 0.0119 0.8760 -0.0108 0.4821
11.1054 69.9343 -1.0873 -15.7834 0.0115 0.8769 -0.0104 0.4805
11.2091 70.7670 -1.1377 -16.3503 0.0101 0.8777 -0.0064 0.4790
11.3129 71.5813 -1.1689 -16.8466 0.0081 0.8783 -0.0017 0.4780
11.4166 72.3973 -1.2041 -17.3647 0.0074 0.8788 -0.0002 0.4770
11.5204 73.1849 -1.2353 -17.8863 0.0087 0.8792 -0.0028 0.4764
11.6240 73.9619 -1.2814 -18.3962 0.0103 0.8795 -0.0054 0.4757
11.7278 74.7849 -1.3104 -18.9291 0.0137 0.8797 -0.0045 0.4753
11.8315 75.5880 -1.3666 -19.4526 0.0145 0.8796 -0.0034 0.4755
11.9353 76.3647 -1.4033 -19.9777 0.0138 0.8795 -0.0022 0.4757
12.0389 77.1748 -1.4296 -20.4960 0.0119 0.8792 -0.0006 0.4762
12.1426 77.9579 -1.4541 -21.0139 0.0096 0.8791 0.0017 0.4766
12.2464 78.7829 -1.4858 -21.5250 0.0052 0.8792 0.0007 0.4764
12.3501 79.5565 -1.5105 -22.0057 0.0014 0.8786 -0.0010 0.4775
12.4539 80.3221 -1.5274 -22.4880 0.0026 0.8783 0.0005 0.4781
12.5576 81.1498 -1.5553 -23.0183 0.0046 0.8773 0.0014 0.4799
12.6614 81.9497 -1.5875 -23.5105 0.0058 0.8757 0.0002 0.4828
12.7651 82.7132 -1.6076 -23.9878 0.0078 0.8734 0.0019 0.4869
12.8688 83.5449 -1.6476 -24.4933 0.0101 0.8710 0.0040 0.4911
12.9724 84.3162 -1.6610 -24.9541 0.0102 0.8685 0.0036 0.4956
13.0762 85.1670 -1.6799 -25.4440 0.0085 0.8649 0.0030 0.5019
13.1799 85.9639 -1.7129 -25.8769 0.0080 0.8618 0.0049 0.5071
13.2837 86.7462 -1.7258 -26.2934 0.0079 0.8585 0.0054 0.5127
13.3874 87.5550 -1.7370 -26.6870 0.0069 0.8551 0.0056 0.5184
13.4911 88.4458 -1.7629 -27.1188 0.0089 0.8514 0.0063 0.5244
13.5949 89.2669 -1.7842 -27.5280 0.0099 0.8480 0.0047 0.5300
13.6988 90.0972 -1.8178 -27.9067 0.0121 0.8446 0.0011 0.5353
13.8025 90.9429 -1.8464 -28.2723 0.0141 0.8409 -0.0009 0.5411
13.9063 91.7682 -1.8594 -28.6418 0.0123 0.8373 -0.0005 0.5466
14.0100 92.6205 -1.9098 -28.9779 0.0108 0.8337 0.0012 0.5521
14.1138 93.4516 -1.9344 -29.3008 0.0108 0.8307 -0.0001 0.5566
14.2176 94.3042 -1.9536 -29.6287 0.0115 0.8287 -0.0037 0.5596
14.3215 95.1342 -1.9825 -29.9543 0.0116 0.8269 -0.0085 0.5622
14.4254 95.9878 -2.0340 -30.2959 0.0115 0.8260 -0.0107 0.5634
14.5293 96.8684 -2.0739 -30.6274 0.0112 0.8248 -0.0109 0.5651
14.6331 97.6988 -2.1240 -30.9294 0.0107 0.8234 -0.0111 0.5672
14.7369 98.5269 -2.1727 -31.2325 0.0101 0.8216 -0.0103 0.5699
14.8408 99.3625 -2.2099 -31.5538 0.0086 0.8201 -0.0087 0.5721
14.9445 100.2368 -2.2334 -31.8405 0.0077 0.8185 -0.0073 0.5745
15.0483 101.0975 -2.2818 -32.1199 0.0053 0.8166 -0.0093 0.5771
15.1520 101.9332 -2.3168 -32.4133 0.0029 0.8148 -0.0129 0.5797
15.2558 102.7805 -2.3594 -32.6729 0.0035 0.8126 -0.0141 0.5826
15.3595 103.6460 -2.4228 -32.9526 0.0042 0.8105 -0.0156 0.5855
15.4633 104.4915 -2.4505 -33.2145 0.0045 0.8084 -0.0143 0.5885
15.5671 105.3465 -2.4961 -33.4660 0.0030 0.8064 -0.0125 0.5912
15.6709 106.1974 -2.5235 -33.7307 0.0028 0.8041 -0.0111 0.5944
15.7746 107.0490 -2.5638 -33.9660 0.0029 0.8022 -0.0130 0.5969
15.8784 107.9438 -2.6183 -34.2190 0.0030 0.8001 -0.0151 0.5997
15.9822 108.7847 -2.6520 -34.4692 0.0027 0.7979 -0.0159 0.6025
16.0861 109.6627 -2.6918 -34.7029 0.0026 0.7958 -0.0151 0.6053
16.1898 110.5341 -2.7284 -34.9241 0.0034 0.7935 -0.0141 0.6084
16.2935 111.3729 -2.7658 -35.1436 0.0055 0.7907 -0.0126 0.6120
16.3973 112.2206 -2.8022 -35.3526 0.0064 0.7887 -0.0118 0.6146
16.5010 113.0724 -2.8393 -35.5554 0.0037 0.7866 -0.0140 0.6172
16.6048 113.9401 -2.8868 -35.7301 0.0018 0.7848 -0.0152 0.6195
16.7086 114.8183 -2.9191 -35.9437 0.0027 0.7833 -0.0140 0.6215
16.8124 115.6952 -2.9691 -36.1378 0.0034 0.7819 -0.0133 0.6232
16.9162 116.5709 -3.0046 -36.3325 0.0036 0.7804 -0.0139 0.6251
17.0200 117.4197 -3.0549 -36.5219 0.0049 0.7786 -0.0114 0.6275
17.1238 118.3230 -3.0916 -36.7014 0.0076 0.7772 -0.0080 0.6292
17.2275 119.1817 -3.1285 -36.8790 0.0083 0.7753 -0.0066 0.6315
17.3314 120.0450 -3.1506 -37.0520 0.0086 0.7738 -0.0070 0.6333
17.4351 120.9227 -3.1976 -37.2117 0.0076 0.7729 -0.0089 0.6345
17.5390 121.7963 -3.2334 -37.3735 0.0077 0.7721 -0.0087 0.6353
17.6429 122.6432 -3.2660 -37.5303 0.0068 0.7720 -0.0090 0.6356
17.7466 123.5312 -3.2971 -37.6892 0.0054 0.7717 -0.0077 0.6359
17.8505 124.4144 -3.3419 -37.8706 0.0036 0.7713 -0.0056 0.6364
17.9543 125.3156 -3.3781 -38.0208 0.0036 0.7709 -0.0037 0.6369
18.0581 126.1635 -3.3967 -38.1842 0.0040 0.7707 -0.0065 0.6371
18.1619 127.0036 -3.4573 -38.3534 0.0049 0.7706 -0.0087 0.6372
18.2658 127.8473 -3.4726 -38.4883 0.0060 0.7707 -0.0079 0.6371
18.3696 128.6562 -3.4983 -38.6361 0.0059 0.7705 -0.0076 0.6374
18.4734 129.5206 -3.5401 -38.8218 0.0071 0.7702 -0.0064 0.6377
18.5772 130.3760 -3.5855 -38.9580 0.0071 0.7701 -0.0078 0.6378
18.6810 131.2003 -3.6057 -39.1186 0.0048 0.7700 -0.0113 0.6379
18.7849 132.0567 -3.6523 -39.2331 0.0033 0.7698 -0.0144 0.6381
18.8885 132.8921 -3.6949 -39.3845 0.0054 0.7696 -0.0149 0.6383
18.9924 133.7260 -3.7396 -39.5477 0.0063 0.7695 -0.0150 0.6384
19.0960 134.5369 -3.7800 -39.6941 0.0068 0.7690 -0.0151 0.6390
19.1999 135.3460 -3.8114 -39.8594 0.0082 0.7682 -0.0123 0.6401
19.3035 136.1737 -3.8475 -40.0063 0.0087 0.7672 -0.0095 0.6413
19.4074 137.0299 -3.8804 -40.1569 0.0083 0.7666 -0.0070 0.6420
19.5112 137.8525 -3.9173 -40.3026 0.0086 0.7654 -0.0051 0.6435
19.6148 138.5852 -3.9581 -40.4244 0.0102 0.7639 -0.0069 0.6452
19.7184 139.2894 -3.9865 -40.5554 0.0131 0.7619 -0.0063 0.6475
19.8221 140.1259 -4.0531 -40.6870 0.0101 0.7592 -0.0095 0.6507
19.9257 140.8431 -4.0359 -40.7843 0.0155 0.7559 -0.0017 0.6544
20.0294 141.7452 -4.1149 -40.8692 0.0130 0.7521 -0.0029 0.6589
20.1329 142.5545 -4.1565 -40.9670 0.0139 0.7476 -0.0031 0.6639
20.2366 143.3601 -4.1919 -41.0518 0.0146 0.7427 -0.0039 0.6695
20.3404 144.1097 -4.2286 -41.1321 0.0158 0.7379 -0.0028 0.6747
20.4440 144.9178 -4.2590 -41.1961 0.0166 0.7335 -0.0030 0.6795
20.5478 145.7230 -4.3319 -41.2289 0.0156 0.7284 -0.0076 0.6849
20.6515 146.4768 -4.3406 -41.2440 0.0189 0.7239 -0.0112 0.6895
20.7553 147.2453 -4.3939 -41.2219 0.0179 0.7194 -0.0177 0.6941
20.8591 148.0000 -4.4425 -41.2316 0.0181 0.7147 -0.0187 0.6990
20.9629 148.7721 -4.4947 -41.2278 0.0186 0.7106 -0.0154 0.7032
21.0668 149.5573 -4.5487 -41.2019 0.0171 0.7067 -0.0150 0.7071
21.1706 150.3172 -4.5982 -41.2097 0.0185 0.7033 -0.0178 0.7104
21.2745 151.0321 -4.6537 -41.1732 0.0194 0.7008 -0.0233 0.7127
21.3785 151.7558 -4.6924 -41.1640 0.0185 0.6997 -0.0264 0.7137
21.4825 152.4960 -4.7479 -41.1282 0.0179 0.6997 -0.0241 0.7138
21.5864 153.3253 -4.8311 -41.1088 0.0157 0.7003 -0.0223 0.7133
21.6904 154.0617 -4.8791 -41.0944 0.0152 0.7014 -0.0215 0.7123
21.7943 154.7681 -4.9263 -41.0565 0.0164 0.7026 -0.0202 0.7111
21.8983 155.5432 -4.9746 -41.0617 0.0162 0.7039 -0.0205 0.7098
22.0022 156.2790 -5.0381 -41.0699 0.0156 0.7052 -0.0202 0.7085
22.1061 157.0444 -5.0811 -41.0557 0.0161 0.7073 -0.0200 0.7064
22.2101 157.8105 -5.1147 -41.0616 0.0149 0.7094 -0.0203 0.7043
22.3139 158.5039 -5.1758 -41.0774 0.0141 0.7118 -0.0194 0.7020
22.4178 159.2169 -5.2318 -41.0711 0.0146 0.7137 -0.0180 0.7001
22.5215 159.9914 -5.2865 -41.0923 0.0143 0.7155 -0.0192 0.6982
22.6254 160.7100 -5.3239 -41.1075 0.0151 0.7169 -0.0199 0.6968
22.7292 161.4122 -5.3875 -41.1316 0.0140 0.7179 -0.0225 0.6957
22.8329 162.1306 -5.4278 -41.1692 0.0168 0.7181 -0.0208 0.6954
22.9365 162.8833 -5.4789 -41.1685 0.0176 0.7181 -0.0190 0.6954
23.0401 163.5240 -5.5074 -41.1981 0.0177 0.7169 -0.0168 0.6968
23.1438 164.2585 -5.5803 -41.2094 0.0166 0.7142 -0.0178 0.6996
23.2474 164.9569 -5.6317 -41.1989 0.0173 0.7106 -0.0173 0.7031
23.3510 165.6445 -5.6803 -41.2000 0.0181 0.7053 -0.0164 0.7085
23.4547 166.3222 -5.7143 -41.2087 0.0171 0.6999 -0.0162 0.7138
23.5583 167.0245 -5.7513 -41.1199 0.0164 0.6941 -0.0134 0.7195
23.6620 167.7244 -5.7902 -41.0828 0.0124 0.6883 -0.0128 0.7252
23.7657 168.3860 -5.8443 -41.0145 0.0091 0.6821 -0.0113 0.7311
23.8694 169.0226 -5.8675 -40.9527 0.0058 0.6757 -0.0092 0.7371
23.9730 169.7020 -5.8968 -40.8564 0.0048 0.6694 -0.0054 0.7429
24.0768 170.3885 -5.9335 -40.7717 0.0042 0.6627 -0.0044 0.7489
24.1805 171.0323 -5.9536 -40.6625 0.0030 0.6558 -0.0049 0.7549
24.2842 171.6887 -5.9579 -40.5396 0.0035 0.6491 -0.0041 0.7607
24.3879 172.2939 -5.9904 -40.4214 0.0003 0.6428 -0.0066 0.7660
24.4916 172.9781 -6.0170 -40.2859 -0.0031 0.6371 -0.0073 0.7707
24.5954 173.5405 -6.0505 -40.1306 -0.0042 0.6324 -0.0057 0.7746
24.6993 174.1893 -6.0571 -40.0093 -0.0029 0.6280 -0.0034 0.7782
24.8031 174.7854 -6.0689 -39.8565 -0.0023 0.6241 -0.0048 0.7813
24.9068 175.3823 -6.0879 -39.7102 -0.0012 0.6204 -0.0083 0.7843
25.0105 175.9801 -6.1071 -39.5338 0.0021 0.6167 -0.0122 0.7871
25.1143 176.5714 -6.1189 -39.4088 0.0070 0.6133 -0.0122 0.7897
25.2180 177.1498 -6.1367 -39.2206 0.0070 0.6107 -0.0115 0.7918
25.3218 177.7596 -6.1516 -39.0409 0.0026 0.6084 -0.0106 0.7936
25.4255 178.3854 -6.1987 -38.8796 -0.0040 0.6064 -0.0090 0.7951
25.5294 178.9678 -6.2118 -38.6900 -0.0069 0.6057 -0.0057 0.7957
25.6332 179.5877 -6.2287 -38.5230 -0.0065 0.6053 -0.0049 0.7960
25.7370 180.1840 -6.2338 -38.3565 -0.0046 0.6049 -0.0044 0.7963
25.8408 180.8023 -6.2401 -38.1889 -0.0036 0.6042 -0.0037 0.7968
25.9445 181.4047 -6.2345 -38.0139 -0.0043 0.6034 -0.0030 0.7974
26.0481 182.0241 -6.2511 -37.8303 -0.0062 0.6024 -0.0018 0.7982
26.1519 182.6247 -6.2601 -37.6516 -0.0083 0.6010 -0.0003 0.7992
26.2555 183.2896 -6.2618 -37.4669 -0.0093 0.5992 0.0006 0.8005
26.3591 183.8732 -6.2596 -37.2688 -0.0092 0.5967 0.0019 0.8024
26.4628 184.4830 -6.2560 -37.0783 -0.0098 0.5932 0.0032 0.8050
26.5666 185.1243 -6.2635 -36.8608 -0.0100 0.5892 0.0043 0.8079
26.6703 185.7407 -6.2799 -36.6424 -0.0097 0.5844 0.0037 0.8114
26.7739 186.3450 -6.2783 -36.4263 -0.0086 0.5796 0.0023 0.8149
26.8777 186.9686 -6.2679 -36.1888 -0.0079 0.5746 0.0008 0.8184
26.9813 187.5843 -6.2686 -35.9375 -0.0073 0.5695 0.0011 0.8219
27.0850 188.1954 -6.2768 -35.6903 -0.0081 0.5645 0.0020 0.8254
27.1888 188.8036 -6.2785 -35.4239 -0.0088 0.5595 0.0026 0.8288
27.2925 189.4486 -6.2724 -35.1557 -0.0106 0.5544 0.0018 0.8321
27.3963 190.0707 -6.2633 -34.8763 -0.0119 0.5502 0.0016 0.8350
27.5000 190.7157 -6.2589 -34.5671 -0.0134 0.5468 -0.0001 0.8371
27.6039 191.3510 -6.2564 -34.2753 -0.0143 0.5448 0.0007 0.8384
27.7078 191.9951 -6.2563 -33.9862 -0.0149 0.5438 0.0025 0.8390
27.8117 192.6432 -6.2513 -33.7025 -0.0133 0.5438 0.0036 0.8391
27.9155 193.3151 -6.2487 -33.3950 -0.0122 0.5441 0.0037 0.8389
28.0194 193.9787 -6.2384 -33.1013 -0.0105 0.5446 0.0043 0.8386
28.1233 194.6546 -6.2267 -32.8086 -0.0099 0.5445 0.0059 0.8387
28.2272 195.3388 -6.2094 -32.4994 -0.0102 0.5450 0.0081 0.8383
28.3309 196.0048 -6.2105 -32.1956 -0.0118 0.5453 0.0096 0.8381
28.4348 196.6949 -6.1981 -31.9036 -0.0125 0.5461 0.0103 0.8376
28.5387 197.3853 -6.1930 -31.5888 -0.0130 0.5468 0.0107 0.8371
28.6424 198.0749 -6.1854 -31.2940 -0.0138 0.5473 0.0104 0.8367
28.7462 198.7393 -6.1699 -30.9746 -0.0134 0.5483 0.0098 0.8361
28.8499 199.4632 -6.1671 -30.6752 -0.0118 0.5489 0.0091 0.8357
28.9538 200.1506 -6.1723 -30.3710 -0.0096 0.5493 0.0068 0.8356
29.0575 200.8084 -6.1569 -30.0698 -0.0091 0.5498 0.0056 0.8352
29.1613 201.5063 -6.1588 -29.7734 -0.0104 0.5504 0.0062 0.8348
29.2649 202.1966 -6.1539 -29.4768 -0.0126 0.5508 0.0064 0.8345
29.3686 202.8696 -6.1452 -29.1822 -0.0140 0.5523 0.0049 0.8335
29.4725 203.5413 -6.1571 -28.8988 -0.0150 0.5541 0.0043 0.8323
29.5763 204.2468 -6.1508 -28.6047 -0.0157 0.5572 0.0047 0.8302
29.6802 204.9535 -6.1258 -28.3367 -0.0155 0.5609 0.0049 0.8277
29.7839 205.6347 -6.1285 -28.0704 -0.0140 0.5652 0.0053 0.8248
29.8878 206.3230 -6.1371 -27.8012 -0.0133 0.5701 0.0037 0.8214
29.9917 207.0103 -6.1092 -27.5512 -0.0136 0.5749 0.0032 0.8181
30.0955 207.7245 -6.0957 -27.3456 -0.0148 0.5795 0.0067 0.8148
30.1993 208.4310 -6.1045 -27.0962 -0.0165 0.5834 0.0107 0.8119
30.3030 209.1489 -6.0910 -26.8781 -0.0190 0.5864 0.0125 0.8097
30.4068 209.8690 -6.0576 -26.6379 -0.0216 0.5885 0.0115 0.8081
30.5104 210.5501 -6.0508 -26.4009 -0.0221 0.5893 0.0118 0.8075
30.6140 211.2416 -6.0087 -26.1854 -0.0216 0.5902 0.0128 0.8069
30.7178 211.9706 -6.0055 -25.9407 -0.0218 0.5905 0.0121 0.8066
30.8214 212.6504 -5.9783 -25.7203 -0.0215 0.5907 0.0112 0.8065
30.9252 213.4014 -5.9563 -25.4854 -0.0223 0.5904 0.0109 0.8067
31.0288 214.1344 -5.9389 -25.2474 -0.0226 0.5900 0.0111 0.8070
31.1325 214.8392 -5.9014 -25.0277 -0.0228 0.5892 0.0118 0.8076
31.2363 215.5728 -5.8928 -24.7894 -0.0222 0.5885 0.0132 0.8081
31.3401 216.3137 -5.8709 -24.5594 -0.0223 0.5873 0.0137 0.8089
31.4437 217.0650 -5.8502 -24.2793 -0.0240 0.5854 0.0138 0.8103
31.5474 217.7929 -5.8043 -24.0398 -0.0258 0.5834 0.0149 0.8116
31.6510 218.5163 -5.7861 -23.7718 -0.0275 0.5811 0.0161 0.8132
31.7548 219.2451 -5.7627 -23.5032 -0.0293 0.5793 0.0146 0.8145
31.8585 219.9578 -5.7270 -23.2407 -0.0286 0.5775 0.0137 0.8157
31.9623 220.7049 -5.6897 -22.9600 -0.0285 0.5755 0.0097 0.8172
32.0660 221.4758 -5.6709 -22.6547 -0.0293 0.5736 0.0074 0.8186
32.1696 222.2251 -5.6182 -22.3660 -0.0291 0.5717 0.0083 0.8199
32.2734 222.9547 -5.6040 -22.1080 -0.0297 0.5702 0.0061 0.8210
32.3772 223.6697 -5.5831 -21.8223 -0.0291 0.5683 0.0048 0.8223
32.4809 224.4087 -5.5629 -21.5118 -0.0296 0.5662 0.0036 0.8237
32.5845 225.1645 -5.5225 -21.2218 -0.0294 0.5645 0.0046 0.8249
32.6883 225.9156 -5.5082 -20.9209 -0.0288 0.5627 0.0055 0.8262
32.7919 226.6414 -5.4920 -20.6222 -0.0279 0.5606 0.0062 0.8276
32.8957 227.3491 -5.4561 -20.3237 -0.0269 0.5586 0.0055 0.8290
32.9994 228.0654 -5.4286 -20.0621 -0.0288 0.5561 0.0048 0.8306
33.1032 228.8311 -5.3876 -19.7114 -0.0296 0.5544 0.0041 0.8317
33.2068 229.5417 -5.3740 -19.3969 -0.0278 0.5527 0.0041 0.8329
33.3105 230.2770 -5.3644 -19.0863 -0.0246 0.5508 0.0022 0.8343
33.4143 231.0078 -5.3526 -18.7425 -0.0242 0.5493 -0.0004 0.8353
33.5182 231.6857 -5.3170 -18.4342 -0.0281 0.5476 -0.0032 0.8362
33.6218 232.4481 -5.2908 -18.1070 -0.0320 0.5467 -0.0001 0.8367
33.7255 233.1836 -5.2646 -17.7913 -0.0355 0.5459 0.0051 0.8371
33.8293 233.9331 -5.2227 -17.4603 -0.0394 0.5450 0.0083 0.8375
33.9331 234.6572 -5.1775 -17.1262 -0.0398 0.5443 0.0097 0.8379
34.0367 235.3999 -5.1419 -16.7685 -0.0392 0.5430 0.0073 0.8388
34.1404 236.0770 -5.1182 -16.4595 -0.0369 0.5413 0.0047 0.8400
34.2440 236.7899 -5.0875 -16.1215 -0.0354 0.5391 0.0033 0.8415
34.3478 237.4937 -5.0499 -15.7809 -0.0337 0.5373 0.0030 0.8427
34.4515 238.2476 -5.0191 -15.4448 -0.0325 0.5355 0.0023 0.8439
34.5552 238.9520 -5.0109 -15.0942 -0.0326 0.5340 0.0038 0.8449
34.6589 239.6669 -4.9547 -14.7473 -0.0339 0.5322 0.0054 0.8459
34.7625 240.3953 -4.9183 -14.3890 -0.0354 0.5308 0.0087 0.8467
34.8663 241.1202 -4.8770 -14.0419 -0.0367 0.5299 0.0115 0.8472
34.9700 241.8487 -4.8244 -13.6785 -0.0388 0.5291 0.0133 0.8476
35.0739 242.6117 -4.7730 -13.3194 -0.0405 0.5280 0.0168 0.8481
35.1776 243.3368 -4.7225 -12.9492 -0.0411 0.5275 0.0169 0.8484
35.2813 244.0228 -4.6838 -12.5903 -0.0401 0.5265 0.0118 0.8491
35.3850 244.7568 -4.6553 -12.2096 -0.0354 0.5263 0.0060 0.8495
35.4887 245.4652 -4.6186 -11.8283 -0.0320 0.5261 0.0031 0.8498
35.5924 246.1982 -4.5764 -11.4800 -0.0325 0.5263 0.0034 0.8497
35.6962 246.9229 -4.5384 -11.1135 -0.0355 0.5262 0.0054 0.8496
35.7998 247.6552 -4.5084 -10.7517 -0.0356 0.5256 0.0061 0.8500
35.9035 248.3716 -4.4695 -10.3675 -0.0344 0.5247 0.0066 0.8506
36.0072 249.1091 -4.4358 -10.0010 -0.0336 0.5241 0.0081 0.8509
36.1109 249.8511 -4.3932 -9.6367 -0.0352 0.5231 0.0097 0.8515
36.2145 250.5543 -4.3422 -9.2833 -0.0364 0.5232 0.0108 0.8513
36.3183 251.2587 -4.3082 -8.9169 -0.0370 0.5229 0.0094 0.8515
36.4220 251.9580 -4.2921 -8.5387 -0.0356 0.5220 0.0090 0.8521
36.5258 252.7047 -4.2511 -8.1496 -0.0347 0.5218 0.0080 0.8523
36.6295 253.4527 -4.2015 -7.7783 -0.0344 0.5206 0.0101 0.8531
36.7333 254.1758 -4.1556 -7.3909 -0.0355 0.5189 0.0113 0.8540
36.8370 254.8821 -4.1162 -7.0053 -0.0363 0.5173 0.0115 0.8550
36.9408 255.6187 -4.0748 -6.6113 -0.0353 0.5154 0.0124 0.8561
37.0445 256.3251 -4.0399 -6.2310 -0.0349 0.5134 0.0118 0.8574
37.1483 257.0379 -3.9939 -5.8175 -0.0352 0.5114 0.0088 0.8586
37.2520 257.7750 -3.9507 -5.3884 -0.0333 0.5086 0.0085 0.8603
37.3557 258.4744 -3.9192 -4.9857 -0.0311 0.5049 0.0098 0.8626
37.4594 259.1907 -3.8767 -4.5799 -0.0299 0.5010 0.0109 0.8649
37.5630 259.8861 -3.8524 -4.1720 -0.0284 0.4958 0.0132 0.8679
37.6667 260.6021 -3.8252 -3.7573 -0.0278 0.4896 0.0139 0.8714
37.7703 261.3086 -3.7803 -3.3035 -0.0283 0.4826 0.0142 0.8752
37.8740 262.0004 -3.7473 -2.8450 -0.0300 0.4757 0.0158 0.8790
37.9778 262.6680 -3.7061 -2.3780 -0.0319 0.4690 0.0168 0.8824
38.0815 263.3131 -3.6679 -1.8581 -0.0330 0.4632 0.0160 0.8855
38.1853 263.9976 -3.6284 -1.3909 -0.0334 0.4584 0.0123 0.8880
38.2892 264.6377 -3.5722 -0.9030 -0.0334 0.4554 0.0098 0.8896
38.3932 265.2991 -3.5328 -0.4088 -0.0344 0.4542 0.0072 0.8902
38.4972 265.9541 -3.5079 0.0722 -0.0354 0.4562 0.0033 0.8892
38.6012 266.6248 -3.4806 0.5661 -0.0355 0.4599 -0.0011 0.8872
38.7052 267.2954 -3.4283 1.0589 -0.0340 0.4648 -0.0040 0.8847
38.8093 267.9496 -3.4063 1.4884 -0.0324 0.4708 -0.0025 0.8817
38.9133 268.6707 -3.3913 1.9535 -0.0326 0.4758 -0.0007 0.8790
39.0172 269.3687 -3.3466 2.4144 -0.0335 0.4808 -0.0015 0.8762
39.1212 270.0617 -3.3326 2.8269 -0.0336 0.4860 -0.0007 0.8733
39.2250 270.7505 -3.3157 3.2466 -0.0324 0.4904 0.0002 0.8709
39.3289 271.4721 -3.2767 3.6633 -0.0311 0.4945 0.0008 0.8686
39.4327 272.1492 -3.2454 4.0806 -0.0308 0.4986 -0.0006 0.8663
39.5364 272.8605 -3.2196 4.4734 -0.0319 0.5017 -0.0008 0.8645
39.6402 273.5974 -3.1793 4.9000 -0.0341 0.5042 -0.0012 0.8629
39.7438 274.3329 -3.1450 5.3010 -0.0375 0.5065 -0.0004 0.8614
39.8476 275.0886 -3.1096 5.6958 -0.0390 0.5087 0.0017 0.8600
39.9513 275.7806 -3.0777 6.1228 -0.0392 0.5104 -0.0004 0.8590
40.0550 276.4916 -3.0317 6.5127 -0.0369 0.5115 -0.0045 0.8585
40.1587 277.2198 -3.0195 6.9192 -0.0331 0.5122 -0.0096 0.8582
40.2624 277.9469 -3.0073 7.3197 -0.0301 0.5126 -0.0110 0.8580
40.3662 278.6882 -2.9705 7.7362 -0.0301 0.5136 -0.0114 0.8574
40.4699 279.4322 -2.9454 8.1172 -0.0323 0.5140 -0.0112 0.8571
40.5735 280.1832 -2.9231 8.5456 -0.0325 0.5141 -0.0097 0.8571
40.6773 280.9203 -2.9082 8.9400 -0.0326 0.5140 -0.0077 0.8571
40.7810 281.7008 -2.8753 9.3463 -0.0337 0.5127 -0.0070 0.8579
40.8848 282.4438 -2.8528 9.7570 -0.0337 0.5113 -0.0061 0.8587
40.9884 283.1782 -2.8268 10.1623 -0.0336 0.5096 -0.0063 0.8597
41.0922 283.9358 -2.8077 10.5716 -0.0341 0.5078 -0.0068 0.8608
41.1958 284.6889 -2.7686 11.0267 -0.0348 0.5057 -0.0075 0.8620
41.2994 285.4442 -2.7398 11.4699 -0.0341 0.5037 -0.0084 0.8632
41.4032 286.2082 -2.7169 11.8965 -0.0316 0.5015 -0.0075 0.8645
41.5068 286.9536 -2.6960 12.3435 -0.0293 0.4991 -0.0077 0.8660
41.6105 287.7220 -2.6792 12.7793 -0.0284 0.4955 -0.0082 0.8681
41.7142 288.4463 -2.6529 13.2523 -0.0287 0.4917 -0.0075 0.8703
41.8179 289.2096 -2.6233 13.7161 -0.0317 0.4881 -0.0068 0.8722
41.9215 289.9574 -2.5837 14.2193 -0.0348 0.4845 -0.0067 0.8741
42.0253 290.6864 -2.5529 14.7025 -0.0391 0.4816 -0.0064 0.8755
42.1289 291.4457 -2.5131 15.1974 -0.0411 0.4779 -0.0058 0.8774
42.2327 292.2033 -2.4883 15.6991 -0.0398 0.4736 -0.0063 0.8798
42.3363 292.9418 -2.4442 16.2082 -0.0362 0.4697 -0.0078 0.8820
42.4400 293.6884 -2.4181 16.7319 -0.0325 0.4656 -0.0095 0.8844
42.5438 294.4376 -2.3884 17.2729 -0.0285 0.4619 -0.0090 0.8864
42.6474 295.1748 -2.3741 17.7998 -0.0254 0.4583 -0.0079 0.8884
42.7512 295.9437 -2.3627 18.3306 -0.0245 0.4545 -0.0049 0.8904
42.8548 296.6570 -2.3432 18.8611 -0.0256 0.4505 -0.0018 0.8924
42.9585 297.3804 -2.3033 19.4125 -0.0276 0.4466 0.0017 0.8943
43.0623 298.1393 -2.2877 19.9874 -0.0294 0.4423 0.0038 0.8964
43.1661 298.8698 -2.2439 20.5593 -0.0302 0.4388 0.0049 0.8980
43.2698 299.5847 -2.2143 21.1595 -0.0316 0.4352 0.0031 0.8998
43.3736 300.2937 -2.1550 21.7489 -0.0331 0.4317 0.0016 0.9014
43.4773 301.0146 -2.1146 22.3533 -0.0337 0.4293 0.0036 0.9025
43.5810 301.7404 -2.0708 22.9561 -0.0334 0.4269 0.0033 0.9037
43.6849 302.4799 -2.0480 23.5657 -0.0314 0.4241 0.0030 0.9051
43.7887 303.1762 -2.0168 24.1698 -0.0298 0.4215 0.0022 0.9064
43.8924 303.9054 -1.9813 24.7927 -0.0295 0.4189 0.0027 0.9075
43.9961 304.5907 -1.9210 25.4388 -0.0317 0.4165 0.0025 0.9086
44.1000 305.3081 -1.8713 26.0784 -0.0341 0.4141 0.0036 0.9096
44.2036 306.0505 -1.8507 26.6976 -0.0341 0.4112 0.0028 0.9109
44.3073 306.7359 -1.8034 27.3346 -0.0329 0.4089 0.0004 0.9120
44.4110 307.4476 -1.7790 27.9975 -0.0306 0.4062 -0.0006 0.9133
44.5148 308.1548 -1.7379 28.6243 -0.0291 0.4038 0.0015 0.9144
44.6185 308.8551 -1.7167 29.2746 -0.0286 0.4012 0.0037 0.9155
44.7223 309.5224 -1.6838 29.9031 -0.0281 0.3985 0.0056 0.9167
44.8262 310.2310 -1.6554 30.5759 -0.0269 0.3956 0.0077 0.9180
44.9298 310.9070 -1.6255 31.2355 -0.0262 0.3924 0.0105 0.9194
45.0335 311.6076 -1.5842 31.9098 -0.0265 0.3901 0.0107 0.9203
45.1373 312.2871 -1.5506 32.5643 -0.0271 0.3881 0.0104 0.9212
45.2410 312.9380 -1.5302 33.2214 -0.0266 0.3855 0.0104 0.9223
45.3448 313.5798 -1.4630 33.9058 -0.0266 0.3833 0.0095 0.9232
45.4485 314.2582 -1.4567 34.5995 -0.0258 0.3810 0.0115 0.9241
45.5523 314.9412 -1.4090 35.2703 -0.0265 0.3777 0.0116 0.9255
45.6562 315.5662 -1.3814 35.9462 -0.0255 0.3756 0.0119 0.9264
45.7599 316.2169 -1.3409 36.6070 -0.0257 0.3728 0.0127 0.9275
45.8637 316.8830 -1.3157 37.3182 -0.0267 0.3704 0.0126 0.9284
45.9674 317.4993 -1.2637 38.0120 -0.0290 0.3689 0.0104 0.9290
46.0713 318.1205 -1.2457 38.7016 -0.0309 0.3673 0.0085 0.9296
46.1750 318.7737 -1.1771 39.4012 -0.0318 0.3659 0.0121 0.9300
46.2788 319.4093 -1.1461 40.0863 -0.0324 0.3646 0.0119 0.9305
46.3827 320.0103 -1.1091 40.7727 -0.0293 0.3638 0.0123 0.9309
46.4865 320.6474 -1.0813 41.4745 -0.0267 0.3631 0.0100 0.9313
46.5904 321.2902 -1.0269 42.1657 -0.0262 0.3631 0.0096 0.9313
46.6942 321.9185 -1.0183 42.8584 -0.0275 0.3641 0.0105 0.9309
46.7981 322.5632 -0.9708 43.5756 -0.0293 0.3648 0.0118 0.9305
46.9019 323.2064 -0.9215 44.2597 -0.0302 0.3663 0.0116 0.9299
47.0058 323.8555 -0.8853 44.9687 -0.0301 0.3690 0.0116 0.9289
47.1097 324.5325 -0.8569 45.6782 -0.0292 0.3718 0.0086 0.9278
47.2136 325.1838 -0.8193 46.3642 -0.0276 0.3748 0.0078 0.9267
47.3174 325.8493 -0.7691 47.0464 -0.0266 0.3782 0.0066 0.9253
47.4212 326.5343 -0.7252 47.7300 -0.0268 0.3823 0.0066 0.9236
47.5251 327.2062 -0.7097 48.4128 -0.0271 0.3859 0.0066 0.9221
47.6288 327.9090 -0.6610 49.0787 -0.0293 0.3899 0.0060 0.9204
47.7327 328.6037 -0.6259 49.7524 -0.0326 0.3937 0.0064 0.9187
47.8364 329.3137 -0.5756 50.4206 -0.0354 0.3976 0.0066 0.9168
47.9402 330.0063 -0.5336 51.1034 -0.0345 0.4020 0.0050 0.9150
48.0439 330.7186 -0.5010 51.7473 -0.0319 0.4052 0.0031 0.9137
48.1477 331.4267 -0.4652 52.3904 -0.0294 0.4090 0.0028 0.9121
48.2514 332.1697 -0.4213 53.0605 -0.0291 0.4125 0.0033 0.9105
48.3550 332.9059 -0.3850 53.6715 -0.0302 0.4152 0.0037 0.9092
48.4588 333.6528 -0.3372 54.3126 -0.0305 0.4184 0.0039 0.9077
48.5626 334.4187 -0.3027 54.9608 -0.0310 0.4208 0.0041 0.9066
48.6662 335.1739 -0.2569 55.5913 -0.0323 0.4230 0.0041 0.9055
48.7699 335.9220 -0.2173 56.2430 -0.0331 0.4255 0.0033 0.9043
48.8736 336.6772 -0.1726 56.8900 -0.0340 0.4279 0.0020 0.9032
48.9773 337.4643 -0.1321 57.5355 -0.0344 0.4302 0.0009 0.9021
49.0809 338.2473 -0.0930 58.1647 -0.0344 0.4321 0.0002 0.9011
49.1847 339.0151 -0.0449 58.7978 -0.0344 0.4342 -0.0007 0.9002
49.2883 339.7949 -0.0169 59.4207 -0.0345 0.4361 -0.0003 0.8992
49.3920 340.5729 0.0289 60.0475 -0.0349 0.4374 -0.0006 0.8986
49.4958 341.3666 0.0726 60.6578 -0.0350 0.4391 -0.0002 0.8978
49.5994 342.1815 0.1115 61.2917 -0.0361 0.4405 -0.0011 0.8970
49.7032 342.9938 0.1568 61.9272 -0.0369 0.4425 -0.0008 0.8960
49.8068 343.7764 0.1970 62.5205 -0.0367 0.4441 -0.0014 0.8952
49.9106 344.5689 0.2394 63.1342 -0.0361 0.4456 -0.0021 0.8945
50.0142 345.3829 0.2801 63.7489 -0.0356 0.4472 -0.0019 0.8937
50.1180 346.1836 0.3215 64.3590 -0.0368 0.4475 0.0005 0.8935
50.2216 347.0348 0.3787 64.9742 -0.0392 0.4478 0.0042 0.8933
50.3253 347.8336 0.4434 65.5830 -0.0411 0.4485 0.0059 0.8928
50.4290 348.6233 0.4972 66.1753 -0.0405 0.4486 0.0066 0.8928
50.5327 349.4412 0.5334 66.7747 -0.0375 0.4489 0.0055 0.8928
50.6365 350.2375 0.5852 67.3721 -0.0341 0.4493 0.0042 0.8927
50.7402 351.0333 0.6304 67.9737 -0.0323 0.4497 0.0045 0.8926
50.8440 351.8584 0.6735 68.5981 -0.0328 0.4504 0.0056 0.8922
50.9476 352.6624 0.7067 69.1902 -0.0334 0.4514 0.0088 0.8916
51.0512 353.4968 0.7559 69.8003 -0.0342 0.4516 0.0110 0.8915
51.1549 354.3204 0.8103 70.4093 -0.0355 0.4517 0.0123 0.8914
51.2586 355.1408 0.8701 71.0052 -0.0359 0.4516 0.0122 0.8914
51.3623 355.9583 0.9117 71.6110 -0.0347 0.4518 0.0120 0.8914
51.4659 356.7756 0.9568 72.1915 -0.0336 0.4519 0.0118 0.8913
51.5697 357.5734 1.0038 72.7899 -0.0327 0.4519 0.0140 0.8914
51.6733 358.3885 1.0726 73.3968 -0.0331 0.4520 0.0166 0.8913
51.7769 359.1850 1.1198 73.9809 -0.0339 0.4522 0.0161 0.8911
51.8807 360.0015 1.1737 74.5795 -0.0332 0.4524 0.0161 0.8910
51.9843 360.8244 1.2171 75.1923 -0.0324 0.4526 0.0154 0.8910
52.0881 361.6543 1.2787 75.7993 -0.0324 0.4530 0.0163 0.8908
52.1917 362.4602 1.3317 76.3818 -0.0322 0.4527 0.0182 0.8909
52.2954 363.2618 1.3822 76.9685 -0.0326 0.4529 0.0193 0.8908
52.3992 364.0931 1.4251 77.5731 -0.0321 0.4527 0.0212 0.8908
52.5029 364.9146 1.4727 78.1610 -0.0322 0.4522 0.0229 0.8910
52.6067 365.7086 1.5478 78.7416 -0.0311 0.4520 0.0261 0.8911
52.7104 366.5224 1.5827 79.3185 -0.0305 0.4515 0.0291 0.8913
52.8142 367.3439 1.6590 79.9282 -0.0311 0.4510 0.0298 0.8915
52.9179 368.1461 1.7063 80.5221 -0.0306 0.4504 0.0318 0.8918
53.0217 368.9160 1.7753 81.0869 -0.0304 0.4495 0.0336 0.8921
53.1254 369.6860 1.8171 81.6664 -0.0312 0.4490 0.0340 0.8924
53.2292 370.4641 1.8775 82.2532 -0.0311 0.4482 0.0342 0.8927
53.3329 371.2239 1.9350 82.8053 -0.0311 0.4471 0.0351 0.8932
53.4365 371.9579 1.9912 83.3731 -0.0320 0.4469 0.0363 0.8933
53.5403 372.6782 2.0636 83.9220 -0.0339 0.4459 0.0366 0.8937
53.6441 373.3889 2.1323 84.4801 -0.0375 0.4459 0.0366 0.8936
53.7478 374.1239 2.1966 85.0618 -0.0407 0.4464 0.0366 0.8932
53.8516 374.8057 2.2643 85.5633 -0.0447 0.4455 0.0329 0.8935
53.9553 375.4620 2.3331 86.1024 -0.0462 0.4462 0.0310 0.8932
54.0590 376.1393 2.4013 86.6266 -0.0473 0.4464 0.0298 0.8931
54.1628 376.7726 2.4733 87.1154 -0.0488 0.4468 0.0262 0.8929
54.2666 377.4078 2.5202 87.5994 -0.0481 0.4469 0.0258 0.8929
54.3702 378.0454 2.5895 88.0976 -0.0478 0.4479 0.0248 0.8925
54.4739 378.6814 2.6675 88.5571 -0.0472 0.4480 0.0259 0.8924
54.5776 379.2475 2.7024 88.9804 -0.0470 0.4481 0.0256 0.8924
54.6813 379.8885 2.7826 89.4723 -0.0475 0.4490 0.0245 0.8919
54.7851 380.4589 2.8323 89.9067 -0.0475 0.4508 0.0247 0.8910
54.8888 380.9760 2.8921 90.3217 -0.0484 0.4528 0.0245 0.8900
54.9927 381.5966 2.9460 90.7606 -0.0492 0.4562 0.0241 0.8882
55.0964 382.1868 3.0186 91.1720 -0.0500 0.4596 0.0221 0.8865
55.2002 382.7747 3.0620 91.5667 -0.0480 0.4631 0.0205 0.8848
55.3040 383.3921 3.1202 91.9972 -0.0469 0.4666 0.0174 0.8830
55.4078 383.9456 3.1680 92.3896 -0.0458 0.4713 0.0157 0.8807
55.5117 384.5426 3.2213 92.7665 -0.0481 0.4762 0.0146 0.8779
55.6154 385.2046 3.3025 93.1599 -0.0510 0.4813 0.0145 0.8749
55.7192 385.8082 3.3581 93.5585 -0.0541 0.4864 0.0150 0.8720
55.8229 386.3992 3.4258 93.9185 -0.0558 0.4910 0.0158 0.8692
55.9267 387.0386 3.4904 94.2616 -0.0565 0.4958 0.0165 0.8665
56.0304 387.6744 3.5472 94.6307 -0.0557 0.5007 0.0169 0.8637
56.1341 388.3136 3.6061 94.9951 -0.0530 0.5047 0.0176 0.8615
56.2378 388.9794 3.6633 95.3172 -0.0501 0.5076 0.0188 0.8600
56.3416 389.6075 3.7283 95.6807 -0.0475 0.5107 0.0209 0.8582
56.4453 390.2780 3.7860 96.0362 -0.0484 0.5133 0.0237 0.8565
56.5491 390.9995 3.8795 96.4012 -0.0530 0.5152 0.0294 0.8549
56.6529 391.6971 3.9657 96.7581 -0.0609 0.5170 0.0325 0.8532
56.7567 392.3958 4.0994 97.1158 -0.0657 0.5192 0.0359 0.8514
56.8604 393.0651 4.1551 97.4852 -0.0682 0.5216 0.0370 0.8497
56.9643 393.7603 4.2501 97.8291 -0.0686 0.5240 0.0357 0.8482
57.0681 394.4790 4.3490 98.1967 -0.0685 0.5268 0.0352 0.8465
57.1719 395.1766 4.4648 98.5300 -0.0684 0.5292 0.0385 0.8449
57.2756 395.9448 4.5867 98.8795 -0.0694 0.5320 0.0416 0.8429
57.3793 396.6670 4.6979 99.2195 -0.0690 0.5348 0.0458 0.8409
57.4831 397.4054 4.7948 99.5613 -0.0691 0.5373 0.0472 0.8392
57.5868 398.1168 4.9066 99.8568 -0.0705 0.5397 0.0455 0.8377
57.6906 398.7615 5.0054 100.1804 -0.0699 0.5419 0.0460 0.8363
57.7943 399.4438 5.1110 100.4832 -0.0674 0.5447 0.0484 0.8345
57.8982 400.1742 5.2212 100.8012 -0.0686 0.5483 0.0476 0.8321
58.0019 400.8948 5.3270 101.0678 -0.0692 0.5528 0.0470 0.8291
58.1058 401.5761 5.4301 101.3410 -0.0682 0.5567 0.0479 0.8265
58.2097 402.3055 5.5347 101.6484 -0.0681 0.5616 0.0484 0.8232
58.3134 403.0299 5.6625 101.9056 -0.0683 0.5658 0.0487 0.8202
58.4173 403.7177 5.7363 102.1619 -0.0669 0.5702 0.0498 0.8172
58.5211 404.3152 5.8306 102.4074 -0.0634 0.5748 0.0501 0.8143
58.6249 405.0221 5.9017 102.6195 -0.0631 0.5804 0.0442 0.8107
58.7287 405.7003 5.9966 102.8288 -0.0616 0.5867 0.0395 0.8065
58.8327 406.3702 6.0906 103.0291 -0.0598 0.5933 0.0372 0.8019
58.9366 407.0882 6.1829 103.1992 -0.0581 0.6012 0.0357 0.7962
59.0404 407.7428 6.2692 103.3901 -0.0556 0.6100 0.0354 0.7897
59.1443 408.4281 6.3547 103.5362 -0.0521 0.6182 0.0343 0.7836
59.2482 409.1216 6.4151 103.6639 -0.0482 0.6264 0.0338 0.7773
59.3521 409.8262 6.4740 103.7871 -0.0449 0.6344 0.0346 0.7709
59.4558 410.5190 6.5403 103.8849 -0.0431 0.6417 0.0356 0.7649
59.5596 411.2449 6.6095 103.9774 -0.0439 0.6491 0.0377 0.7585
59.6633 412.0161 6.7005 104.0817 -0.0470 0.6548 0.0399 0.7532
59.7669 412.7847 6.7906 104.1760 -0.0490 0.6595 0.0436 0.7488
59.8707 413.5074 6.8465 104.2631 -0.0510 0.6631 0.0465 0.7453
59.9743 414.2962 6.9350 104.3506 -0.0530 0.6665 0.0464 0.7422
60.0781 415.0472 7.0212 104.4387 -0.0539 0.6692 0.0473 0.7396
60.1818 415.7992 7.1221 104.5136 -0.0562 0.6721 0.0480 0.7368
60.2856 416.5610 7.2425 104.5832 -0.0578 0.6746 0.0463 0.7345
60.3893 417.3175 7.3172 104.6709 -0.0584 0.6771 0.0387 0.7325
60.4931 418.0263 7.3775 104.7170 -0.0540 0.6788 0.0306 0.7317
60.5968 418.7945 7.4116 104.7884 -0.0509 0.6812 0.0246 0.7299
60.7006 419.5564 7.4933 104.8382 -0.0520 0.6822 0.0229 0.7290
60.8042 420.3594 7.6136 104.9128 -0.0570 0.6820 0.0230 0.7288
60.9080 421.1480 7.7204 104.9586 -0.0584 0.6821 0.0233 0.7285
61.0116 421.9239 7.7561 105.0296 -0.0554 0.6812 0.0180 0.7298
61.1153 422.6360 7.7690 105.0839 -0.0479 0.6798 0.0090 0.7318
61.2189 423.3545 7.7891 105.1705 -0.0436 0.6778 0.0019 0.7340
61.3227 424.1142 7.8483 105.2196 -0.0437 0.6763 0.0011 0.7353
61.4264 424.8968 7.9291 105.3199 -0.0482 0.6752 0.0029 0.7361
61.5302 425.6622 7.9744 105.3726 -0.0508 0.6746 0.0048 0.7365
61.6338 426.3923 8.0058 105.4476 -0.0488 0.6732 0.0058 0.7378
61.7376 427.0878 8.0134 105.5178 -0.0446 0.6724 0.0035 0.7389
61.8413 427.7462 8.0418 105.5879 -0.0414 0.6715 0.0024 0.7399
61.9451 428.4416 8.0802 105.6404 -0.0395 0.6710 0.0029 0.7404
62.0488 429.1475 8.1051 105.7166 -0.0367 0.6711 0.0028 0.7405
62.1526 429.8273 8.1241 105.7822 -0.0348 0.6711 0.0006 0.7406
62.2564 430.4728 8.1468 105.8612 -0.0334 0.6716 -0.0010 0.7402
62.3601 431.1585 8.1545 105.9492 -0.0342 0.6722 -0.0046 0.7396
62.4640 431.8048 8.1685 106.0273 -0.0347 0.6748 -0.0065 0.7372
62.5679 432.4414 8.1848 106.0365 -0.0350 0.6793 -0.0084 0.7330
62.6718 433.0979 8.1973 106.0763 -0.0353 0.6852 -0.0099 0.7275
62.7758 433.7565 8.1954 106.1087 -0.0342 0.6920 -0.0097 0.7210
62.8798 434.3775 8.2148 106.1208 -0.0327 0.6988 -0.0085 0.7145
62.9837 434.9681 8.2130 106.0994 -0.0318 0.7049 -0.0081 0.7086
63.0876 435.5870 8.2108 106.0893 -0.0307 0.7114 -0.0080 0.7021
63.1914 436.1256 8.2110 106.0682 -0.0301 0.7175 -0.0078 0.6959
63.2954 436.6830 8.2181 106.0288 -0.0306 0.7239 -0.0081 0.6892
63.3993 437.2257 8.2285 105.9987 -0.0312 0.7304 -0.0081 0.6822
63.5032 437.7078 8.2274 105.9434 -0.0312 0.7367 -0.0085 0.6754
63.6071 438.1880 8.2283 105.8685 -0.0283 0.7426 -0.0094 0.6690
63.7108 438.5851 8.2041 105.8170 -0.0232 0.7479 -0.0102 0.6633
63.8147 438.9903 8.1928 105.7441 -0.0180 0.7528 -0.0121 0.6579
63.9184 439.3758 8.1781 105.6727 -0.0142 0.7569 -0.0153 0.6532
64.0222 439.7329 8.1821 105.6283 -0.0128 0.7605 -0.0178 0.6490
64.1260 440.0930 8.1769 105.5590 -0.0115 0.7638 -0.0193 0.6451
64.2297 440.4275 8.1651 105.5004 -0.0092 0.7665 -0.0184 0.6419
64.3333 440.7207 8.1510 105.4168 -0.0063 0.7686 -0.0154 0.6395
64.4371 441.0011 8.1257 105.3430 -0.0041 0.7703 -0.0128 0.6375
64.5407 441.2979 8.1191 105.2801 -0.0051 0.7721 -0.0124 0.6354
64.6444 441.5503 8.1030 105.2381 -0.0078 0.7736 -0.0137 0.6335
64.7481 441.7881 8.1121 105.2113 -0.0106 0.7747 -0.0152 0.6321
64.8517 442.0145 8.1122 105.1761 -0.0121 0.7758 -0.0152 0.6307
64.9553 442.1945 8.0968 105.1128 -0.0112 0.7766 -0.0150 0.6297
65.0591 442.3718 8.0810 105.0695 -0.0091 0.7772 -0.0142 0.6291
65.1627 442.5305 8.0665 105.0365 -0.0068 0.7775 -0.0132 0.6287
65.2663 442.6725 8.0568 105.0043 -0.0056 0.7772 -0.0136 0.6290
65.3701 442.8456 8.0528 104.9861 -0.0052 0.7768 -0.0150 0.6295
65.4737 442.9800 8.0601 104.9290 -0.0045 0.7759 -0.0138 0.6307
65.5774 443.1393 8.0471 104.9062 -0.0028 0.7746 -0.0103 0.6324
65.6811 443.2716 8.0587 104.8524 -0.0015 0.7728 -0.0077 0.6346
65.7848 443.4202 8.0324 104.8296 -0.0004 0.7716 -0.0069 0.6361
65.8886 443.5734 8.0293 104.8279 -0.0006 0.7704 -0.0081 0.6375
65.9922 443.7112 8.0213 104.8106 -0.0015 0.7688 -0.0093 0.6394
66.0959 443.8563 8.0210 104.7996 -0.0017 0.7672 -0.0111 0.6413
66.1997 444.0223 8.0064 104.7661 -0.0016 0.7651 -0.0116 0.6438
66.3033 444.1907 8.0016 104.7484 -0.0018 0.7630 -0.0116 0.6462
66.4071 444.3872 7.9974 104.7335 -0.0044 0.7609 -0.0130 0.6487
66.5107 444.6069 8.0087 104.7316 -0.0083 0.7581 -0.0146 0.6520
66.6143 444.8232 8.0187 104.7232 -0.0106 0.7550 -0.0155 0.6554
66.7181 445.0621 8.0052 104.6831 -0.0106 0.7520 -0.0144 0.6590
66.8217 445.3149 7.9906 104.6658 -0.0085 0.7482 -0.0111 0.6633
66.9254 445.5777 7.9681 104.6306 -0.0074 0.7445 -0.0095 0.6675
67.0291 445.8223 7.9864 104.6215 -0.0063 0.7392 -0.0079 0.6734
67.1328 446.0811 7.9529 104.6156 -0.0054 0.7337 -0.0068 0.6794
67.2364 446.3666 7.9676 104.6125 -0.0052 0.7276 -0.0062 0.6859
67.3401 446.6506 7.9580 104.6045 -0.0055 0.7204 -0.0060 0.6935
67.4437 446.9446 7.9547 104.6230 -0.0053 0.7130 -0.0059 0.7012
67.5473 447.2327 7.9418 104.6430 -0.0052 0.7053 -0.0071 0.7089
67.6511 447.5418 7.9438 104.6933 -0.0062 0.6970 -0.0104 0.7169
67.7547 447.8853 7.9374 104.7320 -0.0067 0.6886 -0.0131 0.7250
67.8583 448.2183 7.9511 104.8016 -0.0075 0.6795 -0.0137 0.7336
67.9621 448.5653 7.9215 104.8291 -0.0071 0.6698 -0.0118 0.7424
68.0657 448.9406 7.9166 104.9198 -0.0065 0.6605 -0.0103 0.7508
68.1693 449.3133 7.9088 104.9920 -0.0067 0.6506 -0.0104 0.7594
68.2731 449.6878 7.9039 105.0847 -0.0071 0.6404 -0.0102 0.7679
68.3767 450.0862 7.9073 105.2055 -0.0073 0.6307 -0.0103 0.7760
68.4803 450.5178 7.9001 105.3020 -0.0073 0.6202 -0.0108 0.7844
68.5841 450.9197 7.8924 105.4474 -0.0070 0.6106 -0.0102 0.7918
68.6878 451.3628 7.8828 105.5906 -0.0069 0.6020 -0.0095 0.7984
68.7916 451.8322 7.8780 105.7515 -0.0070 0.5932 -0.0095 0.8049
68.8953 452.3058 7.8667 105.9332 -0.0070 0.5856 -0.0091 0.8105
68.9991 452.7846 7.8728 106.1098 -0.0068 0.5779 -0.0093 0.8160
69.1028 453.2982 7.8721 106.3146 -0.0061 0.5705 -0.0083 0.8213
69.2066 453.8080 7.8620 106.5183 -0.0052 0.5629 -0.0066 0.8265
69.3103 454.3488 7.8552 106.7568 -0.0039 0.5547 -0.0050 0.8320
69.4139 454.8800 7.8418 106.9831 -0.0030 0.5469 -0.0039 0.8372
69.5177 455.4296 7.8366 107.2811 -0.0026 0.5395 -0.0035 0.8420
69.6214 455.9820 7.8321 107.5578 -0.0024 0.5325 -0.0042 0.8464
69.7253 456.5350 7.8242 107.8650 -0.0026 0.5266 -0.0047 0.8501
69.8291 457.1287 7.8165 108.1763 -0.0031 0.5208 -0.0044 0.8537
69.9328 457.7088 7.8062 108.4955 -0.0037 0.5161 -0.0041 0.8565
70.0367 458.3033 7.8120 108.8333 -0.0052 0.5123 -0.0036 0.8588
70.1406 458.9327 7.8049 109.1768 -0.0062 0.5091 -0.0030 0.8607
70.2443 459.5353 7.7962 109.5489 -0.0065 0.5067 -0.0032 0.8621
70.3482 460.1623 7.7929 109.9070 -0.0070 0.5049 -0.0037 0.8631
70.4519 460.8146 7.7925 110.2574 -0.0075 0.5035 -0.0040 0.8640
70.5558 461.5003 7.7902 110.6665 -0.0076 0.5022 -0.0048 0.8647
70.6596 462.1675 7.7904 111.0488 -0.0071 0.5007 -0.0041 0.8656
70.7633 462.8394 7.7810 111.4607 -0.0062 0.4993 -0.0039 0.8664
70.8672 463.5730 7.7751 111.8751 -0.0054 0.4981 -0.0040 0.8671
70.9708 464.2741 7.7727 112.2913 -0.0048 0.4971 -0.0044 0.8677
71.0747 464.9742 7.7672 112.7066 -0.0041 0.4958 -0.0044 0.8684
71.1784 465.7028 7.7489 113.1415 -0.0031 0.4949 -0.0036 0.8689
71.2822 466.4473 7.7344 113.5937 -0.0020 0.4938 -0.0022 0.8696
71.3859 467.1886 7.7322 114.0447 -0.0015 0.4929 -0.0019 0.8701
71.4896 467.9076 7.7252 114.4695 -0.0008 0.4922 -0.0028 0.8705
71.5933 468.6881 7.6974 114.9298 0.0004 0.4919 -0.0035 0.8707
71.6972 469.4432 7.6844 115.4155 0.0019 0.4917 -0.0042 0.8708
71.8010 470.2402 7.6699 115.8857 0.0010 0.4915 -0.0046 0.8709
71.9047 471.0320 7.6539 116.4008 -0.0001 0.4915 -0.0040 0.8709
72.0085 471.8459 7.6465 116.8609 -0.0010 0.4910 -0.0032 0.8711
72.1122 472.6598 7.6244 117.3578 -0.0004 0.4909 -0.0030 0.8712
72.2160 473.4833 7.6075 117.8644 0.0005 0.4907 -0.0023 0.8713
72.3197 474.3116 7.5870 118.3723 0.0012 0.4904 -0.0012 0.8715
72.4235 475.1397 7.5690 118.8733 0.0013 0.4900 -0.0005 0.8717
72.5272 475.9799 7.5587 119.4051 0.0017 0.4897 0.0000 0.8719
72.6309 476.8437 7.5439 119.9278 0.0019 0.4893 0.0004 0.8721
72.7347 477.7251 7.5145 120.4624 0.0018 0.4891 -0.0001 0.8722
72.8385 478.6011 7.4976 121.0128 0.0021 0.4887 -0.0006 0.8724
72.9422 479.4764 7.4863 121.5636 0.0018 0.4884 -0.0011 0.8726
73.0460 480.3793 7.4478 122.1173 0.0013 0.4886 -0.0002 0.8725
73.1497 481.2609 7.4556 122.6690 0.0002 0.4892 -0.0022 0.8721
73.2535 482.1614 7.4294 123.2368 0.0000 0.4903 -0.0037 0.8715
73.3572 483.0864 7.4058 123.8273 0.0006 0.4923 -0.0051 0.8704
73.4611 484.0025 7.3696 124.3715 0.0000 0.4953 -0.0076 0.8687
73.5649 484.9510 7.3512 124.9329 -0.0003 0.4996 -0.0108 0.8662
73.6688 485.8663 7.3247 125.4766 -0.0008 0.5055 -0.0131 0.8627
73.7727 486.8157 7.2959 126.0269 -0.0015 0.5120 -0.0147 0.8588
73.8767 487.8153 7.2571 126.5303 -0.0030 0.5194 -0.0153 0.8544
73.9806 488.7943 7.2340 127.0329 -0.0049 0.5268 -0.0150 0.8498
74.0845 489.7625 7.2087 127.5064 -0.0060 0.5342 -0.0158 0.8452
74.1885 490.7929 7.1676 127.9661 -0.0050 0.5424 -0.0167 0.8399
74.2923 491.7772 7.1429 128.4205 -0.0039 0.5505 -0.0185 0.8346
74.3962 492.7923 7.1096 128.8667 -0.0036 0.5592 -0.0190 0.8288
74.5001 493.8148 7.0785 129.2502 -0.0046 0.5681 -0.0190 0.8228
74.6038 494.8696 7.0419 129.6154 -0.0047 0.5779 -0.0184 0.8159
74.7078 495.9344 6.9948 129.9832 -0.0036 0.5882 -0.0194 0.8085
74.8117 496.9614 6.9697 130.2845 -0.0026 0.5987 -0.0229 0.8006
74.9155 498.0528 6.8893 130.6022 -0.0006 0.6100 -0.0243 0.7921
75.0193 499.1250 6.8731 130.8685 -0.0012 0.6210 -0.0288 0.7833
75.1233 500.1825 6.7843 131.0998 0.0012 0.6329 -0.0286 0.7737
75.2271 501.3218 6.7400 131.3117 0.0005 0.6449 -0.0314 0.7637
75.3310 502.4023 6.6698 131.4633 0.0026 0.6560 -0.0318 0.7541
75.4348 503.4915 6.5880 131.5875 0.0056 0.6667 -0.0328 0.7446
75.5386 504.5873 6.5108 131.6970 0.0080 0.6762 -0.0330 0.7360
75.6422 505.7269 6.4196 131.7741 0.0095 0.6852 -0.0325 0.7276
75.7459 506.8481 6.3353 131.8283 0.0103 0.6937 -0.0322 0.7195
75.8496 507.9652 6.2580 131.8469 0.0109 0.7013 -0.0334 0.7120
75.9533 509.0816 6.1694 131.8608 0.0116 0.7093 -0.0347 0.7040
76.0570 510.1933 6.0794 131.8404 0.0125 0.7170 -0.0343 0.6962
76.1606 511.3295 5.9840 131.7696 0.0130 0.7227 -0.0320 0.6903
76.2642 512.4691 5.8917 131.7104 0.0143 0.7275 -0.0298 0.6853
76.3677 513.5952 5.7928 131.6176 0.0169 0.7307 -0.0285 0.6819
76.4713 514.7193 5.6990 131.5213 0.0188 0.7327 -0.0289 0.6797
76.5750 515.8508 5.6064 131.4544 0.0189 0.7343 -0.0292 0.6779
76.6786 516.9676 5.5215 131.3811 0.0190 0.7353 -0.0293 0.6769
76.7822 518.1008 5.4184 131.2879 0.0193 0.7365 -0.0301 0.6755
76.8859 519.2503 5.3208 131.1953 0.0208 0.7379 -0.0310 0.6739
76.9896 520.3991 5.2174 131.0741 0.0218 0.7387 -0.0314 0.6729
77.0932 521.5655 5.1083 130.9697 0.0220 0.7399 -0.0309 0.6716
77.1970 522.7488 5.0106 130.8479 0.0211 0.7409 -0.0297 0.6707
77.3006 523.9555 4.9139 130.7596 0.0201 0.7416 -0.0285 0.6699
77.4042 525.1483 4.8159 130.6470 0.0196 0.7422 -0.0295 0.6693
77.5078 526.3309 4.7179 130.5339 0.0206 0.7425 -0.0313 0.6688
77.6116 527.5935 4.6003 130.4103 0.0214 0.7422 -0.0329 0.6690
77.7152 528.7470 4.5016 130.2871 0.0222 0.7422 -0.0318 0.6691
77.8190 530.0012 4.3828 130.1558 0.0217 0.7419 -0.0322 0.6694
77.9227 531.2340 4.2683 130.0656 0.0214 0.7421 -0.0326 0.6692
78.0263 532.4879 4.1595 129.9326 0.0206 0.7425 -0.0339 0.6687
78.1301 533.7552 4.0450 129.8039 0.0205 0.7430 -0.0333 0.6682
78.2338 535.0190 3.9301 129.6819 0.0201 0.7438 -0.0335 0.6673
78.3375 536.2805 3.8149 129.5615 0.0206 0.7447 -0.0332 0.6662
78.4412 537.5305 3.6959 129.4215 0.0205 0.7453 -0.0336 0.6656
78.5448 538.8376 3.5867 129.2913 0.0204 0.7465 -0.0334 0.6642
78.6486 540.1223 3.4631 129.1453 0.0204 0.7475 -0.0333 0.6631
78.7523 541.4098 3.3521 128.9896 0.0194 0.7486 -0.0337 0.6619
78.8560 542.6892 3.2331 128.8492 0.0191 0.7500 -0.0332 0.6603
78.9597 544.0121 3.1124 128.6835 0.0186 0.7510 -0.0334 0.6592
79.0633 545.3254 3.0014 128.5269 0.0184 0.7521 -0.0341 0.6579
79.1671 546.6807 2.8766 128.3442 0.0184 0.7530 -0.0341 0.6568
79.2708 547.9996 2.7671 128.1528 0.0188 0.7539 -0.0339 0.6559
79.3745 549.3309 2.6472 127.9926 0.0187 0.7547 -0.0347 0.6549
79.4782 550.7033 2.5184 127.7858 0.0192 0.7556 -0.0348 0.6538
79.5820 552.0689 2.3990 127.6131 0.0193 0.7567 -0.0348 0.6525
79.6857 553.4457 2.2711 127.4256 0.0191 0.7581 -0.0348 0.6510
79.7895 554.7715 2.1382 127.2090 0.0188 0.7593 -0.0349 0.6495
79.8932 556.1806 2.0145 126.9972 0.0191 0.7606 -0.0344 0.6480
79.9970 557.5722 1.8873 126.7909 0.0194 0.7618 -0.0343 0.6466
80.1006 558.9462 1.7655 126.5592 0.0196 0.7626 -0.0345 0.6456
80.2043 560.3919 1.6263 126.3416 0.0206 0.7633 -0.0342 0.6448
80.3080 561.7804 1.4977 126.0813 0.0207 0.7636 -0.0342 0.6445
80.4117 563.2173 1.3630 125.8531 0.0208 0.7644 -0.0340 0.6436
80.5153 564.6497 1.2342 125.6076 0.0211 0.7649 -0.0339 0.6430
80.6191 566.0797 1.0949 125.3666 0.0219 0.7652 -0.0337 0.6425
80.7227 567.5105 0.9635 125.1273 0.0221 0.7657 -0.0337 0.6419
80.8264 568.9388 0.8350 124.8722 0.0227 0.7659 -0.0324 0.6418
80.9301 570.4353 0.6933 124.6111 0.0221 0.7661 -0.0331 0.6415
81.0338 571.8580 0.5612 124.3786 0.0219 0.7665 -0.0333 0.6410
81.1375 573.3106 0.4303 124.1232 0.0209 0.7669 -0.0328 0.6406
81.2412 574.7924 0.2976 123.8702 0.0212 0.7674 -0.0316 0.6401
81.3449 576.2579 0.1541 123.6097 0.0214 0.7676 -0.0313 0.6398
81.4486 577.7144 0.0235 123.3387 0.0212 0.7676 -0.0323 0.6397
81.5523 579.1899 -0.1099 123.0930 0.0226 0.7676 -0.0314 0.6398
81.6561 580.6688 -0.2518 122.8226 0.0222 0.7678 -0.0320 0.6395
81.7597 582.1450 -0.3896 122.5589 0.0229 0.7676 -0.0313 0.6397
81.8635 583.6094 -0.5256 122.3129 0.0226 0.7677 -0.0319 0.6396
81.9671 585.0654 -0.6654 122.0446 0.0235 0.7675 -0.0322 0.6398
82.0708 586.5426 -0.8117 121.7756 0.0240 0.7673 -0.0322 0.6401
82.1745 588.0271 -0.9643 121.5069 0.0244 0.7668 -0.0319 0.6407
82.2782 589.5402 -1.1127 121.2427 0.0251 0.7663 -0.0303 0.6413
82.3820 591.0495 -1.2543 120.9783 0.0248 0.7655 -0.0300 0.6422
82.4857 592.5136 -1.4026 120.7436 0.0238 0.7655 -0.0304 0.6423
82.5894 593.9829 -1.5412 120.4774 0.0245 0.7650 -0.0295 0.6428
82.6931 595.4538 -1.6783 120.2338 0.0249 0.7647 -0.0298 0.6432
82.7969 596.9371 -1.8232 119.9826 0.0247 0.7645 -0.0299 0.6434
82.9006 598.4226 -1.9667 119.7355 0.0248 0.7643 -0.0297 0.6437
83.0042 599.8758 -2.1150 119.4966 0.0242 0.7641 -0.0303 0.6439
83.1078 601.3985 -2.2494 119.2400 0.0236 0.7639 -0.0306 0.6442
83.2116 602.9075 -2.3934 118.9935 0.0237 0.7640 -0.0299 0.6441
83.3152 604.3801 -2.5316 118.7426 0.0234 0.7640 -0.0292 0.6441
83.4190 605.8090 -2.6700 118.4890 0.0256 0.7636 -0.0266 0.6446
83.5226 607.2855 -2.7999 118.2514 0.0276 0.7632 -0.0260 0.6450
83.6262 608.7638 -2.9510 118.0051 0.0279 0.7630 -0.0271 0.6452
83.7300 610.2357 -3.0876 117.7604 0.0271 0.7629 -0.0283 0.6453
83.8336 611.7279 -3.2276 117.5287 0.0261 0.7625 -0.0282 0.6458
83.9373 613.1822 -3.3667 117.2956 0.0256 0.7624 -0.0286 0.6459
84.0410 614.6624 -3.5042 117.0476 0.0248 0.7621 -0.0294 0.6464
84.1447 616.1274 -3.6387 116.8171 0.0242 0.7619 -0.0302 0.6465
84.2484 617.6048 -3.7859 116.5874 0.0234 0.7617 -0.0306 0.6468
84.3521 619.0927 -3.9207 116.3645 0.0231 0.7617 -0.0301 0.6468
84.4557 620.5755 -4.0707 116.1323 0.0238 0.7618 -0.0296 0.6467
84.5594 622.0433 -4.1990 115.8869 0.0241 0.7618 -0.0298 0.6467
84.6630 623.5155 -4.3511 115.6395 0.0244 0.7616 -0.0293 0.6469
84.7667 624.9896 -4.4798 115.4228 0.0248 0.7615 -0.0283 0.6470
84.8703 626.4520 -4.6212 115.1818 0.0254 0.7610 -0.0284 0.6477
84.9740 627.9047 -4.7707 114.9488 0.0256 0.7605 -0.0305 0.6482
85.0777 629.3453 -4.9112 114.7285 0.0242 0.7603 -0.0312 0.6484
85.1813 630.8169 -5.0582 114.5070 0.0226 0.7600 -0.0317 0.6488
85.2851 632.2670 -5.2021 114.2904 0.0220 0.7599 -0.0312 0.6490
85.3887 633.6989 -5.3432 114.0660 0.0218 0.7597 -0.0297 0.6492
85.4925 635.1253 -5.4787 113.8417 0.0219 0.7596 -0.0287 0.6494
85.5961 636.5185 -5.6039 113.6435 0.0222 0.7598 -0.0288 0.6492
85.6997 637.8882 -5.7430 113.4401 0.0219 0.7600 -0.0292 0.6489
85.8034 639.2668 -5.8687 113.2250 0.0217 0.7604 -0.0292 0.6485
85.9071 640.6554 -6.0031 113.0055 0.0211 0.7605 -0.0296 0.6483
86.0108 642.0328 -6.1408 112.7903 0.0207 0.7605 -0.0298 0.6483
86.1145 643.3679 -6.2702 112.5921 0.0204 0.7608 -0.0296 0.6480
86.2182 644.6479 -6.3837 112.3936 0.0192 0.7611 -0.0285 0.6477
86.3218 646.0063 -6.5133 112.1763 0.0181 0.7615 -0.0277 0.6474
86.4256 647.2385 -6.6229 112.0029 0.0184 0.7618 -0.0278 0.6469
86.5292 648.4746 -6.7495 111.8120 0.0205 0.7618 -0.0291 0.6469
86.6330 649.6783 -6.8733 111.6158 0.0203 0.7621 -0.0296 0.6465
86.7367 650.8716 -6.9881 111.4246 0.0201 0.7619 -0.0286 0.6468
86.8403 652.0265 -7.0952 111.2440 0.0197 0.7615 -0.0275 0.6473
86.9441 653.0978 -7.2068 111.0778 0.0195 0.7609 -0.0272 0.6480
87.0477 654.1979 -7.3130 110.8973 0.0182 0.7605 -0.0275 0.6485
87.1514 655.2226 -7.4120 110.7375 0.0179 0.7597 -0.0264 0.6495
87.2550 656.2728 -7.5091 110.5965 0.0172 0.7592 -0.0246 0.6502
87.3587 657.2266 -7.5848 110.4663 0.0159 0.7588 -0.0245 0.6506
87.4625 658.1609 -7.6883 110.3202 0.0164 0.7586 -0.0245 0.6509
87.5662 659.0528 -7.7598 110.2017 0.0169 0.7584 -0.0251 0.6511
87.6699 659.8816 -7.8348 110.0781 0.0172 0.7583 -0.0252 0.6512
87.7736 660.6922 -7.9176 109.9659 0.0165 0.7583 -0.0258 0.6511
87.8773 661.4729 -7.9782 109.8388 0.0152 0.7592 -0.0273 0.6501
87.9812 662.1836 -8.0474 109.7424 0.0140 0.7620 -0.0286 0.6468
88.0852 662.8698 -8.1117 109.6414 0.0131 0.7674 -0.0299 0.6403
88.1892 663.5001 -8.1693 109.5094 0.0121 0.7748 -0.0314 0.6313
88.2933 664.0969 -8.2293 109.3529 0.0118 0.7837 -0.0326 0.6201
88.3975 664.7123 -8.2816 109.1911 0.0130 0.7941 -0.0335 0.6067
88.5016 665.2835 -8.3599 108.9801 0.0148 0.8056 -0.0335 0.5913
88.6058 665.8425 -8.4000 108.7797 0.0157 0.8186 -0.0335 0.5732
88.7101 666.3727 -8.4644 108.5156 0.0157 0.8328 -0.0331 0.5524
88.8143 666.8728 -8.5197 108.2416 0.0150 0.8472 -0.0325 0.5301
88.9186 667.3757 -8.5636 107.9271 0.0151 0.8615 -0.0318 0.5066
89.0228 667.8152 -8.6141 107.6257 0.0157 0.8763 -0.0319 0.4804
89.1271 668.2512 -8.6896 107.2492 0.0166 0.8909 -0.0324 0.4528
89.2313 668.6364 -8.7281 106.8891 0.0171 0.9051 -0.0342 0.4234
89.3356 669.0109 -8.7781 106.5013 0.0179 0.9183 -0.0362 0.3937
89.4396 669.3158 -8.8240 106.0926 0.0217 0.9306 -0.0366 0.3634
89.5437 669.5870 -8.9007 105.6736 0.0260 0.9419 -0.0359 0.3330
89.6478 669.8759 -8.9457 105.2006 0.0266 0.9521 -0.0354 0.3025
89.7518 670.1013 -8.9829 104.7779 0.0261 0.9615 -0.0352 0.2713
89.8558 670.2856 -9.0159 104.2909 0.0267 0.9697 -0.0347 0.2402
89.9597 670.4738 -9.0860 103.8204 0.0297 0.9770 -0.0340 0.2086
90.0637 670.6183 -9.1276 103.3274 0.0328 0.9830 -0.0350 0.1771
90.1676 670.7417 -9.1814 102.8007 0.0340 0.9882 -0.0381 0.1445
90.2715 670.8055 -9.2189 102.3111 0.0342 0.9923 -0.0414 0.1120
90.3755 670.8583 -9.2608 101.7519 0.0346 0.9954 -0.0429 0.0787
90.4793 670.8765 -9.3102 101.2308 0.0346 0.9974 -0.0424 0.0465
90.5831 670.8341 -9.3607 100.6842 0.0352 0.9984 -0.0415 0.0134
90.6870 670.7963 -9.4165 100.0814 0.0356 0.9982 -0.0427 -0.0204
90.7908 670.6764 -9.4538 99.5541 0.0360 0.9969 -0.0445 -0.0543
90.8946 670.5680 -9.5147 98.9837 0.0361 0.9944 -0.0470 -0.0877
90.9985 670.3969 -9.5642 98.4365 0.0357 0.9908 -0.0494 -0.1209
91.1021 670.1738 -9.6077 97.8657 0.0360 0.9862 -0.0510 -0.1535
91.2058 669.9053 -9.6669 97.2743 0.0374 0.9808 -0.0510 -0.1845
91.3095 669.6141 -9.7260 96.7278 0.0379 0.9748 -0.0516 -0.2135
91.4130 669.2902 -9.7871 96.1557 0.0388 0.9686 -0.0524 -0.2401
91.5166 668.9184 -9.8447 95.6081 0.0394 0.9623 -0.0535 -0.2638
91.6202 668.5382 -9.8973 95.0704 0.0398 0.9562 -0.0552 -0.2847
91.7237 668.1150 -9.9457 94.4884 0.0406 0.9506 -0.0558 -0.3028
91.8272 667.6846 -10.0127 93.9691 0.0413 0.9458 -0.0550 -0.3174
91.9306 667.2353 -10.0720 93.4085 0.0415 0.9417 -0.0526 -0.3298
92.0341 666.7478 -10.1310 92.8489 0.0400 0.9381 -0.0498 -0.3404
92.1377 666.2491 -10.1922 92.2675 0.0384 0.9347 -0.0481 -0.3499
92.2412 665.7456 -10.2506 91.7024 0.0371 0.9313 -0.0458 -0.3595
92.3449 665.2303 -10.3172 91.1506 0.0359 0.9277 -0.0432 -0.3690
92.4486 664.6748 -10.3509 90.5713 0.0320 0.9239 -0.0398 -0.3791
92.5522 664.1197 -10.4027 90.0194 0.0291 0.9201 -0.0361 -0.3890
92.6560 663.5532 -10.4490 89.4870 0.0277 0.9157 -0.0327 -0.3995
92.7597 662.9458 -10.4913 88.9133 0.0259 0.9110 -0.0277 -0.4106
92.8635 662.3424 -10.5318 88.3979 0.0225 0.9060 -0.0231 -0.4220
92.9672 661.7098 -10.5393 87.8837 0.0203 0.9007 -0.0200 -0.4336
93.0710 661.0328 -10.5857 87.3902 0.0185 0.8949 -0.0180 -0.4456
93.1747 660.3909 -10.6144 86.9159 0.0193 0.8887 -0.0169 -0.4578
93.2785 659.6906 -10.6266 86.4483 0.0206 0.8825 -0.0142 -0.4697
93.3821 658.9681 -10.6412 85.9996 0.0222 0.8764 -0.0127 -0.4808
93.4858 658.2652 -10.6543 85.5720 0.0246 0.8711 -0.0111 -0.4904
93.5895 657.5232 -10.6627 85.1639 0.0263 0.8668 -0.0096 -0.4979
93.6931 656.7656 -10.6701 84.7296 0.0263 0.8638 -0.0076 -0.5031
93.7967 656.0231 -10.6769 84.3139 0.0272 0.8620 -0.0051 -0.5061
93.9004 655.2850 -10.6742 83.8783 0.0271 0.8609 -0.0019 -0.5080
94.0040 654.5297 -10.6489 83.4412 0.0251 0.8608 0.0014 -0.5084
94.1076 653.7398 -10.6414 83.0061 0.0225 0.8611 0.0022 -0.5079
94.2113 652.9708 -10.6488 82.5470 0.0191 0.8616 0.0008 -0.5073
94.3150 652.1696 -10.6622 82.0978 0.0156 0.8629 -0.0012 -0.5052
94.4186 651.3867 -10.6546 81.6309 0.0140 0.8643 -0.0037 -0.5028
94.5222 650.5595 -10.6631 81.1239 0.0150 0.8655 -0.0052 -0.5007
94.6260 649.7523 -10.6483 80.6515 0.0160 0.8672 -0.0053 -0.4977
94.7297 648.9310 -10.6567 80.1460 0.0152 0.8683 -0.0054 -0.4958
94.8335 648.1501 -10.6763 79.6705 0.0126 0.8688 -0.0063 -0.4950
94.9372 647.3488 -10.7151 79.1934 0.0079 0.8687 -0.0067 -0.4952
95.0410 646.4941 -10.7164 78.6651 0.0077 0.8689 -0.0070 -0.4948
95.1447 645.6253 -10.7290 78.1521 0.0093 0.8692 -0.0077 -0.4943
95.2484 644.7672 -10.7389 77.6259 0.0099 0.8696 -0.0073 -0.4936
95.3521 643.8903 -10.7597 77.1088 0.0120 0.8699 -0.0063 -0.4931
95.4559 643.0185 -10.7648 76.5648 0.0149 0.8707 -0.0058 -0.4916
95.5595 642.1694 -10.7836 76.0364 0.0149 0.8714 -0.0055 -0.4903
95.6631 641.3028 -10.8036 75.4853 0.0159 0.8725 -0.0060 -0.4882
95.7669 640.4327 -10.8102 74.9264 0.0156 0.8734 -0.0057 -0.4867
95.8705 639.5879 -10.8288 74.4187 0.0169 0.8744 -0.0057 -0.4848
95.9742 638.7497 -10.8589 73.8927 0.0167 0.8756 -0.0057 -0.4827
96.0779 637.9300 -10.8619 73.3548 0.0154 0.8768 -0.0064 -0.4806
96.1816 637.0953 -10.8771 72.7924 0.0143 0.8774 -0.0063 -0.4796
96.2853 636.2236 -10.8929 72.2468 0.0153 0.8779 -0.0057 -0.4785
96.3891 635.4045 -10.8983 71.6873 0.0150 0.8782 -0.0048 -0.4781
96.4929 634.5751 -10.9081 71.1391 0.0156 0.8786 -0.0060 -0.4772
96.5966 633.7677 -10.9574 70.6148 0.0145 0.8789 -0.0065 -0.4767
96.7004 632.9478 -10.9504 70.0640 0.0157 0.8789 -0.0066 -0.4767
96.8040 632.1364 -10.9673 69.5314 0.0156 0.8788 -0.0046 -0.4769
96.9077 631.3273 -11.0008 69.0102 0.0142 0.8789 -0.0033 -0.4769
97.0115 630.5379 -11.0006 68.4890 0.0141 0.8790 -0.0043 -0.4765
97.1151 629.7478 -11.0345 67.9789 0.0142 0.8793 -0.0049 -0.4761
97.2189 628.9989 -11.0503 67.4710 0.0142 0.8797 -0.0045 -0.4753
97.3225 628.1937 -11.0656 66.9475 0.0146 0.8801 -0.0051 -0.4746
97.4262 627.4487 -11.0880 66.4383 0.0140 0.8807 -0.0056 -0.4735
97.5300 626.7164 -11.0939 65.9425 0.0140 0.8813 -0.0047 -0.4723
97.6337 625.9895 -11.1195 65.4202 0.0148 0.8820 -0.0038 -0.4710
97.7375 625.2639 -11.1328 64.9343 0.0154 0.8828 -0.0039 -0.4696
97.8412 624.5646 -11.1434 64.4470 0.0137 0.8834 -0.0049 -0.4684
97.9451 623.8917 -11.1532 63.9502 0.0132 0.8839 -0.0051 -0.4674
98.0487 623.2038 -11.1848 63.4724 0.0124 0.8844 -0.0045 -0.4666
98.1525 622.5631 -11.1954 63.0408 0.0134 0.8847 -0.0048 -0.4660
98.2562 621.9160 -11.2133 62.6006 0.0113 0.8848 -0.0039 -0.4659
98.3600 621.3073 -11.2216 62.1462 0.0112 0.8850 -0.0041 -0.4654
98.4637 620.7025 -11.2469 61.7206 0.0123 0.8854 -0.0033 -0.4646
98.5675 620.1013 -11.2589 61.3245 0.0131 0.8857 -0.0023 -0.4640
98.6712 619.5696 -11.2678 60.9315 0.0135 0.8863 -0.0010 -0.4629
98.7749 619.0380 -11.2779 60.5568 0.0140 0.8867 -0.0001 -0.4622
98.8786 618.5370 -11.2879 60.1924 0.0136 0.8872 0.0003 -0.4611
98.9823 618.0783 -11.2919 59.8551 0.0138 0.8878 0.0002 -0.4600
99.0861 617.6258 -11.3117 59.5231 0.0134 0.8880 -0.0007 -0.4596
99.1897 617.1735 -11.3275 59.2180 0.0134 0.8884 -0.0014 -0.4589
99.2935 616.7823 -11.3343 58.9396 0.0141 0.8886 -0.0016 -0.4584
99.3972 616.4068 -11.3428 58.6514 0.0141 0.8888 -0.0027 -0.4580
99.5008 616.0547 -11.3518 58.3855 0.0132 0.8888 -0.0030 -0.4581
99.6046 615.7209 -11.3558 58.1356 0.0128 0.8888 -0.0024 -0.4581
99.7083 615.4378 -11.3643 57.9251 0.0134 0.8892 -0.0023 -0.4573
99.8120 615.1597 -11.3756 57.7264 0.0154 0.8894 -0.0031 -0.4568
99.9157 614.8922 -11.3741 57.5516 0.0150 0.8893 -0.0033 -0.4570
100.0193 614.6576 -11.3816 57.3620 0.0149 0.8895 -0.0041 -0.4566
100.1231 614.4398 -11.3882 57.2025 0.0146 0.8899 -0.0041 -0.4558
100.2267 614.2571 -11.3976 57.0535 0.0155 0.8900 -0.0038 -0.4557
100.3305 614.0639 -11.4008 56.9281 0.0159 0.8899 -0.0042 -0.4558
100.4341 613.8840 -11.4104 56.7997 0.0151 0.8900 -0.0051 -0.4556
100.5379 613.6877 -11.4140 56.6745 0.0141 0.8900 -0.0066 -0.4558
100.6415 613.5217 -11.4227 56.5286 0.0144 0.8900 -0.0071 -0.4557
100.7452 613.3645 -11.4331 56.4167 0.0151 0.8900 -0.0076 -0.4556
100.8489 613.2050 -11.4299 56.3046 0.0158 0.8901 -0.0076 -0.4554
100.9526 613.0446 -11.4328 56.1858 0.0155 0.8901 -0.0073 -0.4555
101.0562 612.8611 -11.4355 56.0568 0.0149 0.8899 -0.0075 -0.4558
101.1600 612.7020 -11.4343 55.9391 0.0140 0.8900 -0.0076 -0.4556
101.2636 612.5387 -11.4359 55.8166 0.0136 0.8901 -0.0076 -0.4555
101.3674 612.3859 -11.4468 55.7098 0.0143 0.8901 -0.0074 -0.4554
101.4710 612.1995 -11.4555 55.5729 0.0147 0.8899 -0.0072 -0.4558
101.5747 612.0471 -11.4554 55.4524 0.0148 0.8901 -0.0070 -0.4555
101.6784 611.8950 -11.4614 55.3481 0.0155 0.8902 -0.0072 -0.4553
101.7821 611.7262 -11.4646 55.2229 0.0151 0.8902 -0.0075 -0.4553
101.8859 611.5874 -11.4667 55.1116 0.0147 0.8901 -0.0074 -0.4554
101.9896 611.4658 -11.4686 55.0254 0.0152 0.8902 -0.0076 -0.4553
102.0932 611.2990 -11.4839 54.9140 0.0155 0.8901 -0.0073 -0.4554
102.1970 611.1690 -11.4787 54.8197 0.0161 0.8900 -0.0074 -0.4555
102.3007 611.0102 -11.4816 54.7087 0.0157 0.8900 -0.0073 -0.4556
102.4045 610.9224 -11.4890 54.6277 0.0151 0.8901 -0.0076 -0.4555
102.5083 610.8039 -11.4914 54.5332 0.0144 0.8902 -0.0076 -0.4553
102.6119 610.6915 -11.4886 54.4604 0.0151 0.8901 -0.0081 -0.4555
102.7156 610.5727 -11.5010 54.3811 0.0161 0.8900 -0.0085 -0.4556
102.8194 610.4408 -11.5059 54.2867 0.0165 0.8900 -0.0085 -0.4556
102.9230 610.3455 -11.4989 54.2238 0.0157 0.8901 -0.0076 -0.4555
103.0267 610.2395 -11.5082 54.1235 0.0147 0.8902 -0.0061 -0.4553
103.1305 610.1240 -11.5161 54.0448 0.0137 0.8901 -0.0058 -0.4556
103.2341 610.0247 -11.5224 53.9672 0.0135 0.8901 -0.0062 -0.4556
103.3379 609.9191 -11.5240 53.8986 0.0134 0.8901 -0.0068 -0.4556
103.4415 609.8348 -11.5242 53.8350 0.0135 0.8901 -0.0071 -0.4555
103.5452 609.7059 -11.5248 53.7409 0.0133 0.8901 -0.0073 -0.4554
103.6490 609.5908 -11.5246 53.6547 0.0131 0.8902 -0.0074 -0.4552
103.7526 609.4717 -11.5295 53.5692 0.0128 0.8904 -0.0079 -0.4550
103.8564 609.3463 -11.5337 53.4843 0.0125 0.8905 -0.0095 -0.4546
103.9601 609.1800 -11.5336 53.3611 0.0121 0.8907 -0.0112 -0.4543
104.0637 609.0294 -11.5383 53.2596 0.0119 0.8910 -0.0124 -0.4538
104.1674 608.8628 -11.5502 53.1147 0.0113 0.8917 -0.0134 -0.4522
104.2710 608.6516 -11.5620 52.9410 0.0110 0.8928 -0.0141 -0.4502
104.3746 608.4280 -11.5630 52.7673 0.0112 0.8939 -0.0147 -0.4480
104.4782 608.1838 -11.5737 52.5751 0.0120 0.8952 -0.0161 -0.4452
104.5820 607.8906 -11.5791 52.3599 0.0117 0.8967 -0.0176 -0.4422
104.6857 607.6241 -11.5796 52.1085 0.0112 0.8986 -0.0179 -0.4382
104.7894 607.3106 -11.5946 51.8618 0.0116 0.9008 -0.0182 -0.4337
104.8930 606.9947 -11.6082 51.6196 0.0130 0.9028 -0.0188 -0.4294
104.9967 606.6733 -11.6276 51.3498 0.0137 0.9050 -0.0182 -0.4249
105.1005 606.3410 -11.6442 51.0351 0.0151 0.9071 -0.0174 -0.4203
105.2041 605.9782 -11.6555 50.7060 0.0136 0.9095 -0.0182 -0.4150
105.3077 605.6141 -11.6765 50.3663 0.0126 0.9117 -0.0183 -0.4103
105.4115 605.2260 -11.6838 50.0008 0.0156 0.9135 -0.0176 -0.4062
105.5153 604.8101 -11.7062 49.6398 0.0174 0.9154 -0.0159 -0.4019
105.6189 604.4189 -11.7126 49.2479 0.0178 0.9172 -0.0149 -0.3977
105.7226 603.9930 -11.7344 48.8149 0.0160 0.9187 -0.0125 -0.3945
105.8265 603.5799 -11.7331 48.3908 0.0167 0.9199 -0.0104 -0.3916
105.9302 603.1581 -11.7548 47.9689 0.0140 0.9209 -0.0091 -0.3895
106.0341 602.6842 -11.7670 47.4923 0.0131 0.9213 -0.0082 -0.3885
106.1379 602.1876 -11.7688 47.0001 0.0115 0.9215 -0.0068 -0.3880
106.2417 601.7156 -11.7803 46.5229 0.0119 0.9222 -0.0070 -0.3864
106.3455 601.2148 -11.7742 46.0334 0.0119 0.9224 -0.0067 -0.3860
106.4492 600.6846 -11.8073 45.5061 0.0126 0.9226 -0.0072 -0.3854
106.5530 600.1771 -11.8248 44.9841 0.0078 0.9232 -0.0089 -0.3842
106.6568 599.6759 -11.8325 44.4379 0.0044 0.9235 -0.0105 -0.3835
106.7605 599.1380 -11.8505 43.8955 0.0021 0.9239 -0.0118 -0.3826
106.8642 598.6042 -11.8830 43.3680 0.0056 0.9240 -0.0133 -0.3822
106.9680 598.0140 -11.9091 42.7608 0.0053 0.9244 -0.0116 -0.3813
107.0718 597.4433 -11.9307 42.1466 0.0055 0.9245 -0.0109 -0.3809
107.1755 596.8444 -11.9475 41.5310 0.0055 0.9249 -0.0098 -0.3800
107.2791 596.2345 -11.9675 40.9245 0.0050 0.9253 -0.0095 -0.3791
107.3829 595.6369 -11.9989 40.2961 0.0062 0.9259 -0.0095 -0.3777
107.4865 595.0262 -12.0115 39.6540 0.0064 0.9265 -0.0091 -0.3760
107.5902 594.3764 -12.0307 39.0088 0.0067 0.9277 -0.0092 -0.3732
107.6939 593.7528 -12.0628 38.3275 0.0076 0.9286 -0.0087 -0.3709
107.7976 593.1317 -12.0761 37.6406 0.0091 0.9296 -0.0079 -0.3685
107.9012 592.5198 -12.0940 36.9624 0.0095 0.9306 -0.0081 -0.3658
108.0050 591.9069 -12.1181 36.2955 0.0095 0.9313 -0.0090 -0.3641
108.1087 591.2939 -12.1603 35.6172 0.0094 0.9318 -0.0104 -0.3627
108.2125 590.6696 -12.1810 34.9257 0.0075 0.9320 -0.0112 -0.3623
108.3162 590.0773 -12.2172 34.2657 0.0068 0.9319 -0.0118 -0.3624
108.4200 589.4381 -12.2537 33.5581 0.0066 0.9317 -0.0119 -0.3629
108.5237 588.8245 -12.2751 32.8631 0.0055 0.9314 -0.0117 -0.3637
108.6275 588.2128 -12.3053 32.2137 0.0054 0.9312 -0.0115 -0.3644
108.7312 587.5816 -12.3401 31.5415 0.0058 0.9309 -0.0113 -0.3651
108.8351 586.9584 -12.3738 30.8533 0.0064 0.9304 -0.0116 -0.3663
108.9389 586.3520 -12.4114 30.1742 0.0063 0.9299 -0.0121 -0.3676
109.0426 585.7095 -12.4405 29.4805 0.0061 0.9294 -0.0130 -0.3687
109.1464 585.0761 -12.4670 28.8197 0.0065 0.9288 -0.0132 -0.3703
109.2501 584.4389 -12.5095 28.1297 0.0064 0.9282 -0.0133 -0.3718
109.3539 583.7775 -12.5428 27.4522 0.0061 0.9279 -0.0130 -0.3726
109.4576 583.1360 -12.5807 26.7728 0.0066 0.9274 -0.0139 -0.3737
109.5612 582.4910 -12.6166 26.0859 0.0067 0.9270 -0.0145 -0.3748
109.6650 581.8337 -12.6558 25.4217 0.0062 0.9266 -0.0153 -0.3757
109.7687 581.1746 -12.6797 24.7277 0.0060 0.9262 -0.0152 -0.3767
109.8724 580.5095 -12.7378 24.0506 0.0063 0.9261 -0.0152 -0.3769
109.9761 579.8403 -12.7755 23.3437 0.0064 0.9260 -0.0149 -0.3772
110.0797 579.1609 -12.8127 22.6569 0.0061 0.9260 -0.0145 -0.3771
110.1835 578.4940 -12.8480 21.9489 0.0056 0.9261 -0.0150 -0.3769
110.2872 577.8399 -12.8841 21.2626 0.0049 0.9262 -0.0155 -0.3766
110.3909 577.1481 -12.9302 20.5620 0.0056 0.9265 -0.0152 -0.3759
110.4946 576.4903 -12.9834 19.8283 0.0058 0.9267 -0.0152 -0.3754
110.5982 575.8356 -13.0161 19.1492 0.0050 0.9271 -0.0161 -0.3744
110.7020 575.1414 -13.0636 18.4254 0.0034 0.9272 -0.0171 -0.3740
110.8056 574.4729 -13.1043 17.7337 0.0029 0.9277 -0.0177 -0.3729
110.9092 573.8124 -13.1476 17.0114 0.0039 0.9282 -0.0173 -0.3717
111.0129 573.1679 -13.1894 16.2904 0.0054 0.9288 -0.0155 -0.3703
111.1166 572.5104 -13.2309 15.5945 0.0051 0.9292 -0.0152 -0.3693
111.2202 571.8440 -13.2805 14.8949 0.0057 0.9296 -0.0149 -0.3682
111.3240 571.1845 -13.3236 14.1788 0.0053 0.9299 -0.0153 -0.3676
111.4276 570.5374 -13.3612 13.4867 0.0060 0.9303 -0.0161 -0.3665
111.5314 569.8968 -13.4151 12.7663 0.0062 0.9307 -0.0168 -0.3653
111.6350 569.2508 -13.4666 12.0824 0.0047 0.9312 -0.0173 -0.3642
111.7387 568.6160 -13.5167 11.3796 0.0047 0.9315 -0.0185 -0.3633
111.8424 568.0075 -13.5687 10.6915 0.0041 0.9318 -0.0174 -0.3624
111.9461 567.3807 -13.5951 9.9867 0.0042 0.9322 -0.0161 -0.3617
112.0497 566.7364 -13.6303 9.2959 0.0036 0.9323 -0.0138 -0.3614
112.1535 566.1329 -13.6806 8.5993 0.0030 0.9323 -0.0133 -0.3614
112.2571 565.5414 -13.7446 7.9289 0.0017 0.9322 -0.0141 -0.3616
112.3609 564.9173 -13.7747 7.2431 0.0007 0.9318 -0.0152 -0.3626
112.4646 564.3091 -13.8206 6.5827 0.0017 0.9314 -0.0165 -0.3637
112.5682 563.6926 -13.8580 5.9066 0.0038 0.9311 -0.0172 -0.3643
112.6720 563.0925 -13.9126 5.2580 0.0052 0.9306 -0.0179 -0.3656
112.7756 562.4929 -13.9519 4.6117 0.0061 0.9302 -0.0184 -0.3664
112.8794 561.8910 -13.9927 3.9646 0.0069 0.9299 -0.0189 -0.3673
112.9830 561.3010 -14.0299 3.3196 0.0058 0.9294 -0.0193 -0.3685
113.0867 560.7360 -14.0768 2.7174 0.0053 0.9289 -0.0209 -0.3697
113.1905 560.1446 -14.1432 2.0837 0.0014 0.9283 -0.0241 -0.3710
113.2941 559.6106 -14.2030 1.5160 -0.0017 0.9279 -0.0264 -0.3720
113.3978 559.0755 -14.2600 0.9286 -0.0012 0.9276 -0.0268 -0.3725
113.5015 558.5190 -14.3172 0.3789 -0.0010 0.9272 -0.0262 -0.3736
113.6052 558.0173 -14.3694 -0.1681 0.0024 0.9272 -0.0258 -0.3738
113.7090 557.5203 -14.4323 -0.6981 0.0022 0.9269 -0.0257 -0.3744
113.8126 557.0338 -14.4467 -1.1834 0.0034 0.9268 -0.0273 -0.3745
113.9164 556.5514 -14.5429 -1.6901 0.0037 0.9267 -0.0299 -0.3745
114.0201 556.1426 -14.5861 -2.1279 0.0034 0.9268 -0.0312 -0.3743
114.1239 555.6733 -14.6358 -2.6003 0.0033 0.9268 -0.0311 -0.3741
114.2276 555.3117 -14.6715 -2.9858 0.0027 0.9270 -0.0303 -0.3739
114.3314 554.9075 -14.7280 -3.3938 0.0022 0.9272 -0.0296 -0.3734
114.4350 554.5606 -14.7674 -3.7555 0.0021 0.9272 -0.0304 -0.3734
114.5387 554.1874 -14.8092 -4.1673 -0.0005 0.9268 -0.0318 -0.3742
114.6425 553.8546 -14.8517 -4.5344 -0.0032 0.9269 -0.0317 -0.3740
114.7463 553.5169 -14.8978 -4.9141 -0.0035 0.9268 -0.0312 -0.3742
114.8500 553.1773 -14.9294 -5.2359 -0.0026 0.9269 -0.0308 -0.3741
114.9538 552.8492 -14.9591 -5.5666 -0.0022 0.9269 -0.0301 -0.3741
115.0574 552.5538 -15.0014 -5.9011 -0.0033 0.9268 -0.0291 -0.3745
115.1611 552.2253 -15.0360 -6.2540 -0.0046 0.9266 -0.0284 -0.3749
115.2649 551.9315 -15.0757 -6.5740 -0.0046 0.9265 -0.0288 -0.3752
115.3686 551.6139 -15.1087 -6.8733 -0.0031 0.9264 -0.0293 -0.3754
115.4724 551.3196 -15.1341 -7.1760 -0.0025 0.9263 -0.0297 -0.3756
115.5761 551.0350 -15.1740 -7.4810 -0.0018 0.9263 -0.0300 -0.3757
115.6797 550.7470 -15.2005 -7.7706 -0.0016 0.9263 -0.0303 -0.3755
115.7835 550.4843 -15.2332 -8.0397 -0.0015 0.9263 -0.0305 -0.3757
115.8871 550.2238 -15.2623 -8.3085 -0.0009 0.9264 -0.0312 -0.3753
115.9909 549.9664 -15.2913 -8.5677 -0.0007 0.9265 -0.0315 -0.3751
116.0946 549.7448 -15.3221 -8.8257 -0.0013 0.9265 -0.0326 -0.3749
116.1983 549.4823 -15.3596 -9.1013 -0.0016 0.9265 -0.0339 -0.3748
116.3020 549.2624 -15.3951 -9.3040 -0.0007 0.9268 -0.0362 -0.3739
116.4056 549.0371 -15.4237 -9.5216 0.0004 0.9271 -0.0377 -0.3730
116.5094 548.8169 -15.4503 -9.7675 0.0010 0.9275 -0.0381 -0.3719
116.6133 548.6143 -15.4651 -9.9910 0.0003 0.9281 -0.0385 -0.3703
116.7167 548.4342 -15.4904 -10.2037 -0.0005 0.9286 -0.0387 -0.3691
116.8205 548.2495 -15.5169 -10.4046 -0.0019 0.9290 -0.0388 -0.3680
116.9242 548.1054 -15.5501 -10.5926 -0.0028 0.9296 -0.0382 -0.3666
117.0280 547.9686 -15.5652 -10.7403 -0.0026 0.9301 -0.0384 -0.3652
117.1316 547.7960 -15.5839 -10.9067 -0.0025 0.9305 -0.0387 -0.3643
117.2354 547.6465 -15.6077 -11.0709 -0.0022 0.9308 -0.0387 -0.3634
117.3391 547.5023 -15.6298 -11.2205 -0.0020 0.9311 -0.0392 -0.3626
117.4429 547.4030 -15.6520 -11.3337 -0.0023 0.9312 -0.0397 -0.3622
117.5467 547.3057 -15.6654 -11.4728 -0.0033 0.9311 -0.0408 -0.3624
117.6504 547.1987 -15.6807 -11.5706 -0.0036 0.9310 -0.0413 -0.3626
117.7540 547.0934 -15.6997 -11.6864 -0.0033 0.9310 -0.0416 -0.3627
117.8577 546.9863 -15.7117 -11.8070 -0.0033 0.9307 -0.0423 -0.3632
117.9615 546.9129 -15.7248 -11.9079 -0.0035 0.9308 -0.0430 -0.3630
118.0651 546.8423 -15.7282 -11.9676 -0.0036 0.9310 -0.0432 -0.3625
118.1689 546.7534 -15.7415 -12.0505 -0.0038 0.9311 -0.0432 -0.3621
118.2725 546.6549 -15.7560 -12.1662 -0.0037 0.9310 -0.0434 -0.3623
118.3763 546.5967 -15.7665 -12.2445 -0.0046 0.9312 -0.0435 -0.3620
118.4799 546.5386 -15.7796 -12.2939 -0.0050 0.9313 -0.0435 -0.3617
118.5836 546.4844 -15.7807 -12.3553 -0.0053 0.9314 -0.0437 -0.3612
118.6872 546.4243 -15.7993 -12.4422 -0.0051 0.9314 -0.0437 -0.3614
118.7910 546.3699 -15.8068 -12.5040 -0.0049 0.9315 -0.0441 -0.3612
118.8948 546.3204 -15.8175 -12.5610 -0.0051 0.9315 -0.0443 -0.3609
118.9985 546.2691 -15.8281 -12.6147 -0.0054 0.9316 -0.0444 -0.3608
119.1021 546.2240 -15.8293 -12.6540 -0.0055 0.9316 -0.0447 -0.3607
119.2059 546.2006 -15.8392 -12.6937 -0.0056 0.9317 -0.0448 -0.3603
119.3096 546.1610 -15.8430 -12.7376 -0.0056 0.9317 -0.0451 -0.3603
119.4132 546.1217 -15.8390 -12.7592 -0.0057 0.9319 -0.0452 -0.3599
119.5170 546.0974 -15.8475 -12.8072 -0.0058 0.9319 -0.0454 -0.3599
119.6207 546.0646 -15.8498 -12.8446 -0.0056 0.9319 -0.0453 -0.3598
119.7244 546.0491 -15.8527 -12.8611 -0.0057 0.9320 -0.0457 -0.3595
119.8281 546.0145 -15.8628 -12.8932 -0.0058 0.9320 -0.0459 -0.3596
119.9319 545.9915 -15.8648 -12.9278 -0.0058 0.9320 -0.0460 -0.3596
120.0355 545.9706 -15.8716 -12.9535 -0.0058 0.9320 -0.0459 -0.3595
120.1392 545.9443 -15.8707 -12.9695 -0.0060 0.9320 -0.0460 -0.3596
120.2429 545.9444 -15.8769 -12.9834 -0.0060 0.9320 -0.0461 -0.3594
120.3466 545.9295 -15.8775 -12.9968 -0.0060 0.9321 -0.0459 -0.3594
120.4502 545.9193 -15.8723 -12.9913 -0.0064 0.9320 -0.0462 -0.3593
120.5540 545.9114 -15.8775 -13.0088 -0.0064 0.9321 -0.0464 -0.3593
120.6576 545.9104 -15.8798 -13.0109 -0.0066 0.9321 -0.0469 -0.3592
120.7614 545.8933 -15.8806 -13.0112 -0.0069 0.9321 -0.0472 -0.3591
120.8650 545.8923 -15.8827 -13.0188 -0.0068 0.9322 -0.0472 -0.3589
120.9686 545.8708 -15.8857 -13.0277 -0.0067 0.9322 -0.0472 -0.3589
121.0724 545.8440 -15.8956 -13.0587 -0.0068 0.9321 -0.0472 -0.3590
121.1760 545.8287 -15.8918 -13.0936 -0.0071 0.9321 -0.0475 -0.3591
121.2797 545.8169 -15.8933 -13.1157 -0.0071 0.9321 -0.0475 -0.3589
121.3834 545.7943 -15.8936 -13.1404 -0.0070 0.9321 -0.0472 -0.3589
121.4871 545.7643 -15.9062 -13.1680 -0.0070 0.9321 -0.0473 -0.3590
121.5909 545.7276 -15.9219 -13.2201 -0.0066 0.9321 -0.0471 -0.3591
121.6945 545.6994 -15.9183 -13.2348 -0.0066 0.9320 -0.0470 -0.3592
121.7982 545.6715 -15.9194 -13.2718 -0.0067 0.9321 -0.0468 -0.3592
121.9020 545.6315 -15.9276 -13.3278 -0.0070 0.9320 -0.0469 -0.3594
122.0056 545.6065 -15.9336 -13.3426 -0.0071 0.9321 -0.0469 -0.3591
122.1094 545.5543 -15.9377 -13.3942 -0.0073 0.9321 -0.0469 -0.3590
122.2131 545.5051 -15.9562 -13.4689 -0.0070 0.9321 -0.0471 -0.3590
122.3168 545.4687 -15.9602 -13.5307 -0.0071 0.9321 -0.0473 -0.3590
122.4205 545.4068 -15.9692 -13.5981 -0.0067 0.9321 -0.0471 -0.3589
122.5243 545.3525 -15.9810 -13.6652 -0.0068 0.9320 -0.0474 -0.3592
122.6280 545.2819 -15.9924 -13.7331 -0.0067 0.9321 -0.0472 -0.3590
122.7316 545.2147 -15.9968 -13.7844 -0.0068 0.9322 -0.0472 -0.3588
122.8352 545.1445 -16.0061 -13.8527 -0.0065 0.9322 -0.0469 -0.3588
122.9390 545.0832 -16.0168 -13.9517 -0.0067 0.9322 -0.0467 -0.3589
123.0426 545.0014 -16.0293 -14.0251 -0.0069 0.9322 -0.0465 -0.3589
123.1462 544.9318 -16.0359 -14.0901 -0.0073 0.9321 -0.0470 -0.3590
123.2500 544.8646 -16.0460 -14.1659 -0.0071 0.9322 -0.0472 -0.3589
123.3536 544.7922 -16.0614 -14.2737 -0.0067 0.9321 -0.0474 -0.3591
123.4574 544.7253 -16.0652 -14.3158 -0.0063 0.9321 -0.0476 -0.3589
123.5610 544.6274 -16.0917 -14.4274 -0.0047 0.9322 -0.0478 -0.3588
123.6648 544.5606 -16.1031 -14.4919 -0.0035 0.9322 -0.0476 -0.3588
123.7685 544.4784 -16.1132 -14.6042 -0.0036 0.9321 -0.0475 -0.3590
123.8721 544.4224 -16.1368 -14.6976 -0.0034 0.9322 -0.0472 -0.3589
123.9759 544.3500 -16.1428 -14.7610 -0.0039 0.9322 -0.0473 -0.3588
124.0796 544.2950 -16.1460 -14.8116 -0.0038 0.9322 -0.0470 -0.3588
124.1832 544.2540 -16.1549 -14.8793 -0.0036 0.9324 -0.0468 -0.3583
124.2870 544.1789 -16.1688 -14.9591 -0.0039 0.9325 -0.0466 -0.3582
124.3906 544.1157 -16.1733 -15.0066 -0.0035 0.9325 -0.0462 -0.3581
124.4944 544.0855 -16.1782 -15.0421 -0.0036 0.9326 -0.0460 -0.3579
