1.0 0.0 0.0 0.0 0.0 1.0 0.0 0.0 0.0 0.0 1.0 0.0
0.9999309 0.011700856 0.001168943 0.29455566 -0.011697492 0.9999276 -0.0028456599 -0.010253906 -0.0012021374 0.0028317953 0.9999953 0.006225586
0.99984676 0.017446568 0.001480285 0.5776367 -0.017438516 0.999834 -0.0052879336 -0.024047852 -0.0015722978 0.0052613127 0.9999849 0.0063476562
0.99978095 0.020923935 0.00058054825 0.87927246 -0.020919073 0.9997539 -0.0073925257 -0.032958984 -0.0007350463 0.00737876 0.9999725 0.0075683594
0.9998252 0.018667052 -0.0009689695 1.192627 -0.018675068 0.9997845 -0.009058531 -0.038085938 0.00079968857 0.009075051 0.9999585 0.011108398
0.99991703 0.01264671 -0.0024448317 1.5087891 -0.012674385 0.9998517 -0.011654872 -0.03869629 0.0022970403 0.011684889 0.9999291 0.009887695
0.9999936 0.0003042373 -0.0035613573 1.8310547 -0.00034958427 0.99991876 -0.012740683 -0.038085938 0.0035571924 0.012741847 0.9999125 0.018432617
0.9998472 -0.016987843 -0.004117173 2.1556396 0.016939024 0.999789 -0.011618546 -0.028564453 0.004313684 0.0115470225 0.99992406 0.017089844
0.9993501 -0.035761267 -0.0046097497 2.506836 0.03571634 0.9993173 -0.009485614 0.005126953 0.004945648 0.009314802 0.9999444 0.01965332
0.9984284 -0.055798944 -0.0051637925 2.8563232 0.055781227 0.99843657 -0.0035138116 0.045288086 0.005351804 0.0032201898 0.9999805 0.026000977
0.9972011 -0.07453822 -0.005774839 3.2202148 0.07451704 0.9972121 -0.0038009004 0.0814209 0.0060420735 0.003359896 0.9999761 0.023803711
0.995438 -0.09528561 -0.0051875524 3.6004639 0.09526259 0.9954434 -0.00452061 0.12805176 0.0055944603 0.004006018 0.99997634 0.030029297
0.9931742 -0.116566174 -0.0039841807 3.991333 0.11654181 0.99316764 -0.005882957 0.17858887 0.004642712 0.005378536 0.9999748 0.036010742
0.99113774 -0.13275573 -0.004162266 4.383423 0.13273138 0.9911335 -0.005662664 0.24523926 0.0048774327 0.005059924 0.9999753 0.038330078
0.9887406 -0.14957151 -0.003052106 4.803955 0.14955737 0.9887376 -0.0044311075 0.3154297 0.0036804883 0.0039246245 0.9999855 0.044433594
0.9867842 -0.16196303 -0.0033652438 5.22583 0.16194968 0.98678434 -0.0039242934 0.39575195 0.00395644 0.003327207 0.99998665 0.046142578
0.98449653 -0.17532998 -0.0042412635 5.663452 0.17530683 0.9844954 -0.0053283484 0.48547363 0.005109826 0.004502089 0.9999768 0.052856445
0.98256135 -0.18586221 -0.005659816 6.116211 0.18581395 0.98255324 -0.008115081 0.5701904 0.0070692096 0.006922134 0.99995106 0.061645508
0.98144597 -0.19161262 -0.007877599 6.574707 0.1915542 0.9814595 -0.00760723 0.66345215 0.0091890935 0.005957677 0.99994004 0.06689453
0.9797892 -0.1998116 -0.009249497 7.053467 0.1997483 0.97981834 -0.007334546 0.77453613 0.010528352 0.0053383224 0.9999303 0.06518555
0.9783225 -0.20673133 -0.011990786 7.5356445 0.20663913 0.97837865 -0.008489706 0.8824463 0.013486772 0.0058275317 0.99989206 0.068847656
0.97632986 -0.2158377 -0.013145026 8.041016 0.21568382 0.97637624 -0.012190891 0.9885254 0.015466403 0.009066186 0.9998392 0.076049805
0.9746605 -0.22327513 -0.013273295 8.558594 0.2230334 0.97464824 -0.017543264 1.1011963 0.016854776 0.014138289 0.99975795 0.0859375
0.9731265 -0.22977947 -0.015002682 9.081421 0.22948089 0.9731212 -0.019289523 1.2214355 0.019033233 0.015329529 0.9997014 0.10498047
0.97054124 -0.24001512 -0.0206978 9.612915 0.23974067 0.9707154 -0.014891289 1.3734131 0.023666652 0.009490189 0.9996748 0.1027832
0.9685872 -0.24759325 -0.023708511 10.1553955 0.24734999 0.9688556 -0.012741258 1.5241699 0.026123963 0.0064776326 0.99963766 0.11364746
0.9659615 -0.25750348 -0.025200754 10.723877 0.2571892 0.96625656 -0.015057237 1.6781006 0.028227152 0.008063961 0.9995689 0.1340332
0.96387196 -0.26502916 -0.02713051 11.295898 0.26462647 0.9642044 -0.017554205 1.8365479 0.030811287 0.009742118 0.9994777 0.15759277
0.9622079 -0.27078804 -0.029753083 11.876953 0.27035874 0.9626258 -0.017687235 2.0113525 0.033429153 0.0089788325 0.9994008 0.1751709
0.9595195 -0.27962363 -0.03423222 12.464355 0.27921468 0.9601107 -0.01629202 2.1905518 0.0374211 0.006077275 0.99928117 0.19335938
0.95721054 -0.28678593 -0.03874176 13.0616455 0.28630942 0.95797735 -0.017456414 2.3829346 0.04211974 0.005619669 0.9990971 0.21643066
0.954804 -0.29357052 -0.04607342 13.6813965 0.293028 0.95590633 -0.018274236 2.578247 0.04940831 0.00394756 0.9987714 0.25061035
0.95311016 -0.29770243 -0.053893656 14.3029785 0.29706672 0.95462877 -0.01963488 2.7792969 0.05729493 0.0026997249 0.9983536 0.2779541
0.9517201 -0.30042228 -0.06343895 14.937256 0.29977432 0.95383203 -0.019717956 2.989624 0.06643264 -0.00024614483 0.9977909 0.3166504
0.94976526 -0.30442593 -0.07268956 15.58313 0.30379325 0.9525383 -0.019875394 3.2091064 0.07528949 -0.0032079136 0.9971556 0.35266113
0.9478724 -0.30825108 -0.08065066 16.2406 0.30777514 0.9512706 -0.018580336 3.4300537 0.082448 -0.007214409 0.9965685 0.4083252
0.9456959 -0.3130023 -0.087881856 16.915283 0.3127105 0.9497074 -0.017419752 3.661621 0.08891409 -0.01100485 0.9959779 0.46276855
0.9438155 -0.31665245 -0.09455532 17.593262 0.3165781 0.94842684 -0.016182013 3.9071045 0.09480378 -0.014661761 0.995388 0.5279541
0.9417804 -0.3205875 -0.10140301 18.275879 0.3210053 0.94699776 -0.012612574 4.149536 0.10007233 -0.020670075 0.9947657 0.5938721
0.9390257 -0.3270581 -0.10627822 18.985474 0.32785538 0.944689 -0.010381423 4.411133 0.10379337 -0.025093962 0.9942808 0.6627197
0.9371914 -0.33144575 -0.10864508 19.693604 0.33237433 0.94308627 -0.009975124 4.6746826 0.10576956 -0.02675945 0.9940322 0.73742676
0.93504995 -0.33776054 -0.107549846 20.423218 0.33885655 0.940784 -0.008472934 4.9449463 0.104044974 -0.02853092 0.994162 0.82214355
0.93281615 -0.3442189 -0.10652651 21.151733 0.34523883 0.93845844 -0.0092917215 5.2213135 0.103172645 -0.028113216 0.9942663 0.9025879
0.93115324 -0.34931663 -0.104429215 21.889282 0.35038975 0.9365532 -0.008493951 5.499634 0.10076998 -0.028690536 0.9944943 0.984375
0.9288378 -0.3564433 -0.10079743 22.624634 0.35741192 0.933881 -0.008906078 5.793091 0.09730712 -0.027769066 0.9948645 1.0664062
0.9243212 -0.36909926 -0.0967935 23.405273 0.37030426 0.92887783 -0.0058705024 6.102173 0.09207575 -0.030422095 0.9952865 1.1428223
0.92256194 -0.37468895 -0.09214552 24.158813 0.3759429 0.926636 -0.004016949 6.423828 0.086888604 -0.030935641 0.99573725 1.2225342
0.9191543 -0.3835296 -0.08969648 24.92517 0.38503024 0.9228957 -0.0006173989 6.7509766 0.083018795 -0.033971287 0.99596876 1.2940674
0.9160538 -0.39120755 -0.08826567 25.691406 0.39274666 0.9196406 7.399777e-05 7.092163 0.08114328 -0.034735806 0.99609673 1.368042
0.9125194 -0.3994373 -0.088204056 26.46582 0.4010458 0.9160669 0.0005767322 7.4439697 0.08057253 -0.03588656 0.99610484 1.442749
0.9089393 -0.40763655 -0.08754897 27.240723 0.40922725 0.9124329 0.0002506734 7.8012695 0.07978234 -0.03605056 0.9961612 1.5098877
0.9047146 -0.41722193 -0.086332634 28.025635 0.4188263 0.90808547 0.00052973535 8.169556 0.078179516 -0.036632348 0.9962667 1.579956
0.90130687 -0.4248958 -0.08385587 28.831543 0.42655545 0.90441614 0.0020774882 8.552368 0.074956015 -0.037650257 0.99647546 1.6481934
0.8979417 -0.43276128 -0.07992889 29.632812 0.43422467 0.9007876 0.0010371595 8.944702 0.07155256 -0.03564252 0.9967999 1.71521
0.8950542 -0.43982816 -0.07425851 30.446533 0.44124568 0.89742786 0.003028595 9.350342 0.06531058 -0.035464898 0.9972352 1.7757568
0.89181954 -0.44692 -0.07005569 31.259521 0.44814283 0.89395136 0.0019642594 9.765259 0.06174915 -0.03314018 0.9975423 1.8452148
0.88748294 -0.45586252 -0.06792363 32.085327 0.45705014 0.8894672 0.002205647 10.192261 0.059410844 -0.033002295 0.99768746 1.9086914
0.8842832 -0.4621981 -0.06665106 32.920654 0.46338278 0.8861679 0.0026501415 10.636353 0.057841286 -0.033218786 0.9977739 1.9639893
0.8823007 -0.46629864 -0.06459583 33.756226 0.46739846 0.8840783 0.0021971415 11.088745 0.05608672 -0.03212238 0.9979096 2.0167236
0.87926364 -0.4722384 -0.06273078 34.608276 0.47322255 0.88096935 0.0009609157 11.548218 0.054814115 -0.03052194 0.9980308 2.0777588
0.87693596 -0.47649544 -0.062521555 35.467773 0.47744736 0.8786452 0.00032536883 12.019043 0.054779302 -0.030137278 0.9980436 2.1331787
0.87555283 -0.4791688 -0.062234256 36.32776 0.4800612 0.87727416 -0.0006981855 12.497437 0.054929595 -0.029260889 0.9980612 2.1881104
0.8737769 -0.48224914 -0.06348111 37.20703 0.4831633 0.8755747 -0.0010778529 12.991943 0.056101304 -0.029719466 0.99798304 2.244751
0.87423253 -0.48146248 -0.06207574 38.094482 0.48235857 0.8759402 -0.0006189074 13.492676 0.05467644 -0.02940379 0.9980715 2.3012695
0.8737956 -0.48269236 -0.059970707 38.992798 0.48349485 0.875408 -0.0012833872 14.0 0.053116553 -0.02786915 0.9981989 2.3585205
0.87309366 -0.48405868 -0.059374083 39.910522 0.4848344 0.87468046 -0.0015256417 14.515381 0.05266971 -0.02745282 0.99823374 2.4145508
0.8733614 -0.48326305 -0.05985791 40.83777 0.48400956 0.87499493 -0.0022958452 15.03186 0.053485863 -0.0269751 0.998204 2.4743652
0.8713479 -0.48713818 -0.05914197 41.767944 0.48774853 0.87299913 -0.004608171 15.563477 0.05387562 -0.024821874 0.9982396 2.534912
0.8715583 -0.48715717 -0.05630492 42.70703 0.48766962 0.8730737 -0.005175868 16.094238 0.05167975 -0.02294032 0.9984001 2.5928955
0.8687379 -0.49245012 -0.052171916 43.62683 0.4928537 0.87005657 -0.005719522 16.625122 0.0482103 -0.020754773 0.9986209 2.6519775
0.8656933 -0.4983156 -0.048009235 44.56848 0.49867442 0.8668025 -0.0050427136 17.161743 0.044126242 -0.019572144 0.9988342 2.7105713
0.8627364 -0.50356543 -0.045719326 45.493042 0.5038057 0.8637788 -0.006943159 17.702637 0.042989817 -0.017042942 0.9989302 2.7661133
0.85691196 -0.5134147 -0.04583019 46.41577 0.5135729 0.85799336 -0.0091558825 18.257935 0.04402204 -0.01569263 0.9989071 2.8258057
0.8516286 -0.5217372 -0.048459318 47.326538 0.5217935 0.85288024 -0.012493085 18.813965 0.047848947 -0.014653044 0.99874705 2.8848877
0.8457795 -0.53141177 -0.04801713 48.239258 0.5315125 0.8469971 -0.011701153 19.39502 0.046888806 -0.015619203 0.9987783 2.9371338
0.84026885 -0.54043174 -0.044172302 49.15161 0.54060435 0.8412702 -0.008965312 19.991333 0.042007644 -0.016342338 0.9989837 2.9871826
0.8355697 -0.5477276 -0.041241657 50.050537 0.54795086 0.8364136 -0.006688198 20.584106 0.038160063 -0.017013345 0.99912685 3.0443115
0.83116305 -0.55445176 -0.04268637 50.93701 0.5547281 0.8320513 -0.006158383 21.18872 0.038929615 -0.018554954 0.99906975 3.0942383
0.827266 -0.5599622 -0.047124688 51.831787 0.5602927 0.82835275 -0.007105627 21.791748 0.043016244 -0.020514956 0.99886405 3.1462402
0.82572085 -0.5615252 -0.054522038 52.711914 0.5619027 0.8272074 -0.009589259 22.399902 0.050483976 -0.022715237 0.9984662 3.201294
0.8214464 -0.5675497 -0.055994462 53.5896 0.56793404 0.8230226 -0.010343092 23.02478 0.05195206 -0.02330317 0.99837744 3.2598877
0.8185814 -0.5720721 -0.05266393 54.470947 0.57245183 0.81995875 -0.00905861 23.638794 0.04836244 -0.02272603 0.99857116 3.322876
0.8163862 -0.5754156 -0.047056697 55.356934 0.57577723 0.8174578 -0.0068324334 24.276001 0.042401712 -0.0215216 0.99886894 3.3778076
0.8128144 -0.5807538 -0.044664897 56.232178 0.58115196 0.81374234 -0.0048236856 24.91101 0.039143573 -0.02203797 0.99899024 3.4313965
0.8105191 -0.5838022 -0.046385676 57.105713 0.58429086 0.81148547 -0.00362818 25.544922 0.039758787 -0.02416247 0.99891716 3.4836426
0.80657095 -0.5893134 -0.04645317 57.98462 0.5897133 0.80759335 -0.006020995 26.194702 0.041066233 -0.022539275 0.9989021 3.5281982
0.8020298 -0.5952673 -0.04882911 58.849854 0.5956685 0.8031824 -0.0074676294 26.840942 0.04366306 -0.023093127 0.9987794 3.5861816
0.7988106 -0.59952164 -0.048146628 59.72046 0.59984565 0.79996663 -0.009022339 27.498047 0.043923847 -0.021681666 0.9987993 3.6401367
0.7932943 -0.6069912 -0.046087485 60.59497 0.6072299 0.79438317 -0.010236124 28.16919 0.042827237 -0.01986681 0.99888515 3.6949463
0.7899965 -0.611477 -0.04611825 61.453125 0.61172736 0.79108334 -0.010121375 28.842407 0.04267049 -0.020212026 0.9988846 3.749878
0.7836038 -0.61946625 -0.046354488 62.31494 0.6196538 0.7847346 -0.011943764 29.52649 0.043775648 -0.019367915 0.9988536 3.8077393
0.77840763 -0.62598956 -0.047009308 63.17041 0.62615603 0.7795852 -0.012924856 30.220459 0.044737875 -0.019376794 0.99881065 3.8604736
0.77350247 -0.6319942 -0.04685886 64.02026 0.63208705 0.774705 -0.014689471 30.915771 0.045589022 -0.018254567 0.9987939 3.9161377
0.7685234 -0.63820106 -0.04751621 64.87427 0.63828814 0.76976764 -0.015297022 31.634766 0.046333164 -0.018575042 0.99875265 3.9700928
0.7623182 -0.6455146 -0.04753519 65.72485 0.64549315 0.7636077 -0.017852526 32.349 0.047825538 -0.01706731 0.9987104 4.029175
0.7555784 -0.6535483 -0.04664071 66.57031 0.6534592 0.7568493 -0.01924554 33.08264 0.047871105 -0.015935238 0.9987259 4.088623
0.7505155 -0.65941733 -0.045344625 67.414795 0.6593301 0.75172126 -0.018976837 33.826904 0.046595287 -0.01564808 0.9987913 4.135254
0.7434905 -0.6673916 -0.043198146 68.23657 0.66721016 0.7446219 -0.020597752 34.57959 0.045915496 -0.013504165 0.9988543 4.196533
0.73593074 -0.6755717 -0.0430973 69.071045 0.6753587 0.73707163 -0.021528345 35.344604 0.046314955 -0.0132612325 0.9988393 4.260254
0.7309003 -0.68101937 -0.043377545 69.9043 0.6807058 0.73208773 -0.023923041 36.1084 0.04804908 -0.012053506 0.99877185 4.333252
0.7251089 -0.6870833 -0.044746082 70.72363 0.6868374 0.72635406 -0.023100652 36.901245 0.048374146 -0.0139925415 0.99873096 4.386841
0.7195514 -0.69298244 -0.04352732 71.54785 0.69273657 0.72073764 -0.022953672 37.705322 0.04727929 -0.013639629 0.99878865 4.446411
0.71494085 -0.6976939 -0.04418011 72.36255 0.69745755 0.7161621 -0.023111496 38.513184 0.04776729 -0.014297673 0.99875605 4.515869
0.7101193 -0.70264816 -0.044632345 73.18213 0.7024123 0.71136755 -0.02341276 39.333862 0.048203308 -0.014716079 0.9987297 4.5773926
0.7046142 -0.7079662 -0.046330605 74.02417 0.70768654 0.7059728 -0.025014417 40.162964 0.050423056 -0.015164598 0.99861306 4.636841
0.7007158 -0.7117453 -0.04875696 74.82568 0.71143746 0.7022238 -0.026437337 40.985107 0.053062223 -0.016162464 0.9984608 4.7001953
0.6949195 -0.71743655 -0.05052177 75.63452 0.7170914 0.6965506 -0.027895764 41.83081 0.05520198 -0.016841976 0.998333 4.772217
0.6908813 -0.7214886 -0.047736496 76.44507 0.7211288 0.6923573 -0.027507097 42.690796 0.052893043 -0.015420192 0.99848086 4.83667
0.6865365 -0.72563666 -0.04619526 77.25488 0.7252517 0.68793637 -0.027715676 43.54834 0.05189018 -0.014469894 0.99854827 4.9018555
0.67992604 -0.7317227 -0.04620698 78.05615 0.73126566 0.681354 -0.029332764 44.415894 0.052949205 -0.013853942 0.99850094 4.977661
0.6762058 -0.7353102 -0.0457909 78.859375 0.73478067 0.6776325 -0.030726988 45.29187 0.05361929 -0.012869386 0.9984783 5.0426025
0.67017585 -0.7408879 -0.04417585 79.65747 0.7403094 0.67153025 -0.031487957 46.178223 0.052992463 -0.011602889 0.9985273 5.1121826
0.6662385 -0.74454117 -0.042888977 80.453125 0.7438596 0.6675467 -0.033299804 47.074463 0.053421684 -0.009713594 0.99852484 5.1798096
0.66467947 -0.7459787 -0.041236166 81.245605 0.7451802 0.6659177 -0.035275146 47.97058 0.05376669 -0.0072802887 0.99852675 5.2542725
0.65919983 -0.75088006 -0.04070648 82.04785 0.74981123 0.66044366 -0.040252253 48.861572 0.057103727 -0.0039892253 0.99836 5.3276367
0.65335625 -0.75609154 -0.03844667 82.84717 0.7547471 0.6544867 -0.04506823 49.77881 0.059236027 0.00042297505 0.99824345 5.3969727
0.64801747 -0.7609508 -0.03363529 83.638916 0.7594119 0.6488617 -0.048740298 50.704346 0.058912247 0.0060416264 0.9982447 5.4715576
0.6388554 -0.7687126 -0.03011309 84.41577 0.76698697 0.63947886 -0.052521612 51.641846 0.059640307 0.010456144 0.99816525 5.546997
0.631716 -0.77481174 -0.026557818 85.207275 0.7730859 0.63213724 -0.053342335 52.575928 0.058106143 0.013168589 0.9982234 5.63208
0.6209517 -0.7835718 -0.022545898 85.96265 0.7819275 0.6211724 -0.0529815 53.547363 0.055527 0.0152792595 0.99834085 5.706543
0.6124497 -0.79012495 -0.021835826 86.7207 0.7884798 0.6126461 -0.053230006 54.5354 0.05543994 0.015375027 0.99834305 5.7875977
0.6033105 -0.79708 -0.023624515 87.47119 0.79537 0.60361636 -0.053968806 55.509766 0.057279367 0.013761872 0.9982628 5.859131
0.5936748 -0.8044408 -0.02321818 88.20093 0.80254215 0.5939292 -0.057342462 56.510254 0.059911933 0.015404696 0.9980843 5.9396973
0.5837053 -0.8115042 -0.023849186 88.93628 0.8095567 0.58401036 -0.058064695 57.51465 0.061043803 0.014590416 0.9980287 6.0179443
0.5731115 -0.81930727 -0.019675419 89.65259 0.8172883 0.5731499 -0.06038918 58.53296 0.060750335 0.018526154 0.99798065 6.102051
0.5639271 -0.82564896 -0.018079517 90.3584 0.82370067 0.5639042 -0.059705567 59.562744 0.059496757 0.018771531 0.99805164 6.1727295
0.55298805 -0.8330592 -0.016493253 91.0603 0.8310436 0.55286485 -0.06134479 60.617676 0.060212508 0.020217193 0.9979808 6.2574463
0.54391134 -0.83897454 -0.017556021 91.74609 0.8368629 0.5438518 -0.06254265 61.678223 0.0620182 0.019317063 0.9978875 6.3460693
0.5329155 -0.84607196 -0.018031523 92.4104 0.843922 0.5329048 -0.06300236 62.74585 0.06290514 0.01834927 0.99785006 6.4240723
0.5229484 -0.852036 -0.01931196 93.069824 0.849856 0.52304167 -0.06312985 63.823242 0.0638991 0.016593933 0.9978181 6.5115967
0.5119263 -0.8588116 -0.020121451 93.72095 0.856599 0.51209414 -0.06347042 64.91699 0.06481175 0.01526129 0.9977811 6.603882
0.50358695 -0.86370033 -0.018912358 94.36133 0.8616212 0.5037246 -0.061694656 66.01465 0.06281762 0.014786169 0.9979164 6.6853027
0.4972018 -0.867463 -0.016046686 95.00293 0.86554265 0.49720713 -0.05981329 67.13086 0.059887886 0.015849669 0.9980797 6.7733154
0.4883947 -0.87244815 -0.015898721 95.62158 0.8705426 0.4884147 -0.05961614 68.24658 0.05978189 0.01527132 0.9980945 6.859741
0.48097348 -0.8765681 -0.015056256 96.238525 0.8744598 0.48090076 -0.06314341 69.37012 0.06260444 0.017209368 0.99789065 6.942871
0.47474036 -0.8799511 -0.013820988 96.8584 0.87766844 0.47454867 -0.066213824 70.498535 0.06483487 0.019303985 0.9977096 7.0351562
0.46768615 -0.8838184 -0.013158004 97.45752 0.8813012 0.46739596 -0.0699204 71.62695 0.06793241 0.02109924 0.9974663 7.125122
0.46437684 -0.88539976 -0.012972552 98.048584 0.88269085 0.46402153 -0.0727183 72.765625 0.07041824 0.02231494 0.997268 7.220581
0.45915636 -0.88829935 -0.010685941 98.636475 0.88557273 0.45863363 -0.07368966 73.90405 0.07036006 0.024369583 0.9972239 7.3221436
0.45434597 -0.89070153 -0.005972743 99.22681 0.8882553 0.4535764 -0.07131823 75.04907 0.066242136 0.02709874 0.9974356 7.4194336
0.4517456 -0.89210325 -0.0007484779 99.818115 0.88987666 0.45067635 -0.0702455 76.18677 0.063005425 0.031079913 0.9975299 7.5178223
0.44825026 -0.8939202 0.0012864368 100.38159 0.8917766 0.4470753 -0.069847815 77.31909 0.06187511 0.03244296 0.9975555 7.609497
0.44549927 -0.8953516 0.002675816 100.94165 0.8933324 0.44428998 -0.06851873 78.45361 0.060149048 0.032912876 0.9976464 7.6992188
0.4422662 -0.89671695 0.0054246243 101.50708 0.8948015 0.44090945 -0.06826762 79.59375 0.05882382 0.0350414 0.9976527 7.788208
0.44082877 -0.89775395 0.008369757 102.051025 0.89598435 0.43932995 -0.06753607 80.704346 0.05694916 0.037260436 0.9976809 7.872925
0.4383045 -0.8988906 0.01036571 102.603516 0.89715767 0.43667257 -0.06816185 81.82715 0.056748945 0.039173476 0.99761945 7.959961
0.43733412 -0.8993691 0.01320402 103.144775 0.8977671 0.43555903 -0.06782447 82.941895 0.055248488 0.04150018 0.9976088 8.039795
0.43381056 -0.900626 0.017303955 103.6792 0.8992286 0.4318474 -0.067194164 84.04248 0.053051632 0.044709425 0.9975901 8.12146
0.4323277 -0.9015688 0.02036382 104.216064 0.9003127 0.43020946 -0.06711978 85.14429 0.051742323 0.04734799 0.9975374 8.204712
0.43129414 -0.90191346 0.021140609 104.72876 0.90067786 0.42912138 -0.0674186 86.22485 0.051748686 0.048140623 0.99750036 8.2854
0.42920628 -0.90299255 0.021652047 105.23682 0.90174204 0.42698163 -0.068047866 87.30664 0.052181914 0.04871821 0.9974479 8.359985
0.4287055 -0.9030028 0.022075165 105.75098 0.90170455 0.42639577 -0.06932518 88.36865 0.053190026 0.049620993 0.99735034 8.437744
0.43125796 -0.90218234 0.020713717 106.236084 0.90077335 0.42897126 -0.070243664 89.42212 0.05448066 0.048934974 0.9973141 8.5164795
0.43169528 -0.9018224 0.017031858 106.71509 0.9002887 0.42965233 -0.069401555 90.480225 0.055239458 0.045292255 0.9974456 8.594116
0.43528885 -0.9000331 0.015748056 107.21533 0.89845276 0.43331245 -0.06933284 91.51172 0.055582047 0.0443203 0.9974694 8.671753
0.4408954 -0.8974039 0.013179852 107.7146 0.89564836 0.43899548 -0.07066885 92.53296 0.057631064 0.042962372 0.99741316 8.748047
0.44955376 -0.89311785 0.011391456 108.20044 0.8913779 0.44779328 -0.06938379 93.55493 0.05687368 0.04134067 0.99752474 8.82605
0.45311612 -0.8912765 0.011294799 108.701904 0.88955265 0.45136267 -0.06916958 94.55762 0.056560814 0.041399762 0.9975411 8.89856
0.46168762 -0.8870071 0.009738095 109.21655 0.8853209 0.4600669 -0.06766073 95.555176 0.05553073 0.039863653 0.99766123 8.971436
0.47295436 -0.88090485 0.008892394 109.74707 0.8792587 0.4713961 -0.066709444 96.55444 0.054583333 0.039390706 0.9977333 9.048584
0.47989044 -0.87722164 0.0076580755 110.27075 0.87556267 0.47840354 -0.066264465 97.5332 0.054482155 0.03851176 0.9977722 9.1154785
0.4916297 -0.8709027 0.0057490985 110.80859 0.86909693 0.4901615 -0.0679421 98.50659 0.056346033 0.038400505 0.9976726 9.190186
0.5000646 -0.86588824 0.002386964 111.33716 0.8639225 0.49873996 -0.06878142 99.45508 0.05836456 0.036463816 0.9976296 9.261475
0.5132202 -0.8584283 -0.0013483032 111.88794 0.8563667 0.5120957 -0.06847286 100.4043 0.059458144 0.033976525 0.9976516 9.338257
0.52510566 -0.8510557 -0.0036168792 112.461914 0.84903544 0.524142 -0.06676842 101.346436 0.058727574 0.031997476 0.9977616 9.411743
0.53758657 -0.8430963 -0.0048849904 113.0376 0.84120846 0.5367538 -0.06401968 102.274414 0.056603193 0.03030713 0.9979367 9.483765
0.5501663 -0.8349653 -0.0045139515 113.63208 0.83323205 0.54935735 -0.061654683 103.19263 0.053969007 0.030163493 0.99808717 9.557617
0.56227446 -0.82689846 -0.005508108 114.22656 0.8251399 0.5614905 -0.061770108 104.08838 0.05417922 0.030177914 0.9980744 9.628418
0.5719756 -0.82025117 -0.0069221347 114.84155 0.8184901 0.57126325 -0.061217252 104.97363 0.054176845 0.029357176 0.99810016 9.69458
0.5846741 -0.8111742 -0.0075289547 115.47095 0.80935216 0.5839377 -0.0622157 105.84863 0.05486848 0.030290341 0.9980346 9.762329
0.5945587 -0.80403495 -0.0075153178 116.09204 0.80208987 0.5937238 -0.06459971 106.68823 0.05640055 0.032384414 0.99788314 9.830078
0.60499835 -0.7960428 -0.008074044 116.72803 0.7941243 0.60418934 -0.064007886 107.532715 0.055825785 0.032318033 0.9979179 9.906006
0.61769253 -0.78637564 -0.007962956 117.366455 0.7845869 0.61691505 -0.06192177 108.36499 0.05359884 0.03199528 0.9980495 9.971191
0.62582505 -0.779902 -0.0062193205 117.99878 0.7782984 0.6250138 -0.059595913 109.16724 0.050371688 0.03245037 0.9982028 10.036499
0.6360815 -0.77150613 -0.0065555237 118.65747 0.76995486 0.6353008 -0.05854339 109.97046 0.049332835 0.03218136 0.99826324 10.103149
0.6446851 -0.76437986 -0.009770058 119.29956 0.7628102 0.64409065 -0.057093244 110.74829 0.04992851 0.029357426 0.9983215 10.161987
0.6549931 -0.75559765 -0.012617583 119.94922 0.75395983 0.65452564 -0.056956008 111.51465 0.051286396 0.027780091 0.9982966 10.224121
0.66503465 -0.7467199 -0.013171026 120.61792 0.7451122 0.66459394 -0.056192014 112.2771 0.050712336 0.027555598 0.99833316 10.286987
0.6731852 -0.7392968 -0.012932591 121.27319 0.7377897 0.672765 -0.05440318 113.00293 0.04892019 0.027076542 0.9984354 10.354614
0.68222755 -0.73111224 -0.0121619105 121.9397 0.7297031 0.6817926 -0.05291659 113.730225 0.04697067 0.027232286 0.99852544 10.407837
0.6905661 -0.72316074 -0.011341115 122.61572 0.72182655 0.6901062 -0.051876113 114.434326 0.04534486 0.027632382 0.9985888 10.464722
0.697387 -0.7166086 -0.013029766 123.278564 0.7152739 0.6970155 -0.050986126 115.12549 0.045611482 0.02623572 0.99861467 10.52417
0.7064145 -0.70761293 -0.014408949 123.96118 0.70637894 0.70616126 -0.04805943 115.8125 0.044188935 0.023768354 0.99874026 10.580444
0.71241486 -0.70152193 -0.0136249475 124.618164 0.7004172 0.7121776 -0.045532975 116.481445 0.04164517 0.022893516 0.9988703 10.630005
0.72017825 -0.6937238 -0.012076344 125.29224 0.692711 0.719897 -0.044216774 117.14136 0.03936533 0.023473525 0.9989489 10.686157
0.7278057 -0.685665 -0.012261167 125.97046 0.68472683 0.72756547 -0.04224841 117.78784 0.037894297 0.02235132 0.99903166 10.729004
0.7349473 -0.6780666 -0.012759872 126.63379 0.6771636 0.73474205 -0.041088026 118.40869 0.037233487 0.021553611 0.9990738 10.777954
0.7418195 -0.6704787 -0.014041813 127.28906 0.6696552 0.74170965 -0.03826773 119.02173 0.036065307 0.018988313 0.9991692 10.819336
0.7512489 -0.6598875 -0.012947007 127.98242 0.6592022 0.75115305 -0.034865156 119.62793 0.032733664 0.017653931 0.999308 10.862915
0.7603292 -0.649468 -0.012063531 128.64185 0.6489054 0.76025504 -0.03144937 120.20508 0.029592816 0.016084254 0.9994326 10.901123
0.7710356 -0.63667256 -0.011985125 129.32349 0.63619506 0.7709947 -0.028543103 120.77368 0.027411537 0.014380727 0.99952066 10.944702
0.779671 -0.62594813 -0.013466917 129.98047 0.6254567 0.7796679 -0.028308049 121.31372 0.028224241 0.013646826 0.9995084 10.977295
0.7892406 -0.6138586 -0.015062562 130.65112 0.61334103 0.78927356 -0.02846365 121.8479 0.02936101 0.013224899 0.9994813 11.012695
0.79970485 -0.6000605 -0.015751332 131.34668 0.5995432 0.7997536 -0.028128292 122.3728 0.029477518 0.013051308 0.99948025 11.043579
0.809652 -0.58678657 -0.014500659 132.03003 0.58632904 0.8096771 -0.02657146 122.86987 0.027332574 0.01301529 0.99954176 11.0789795
0.81965446 -0.5727021 -0.012556918 132.74146 0.57232744 0.8196514 -0.02432086 123.369385 0.024224475 0.012749421 0.9996252 11.103394
0.8283748 -0.56006485 -0.010798876 133.42407 0.55975336 0.82834893 -0.022550248 123.84546 0.021574518 0.012636829 0.99968743 11.135742
0.83786225 -0.5458633 -0.008324007 134.14648 0.54561925 0.8378048 -0.020790579 124.31836 0.018321272 0.01287787 0.9997491 11.161377
0.8458503 -0.5333896 -0.006121648 134.86938 0.5331844 0.84575826 -0.020307984 124.77734 0.016010173 0.013913264 0.99977493 11.187744
0.85203874 -0.5234369 -0.0042187017 135.58716 0.52325875 0.8519136 -0.020447832 125.21289 0.014297369 0.0152155515 0.999782 11.210693
0.8591241 -0.5118901 -0.0039583817 136.31567 0.51172197 0.8589977 -0.020135082 125.65747 0.0137038585 0.015274493 0.9997894 11.236572
0.8667965 -0.49863982 -0.0036267168 137.07227 0.49850014 0.866688 -0.01845624 126.08911 0.012347453 0.014190374 0.9998231 11.252075
0.872037 -0.48942032 -0.0035354854 137.79712 0.4892962 0.8719415 -0.017355325 126.52124 0.011573672 0.013404722 0.99984324 11.267944
0.8786198 -0.47745833 -0.003882323 138.56836 0.47735232 0.87855035 -0.015445478 126.94507 0.010786528 0.011718072 0.99987316 11.284302
0.88426757 -0.46697563 -0.0033944454 139.31104 0.46687275 0.88418776 -0.01578085 127.34424 0.010371074 0.012369595 0.9998697 11.30249
0.8888506 -0.45820132 -0.0042662085 140.07202 0.4580745 0.88876307 -0.01703876 127.73682 0.011597567 0.013190553 0.9998457 11.321899
0.8941888 -0.44760972 -0.0048170686 140.87793 0.44747236 0.89410174 -0.017382488 128.12793 0.012087611 0.013387572 0.99983734 11.338501
0.8965945 -0.44285554 -0.004277427 141.62988 0.44273093 0.8965061 -0.016955236 128.52783 0.011341869 0.01330941 0.9998471 11.3515625
0.89970165 -0.4365692 -0.0009920229 142.43188 0.43650982 0.89961267 -0.0146033345 128.9148 0.0072669378 0.012706173 0.9998929 11.36853
0.90312475 -0.42939436 0.0017511602 143.2605 0.4293851 0.9030589 -0.011412658 129.30981 0.0033179186 0.011059216 0.99993336 11.384277
0.9058967 -0.423416 0.0035800692 144.0708 0.42343098 0.9058581 -0.0083827935 129.70142 0.0003071837 0.00910969 0.9999584 11.388916
0.909304 -0.41605803 0.0042914297 144.91968 0.4160771 0.90928835 -0.005588769 130.08643 -0.0015767319 0.00686773 0.9999752 11.394653
0.91223013 -0.40964133 0.006651995 145.75317 0.40966678 0.91223806 -0.003018219 130.47339 -0.004832605 0.0054784333 0.9999733 11.3927
0.9155542 -0.4021808 0.009024264 146.63867 0.40221354 0.91558206 -0.002088504 130.8562 -0.0074228384 0.0055413563 0.99995714 11.394653
0.9195494 -0.3928509 0.010975724 147.5249 0.3928938 0.9195945 -0.0019835308 131.23853 -0.00931379 0.0061364565 0.9999378 11.399414
0.92190933 -0.38721332 0.012830928 148.4065 0.3872689 0.92197293 -0.0020767346 131.62817 -0.011025767 0.006883457 0.9999155 11.395874
0.9258563 -0.3776691 0.013126715 149.30688 0.37772995 0.92592144 -0.0024198235 132.00049 -0.011240109 0.0071987268 0.99991083 11.377075
0.9301602 -0.36694112 0.013507564 150.25854 0.3670244 0.93021595 -0.0042237723 132.35791 -0.011014746 0.0088859545 0.99989986 11.384155
0.933102 -0.3594655 0.013017462 151.17554 0.3595633 0.9331352 -0.00609837 132.7268 -0.009954891 0.010370065 0.99989665 11.371338
0.9374176 -0.34797463 0.011776166 152.15259 0.34806448 0.9374347 -0.0066492953 133.0791 -0.008724764 0.010332024 0.99990857 11.368652
0.9424637 -0.33420983 0.00986699 153.11523 0.33426788 0.9424819 -0.004925239 133.44092 -0.0076536797 0.007940563 0.99993914 11.357178
0.94771177 -0.3189397 0.010044647 154.09741 0.3189706 0.94775325 -0.0015977144 133.78955 -0.00901043 0.004718556 0.99994826 11.357056
0.9541432 -0.2990825 0.011613463 155.13403 0.29907405 0.95421326 0.0024965168 134.11328 -0.011828462 0.0010912288 0.9999294 11.346558
0.9599378 -0.27992716 0.013455699 156.13306 0.27988154 0.9600314 0.0052003847 134.42725 -0.014373468 -0.0012262667 0.9998959 11.335327
0.96589553 -0.25850543 0.014013539 157.18188 0.25841442 0.96598846 0.007992471 134.73389 -0.015603479 -0.0040984377 0.9998698 11.334961
0.97155017 -0.23631115 0.015301837 158.25854 0.23618373 0.97165346 0.009684794 134.9956 -0.017156929 -0.005793956 0.9998359 11.314941
0.9765897 -0.214287 0.018320624 159.3313 0.21412356 0.97674096 0.010485282 135.25073 -0.020142443 -0.006317125 0.9997772 11.308716
0.9809891 -0.19289964 0.021625137 160.42139 0.19267058 0.9811962 0.012234908 135.46924 -0.023578446 -0.007836275 0.9996912 11.280762
0.9851088 -0.16993041 0.026079608 161.57104 0.16958676 0.98540074 0.01488466 135.67627 -0.028228711 -0.010240617 0.9995491 11.271973
0.988448 -0.14849861 0.030470716 162.66553 0.14805955 0.9888503 0.016208017 135.87524 -0.0325375 -0.011511808 0.9994045 11.239136
0.9915777 -0.12586226 0.030405581 163.8247 0.12536752 0.991949 0.017671715 136.03662 -0.0323855 -0.013709959 0.99938136 11.210571
0.99398434 -0.10567993 0.028756216 164.95752 0.10517903 0.99428296 0.01840467 136.1709 -0.030537382 -0.015269298 0.999417 11.184814
0.99620914 -0.08229097 0.02821293 166.12329 0.08180128 0.99648464 0.018093023 136.28174 -0.02960261 -0.015716529 0.99943817 11.147339
0.9975115 -0.063819624 0.02994592 167.34204 0.06334757 0.9978556 0.016453922 136.38184 -0.030931871 -0.014515514 0.999416 11.121826
0.9985815 -0.041614175 0.03321922 168.53613 0.04106429 0.99901074 0.017066602 136.43896 -0.033896565 -0.015678464 0.9993025 11.090088
0.99917644 -0.02216126 0.033993483 169.75732 0.02158652 0.9996192 0.01718318 136.47412 -0.034361415 -0.016435293 0.99927455 11.056763
0.9993671 -0.0027432828 0.035455883 170.98145 0.0020679517 0.999816 0.019060383 136.49438 -0.035501663 -0.018974986 0.9991892 11.018921
0.99915975 0.019216048 0.03620859 172.2185 -0.019943004 0.9996044 0.019826412 136.48413 -0.035813227 -0.020531671 0.9991479 10.981323
0.9985577 0.039001398 0.036885854 173.46338 -0.039814115 0.9989745 0.021558672 136.45288 -0.03600717 -0.022996578 0.9990866 10.940918
0.9975911 0.058915492 0.036604747 174.75586 -0.05978959 0.99793935 0.023258036 136.40381 -0.03515858 -0.025390819 0.999059 10.899902
0.99629045 0.07860834 0.035010405 176.00488 -0.079429924 0.9965811 0.022728063 136.32153 -0.03310396 -0.025424488 0.9991285 10.865601
0.99486744 0.09540579 0.033685252 177.27783 -0.096269235 0.99504036 0.025007494 136.20972 -0.031131893 -0.0281225 0.9991194 10.828247
0.99282414 0.11519695 0.032126058 178.61353 -0.11607122 0.9928799 0.026814053 136.0769 -0.028808184 -0.030350236 0.9991239 10.794312
0.99002934 0.13757262 0.030406307 179.93848 -0.13838638 0.9900285 0.02649777 135.91187 -0.026458854 -0.030441005 0.9991862 10.766846
0.9876119 0.15494911 0.024854228 181.24731 -0.15560362 0.9874529 0.02698996 135.7312 -0.020359825 -0.030522972 0.9993264 10.741699
0.98453045 0.17410772 0.019875301 182.55151 -0.17464249 0.9841976 0.02939223 135.51147 -0.0144437635 -0.032409154 0.9993702 10.724976
0.9814758 0.19098003 0.015669556 183.88281 -0.19140704 0.98096335 0.03298343 135.27002 -0.009072173 -0.03537135 0.9993329 10.707275
0.9777275 0.20954654 0.0124520175 185.20801 -0.20985806 0.9771314 0.034483474 135.0122 -0.0049418863 -0.036328025 0.9993276 10.710083
0.97381157 0.22707102 0.011078187 186.552 -0.22732823 0.9731162 0.036878325 134.71265 -0.0024075853 -0.038430758 0.99925876 10.706299
0.9697096 0.24396881 0.011560815 187.90186 -0.24423122 0.96903425 0.036258567 134.38379 -0.0023556715 -0.03798406 0.9992756 10.712524
0.96508926 0.2616414 0.011232702 189.24414 -0.26187795 0.9644343 0.03558535 134.03857 -0.0015226686 -0.03728531 0.9993038 10.714844
0.9598958 0.28031838 0.007332978 190.59253 -0.28040063 0.9592621 0.034976378 133.6648 0.0027701904 -0.035629153 0.9993611 10.732788
0.9554606 0.29513863 0.0049050655 191.94653 -0.2951075 0.9547298 0.037928335 133.26807 0.0065075113 -0.037685905 0.99926865 10.746216
0.94990474 0.31252065 0.0047703916 193.30273 -0.3124604 0.94912064 0.03935153 132.83252 0.007772474 -0.038870215 0.9992137 10.755249
0.9448379 0.3274864 0.0060029533 194.64038 -0.32744634 0.94396365 0.04139587 132.38745 0.007888826 -0.04107824 0.99912494 10.781494
0.93811125 0.34627888 0.004289286 195.98975 -0.34611365 0.9371076 0.04489326 131.91895 0.011524787 -0.043600246 0.998983 10.797485
0.9310381 0.3649735 0.0025233482 197.3523 -0.36469597 0.9300115 0.046044134 131.41089 0.014451884 -0.043789785 0.9989367 10.824097
0.9239087 0.38265923 0.00026642237 198.72705 -0.3822565 0.922904 0.046517294 130.85059 0.017550543 -0.04307916 0.99891764 10.85144
0.9161058 0.40087804 -0.0034414143 200.07886 -0.40028834 0.915162 0.04703358 130.27002 0.022007443 -0.04170958 0.9988872 10.89209
0.9078397 0.41929454 -0.007470009 201.40967 -0.41842508 0.906859 0.05062321 129.70337 0.02800142 -0.042831484 0.99868953 10.941528
0.89790744 0.44013444 -0.008615356 202.74316 -0.43909103 0.8968355 0.05400015 129.06665 0.03148888 -0.044705395 0.99850416 10.990112
0.8854046 0.4647406 -0.008348722 204.08447 -0.46359423 0.8842373 0.056558274 128.39331 0.033669837 -0.04620362 0.99836403 11.045044
0.87243927 0.48852658 -0.006951421 205.41602 -0.48724893 0.8710294 0.06125717 127.69214 0.035992883 -0.050054785 0.9980974 11.110596
0.85798347 0.5135778 -0.0062843333 206.71973 -0.51213634 0.85637534 0.06538767 126.96802 0.0389657 -0.052885443 0.9978404 11.17041
0.8432856 0.53756046 -0.0064095426 207.98486 -0.53594434 0.84156626 0.068362154 126.21387 0.042128842 -0.054210056 0.99764025 11.239502
0.8286027 0.5597171 -0.006003524 209.26587 -0.5579936 0.826805 0.07029105 125.398926 0.04430445 -0.054897547 0.9975096 11.314697
0.8114491 0.5842925 -0.0064137015 210.52686 -0.58243483 0.80965525 0.07152843 124.52905 0.04699483 -0.05430296 0.99741757 11.392334
0.79623044 0.6048682 -0.008701056 211.75708 -0.6027359 0.7944844 0.0736607 123.663086 0.05148225 -0.053398497 0.99724394 11.479858
0.77925605 0.62660563 -0.011641723 212.9607 -0.62413394 0.7775983 0.07618968 122.746826 0.05680432 -0.05210028 0.9970239 11.571045
0.7628332 0.64662886 -0.013502756 214.14355 -0.64394724 0.761287 0.07746831 121.76416 0.060348947 -0.050405305 0.99690455 11.667847
0.7460394 0.66585004 -0.0138722705 215.32153 -0.6629991 0.744497 0.079226464 120.806885 0.06308329 -0.049899377 0.99675846 11.772583
0.7306663 0.68269676 -0.014564529 216.469 -0.67977536 0.7292303 0.07928754 119.75928 0.06474922 -0.048036683 0.9967447 11.877075
0.71391964 0.7000319 -0.014972162 217.60498 -0.6970303 0.712564 0.0796997 118.698 0.066460475 -0.04645704 0.99670637 11.991821
0.6998287 0.71400607 -0.01699048 218.67017 -0.71084535 0.69864285 0.08031892 117.65552 0.069226995 -0.044125788 0.9966241 12.102661
0.68422073 0.728984 -0.018839108 219.76172 -0.7255976 0.6831618 0.08202107 116.56494 0.07267294 -0.042450324 0.9964519 12.220093
0.668967 0.742971 -0.021350423 220.79956 -0.73929715 0.6680778 0.08420026 115.437256 0.07682702 -0.040549986 0.9962203 12.346191
0.6546459 0.7555945 -0.022409188 221.83301 -0.7517062 0.6538322 0.086174265 114.30127 0.07977301 -0.03957296 0.9960277 12.472168
0.6384761 0.76934093 -0.022030538 222.8479 -0.76542765 0.63770443 0.08646054 113.14453 0.080566846 -0.038339894 0.9960115 12.610107
0.6231138 0.781992 -0.018822197 223.83447 -0.7780475 0.62209415 0.08820807 111.95752 0.08065947 -0.040323853 0.9959261 12.745117
0.6071104 0.79450965 -0.013363186 224.7998 -0.7906762 0.6056851 0.08935463 110.751465 0.07908119 -0.043675907 0.9959102 12.884399
0.58676916 0.8097241 -0.008812891 225.72827 -0.806021 0.585062 0.08979216 109.54126 0.077856824 -0.04559498 0.99592257 13.016846
0.5714915 0.8205359 -0.0051327194 226.6416 -0.8169229 0.56954116 0.09039891 108.31836 0.07708506 -0.047472622 0.9958942 13.152588
0.5530782 0.8331662 -0.0029478963 227.49585 -0.8293636 0.55088454 0.09353306 107.0813 0.07956521 -0.049278766 0.99561006 13.293579
0.5364282 0.84403014 0.00039274804 228.31372 -0.84006315 0.5338602 0.097103365 105.85376 0.08174419 -0.052428998 0.9952744 13.435425
0.51497906 0.85710126 0.0026005376 229.10938 -0.853218 0.51235026 0.0967207 104.592285 0.08156475 -0.0520587 0.9953106 13.580933
0.49314457 0.86988825 0.0070304074 229.87524 -0.8662695 0.49032277 0.095429674 103.32446 0.079566725 -0.053142413 0.99541116 13.71936
0.47427788 0.8802901 0.010081207 230.56812 -0.87692946 0.47139856 0.0934369 102.07007 0.07749279 -0.05314712 0.9955746 13.849976
0.45354795 0.8911956 0.01344656 231.26367 -0.88805294 0.4505602 0.09206974 100.784424 0.07596595 -0.05370038 0.99566376 13.989624
0.43186265 0.90191644 0.014704269 231.9314 -0.8989096 0.42895257 0.0902077 99.497314 0.07503087 -0.052173752 0.9958155 14.12085
0.41161436 0.9110611 0.017112546 232.52515 -0.90815616 0.40861776 0.089659974 98.21509 0.07469762 -0.05246053 0.99582654 14.244629
0.39045453 0.92045224 0.017033765 233.10571 -0.9176029 0.38761804 0.08792993 96.94043 0.07435052 -0.049953688 0.9959796 14.370605
0.368297 0.92968595 0.01656848 233.66089 -0.9267325 0.36555657 0.08815137 95.64258 0.07586563 -0.047821328 0.9959709 14.497559
0.34637436 0.93805677 0.016486974 234.14429 -0.9350917 0.34374458 0.08739301 94.37671 0.07630366 -0.045660365 0.9960366 14.620972
0.32359475 0.9459497 0.016562836 234.61694 -0.94311064 0.3211351 0.084995255 93.0813 0.075094044 -0.0431326 0.9962436 14.747559
0.30375442 0.95255834 0.016023923 235.03906 -0.94963235 0.30138883 0.085166134 91.81177 0.076306514 -0.041083567 0.9962374 14.864502
0.2825284 0.9591718 0.017801967 235.44897 -0.9559682 0.27993417 0.088927805 90.54004 0.08031621 -0.042129323 0.99587786 14.989502
0.26377955 0.964509 0.019996893 235.82593 -0.96050566 0.2606364 0.098740585 89.288086 0.09003313 -0.045238785 0.9949101 15.116821
0.24606264 0.9690368 0.022451987 236.17188 -0.9644134 0.24243279 0.10589165 88.041016 0.097194426 -0.04771227 0.99412197 15.25293
0.22706152 0.9735794 0.026233586 236.49707 -0.9686819 0.22295979 0.10975662 86.78882 0.10101434 -0.050347913 0.99361175 15.400024
0.20430358 0.97839725 0.02989172 236.79565 -0.97351265 0.1999056 0.110504836 85.52881 0.10214942 -0.05171472 0.99342704 15.543213
0.18621056 0.98200047 0.03499136 237.06616 -0.97732407 0.18139514 0.11023125 84.30127 0.10190514 -0.054697577 0.9932875 15.683228
0.16604547 0.98539037 0.039782606 237.31201 -0.9808861 0.16083871 0.11014993 83.05371 0.10215776 -0.05727476 0.99311537 15.831665
0.1468603 0.988281 0.040947143 237.51514 -0.9839618 0.14174283 0.10803742 81.808105 0.10096572 -0.056154974 0.9933035 15.975586
0.12876889 0.990728 0.04400528 237.6958 -0.9865195 0.12343876 0.10770014 80.586914 0.1012644 -0.057263784 0.99320877 16.10962
0.10719815 0.99327767 0.044237874 237.84692 -0.98901504 0.10196131 0.107238926 79.36377 0.10201497 -0.05524073 0.99324757 16.25708
0.09194145 0.99452835 0.050025515 237.98242 -0.99016154 0.08597586 0.11058503 78.16748 0.10567195 -0.05968914 0.992607 16.389648
0.070732884 0.99602693 0.054128774 238.08691 -0.9916213 0.064327635 0.11204877 76.964355 0.10814726 -0.061627977 0.9922258 16.533813
0.05326629 0.9970541 0.055275887 238.17358 -0.99299604 0.047041412 0.10840488 75.77954 0.10547289 -0.06063383 0.99256927 16.673096
0.03953982 0.9977837 0.053491928 238.24683 -0.9939759 0.033799704 0.10423905 74.59595 0.102212474 -0.05728847 0.99311167 16.810547
0.024420448 0.998201 0.05466223 238.28076 -0.99482125 0.018872794 0.09983094 73.418945 0.09859634 -0.056820795 0.99350387 16.94336
0.011284354 0.99846745 0.054121383 238.30762 -0.9953872 0.0060582133 0.09572985 72.27783 0.09527962 -0.054976292 0.9939337 17.070435
0.001234779 0.99857986 0.05325405 238.32642 -0.99541306 -0.0038684667 0.09561167 71.14038 0.09567918 -0.053157136 0.99399406 17.203125
-0.009469498 0.9984184 0.055428177 238.31958 -0.995115 -0.014853729 0.09759294 70.01587 0.098237336 -0.054208525 0.9936831 17.331055
-0.014143096 0.99828625 0.056875553 238.32349 -0.9948893 -0.019739863 0.09908182 68.90674 0.10003079 -0.05518907 0.99345315 17.448486
-0.02032256 0.9981802 0.05690834 238.3208 -0.99434286 -0.02611661 0.10305792 67.81592 0.10430774 -0.05451181 0.9930504 17.567505
-0.026409985 0.99792254 0.058755793 238.29517 -0.99339086 -0.03277016 0.11002133 66.743164 0.111735545 -0.055494197 0.9921905 17.713745
-0.028427364 0.9976255 0.06254655 238.271 -0.9929739 -0.035367012 0.112778306 65.67627 0.11475685 -0.058852542 0.99164546 17.84497
-0.034402613 0.99756825 0.060653657 238.24316 -0.99363285 -0.0406611 0.10511129 64.592285 0.107354365 -0.056677237 0.99260706 17.969727
-0.03567815 0.9977344 0.0568772 238.21094 -0.99459136 -0.04100013 0.09531012 63.533203 0.09744981 -0.053139474 0.99381906 18.08374
-0.038292173 0.99769276 0.05604338 238.17847 -0.99486417 -0.04332388 0.09145875 62.486084 0.09371436 -0.05224959 0.9942277 18.202026
-0.039708495 0.9976001 0.057129662 238.14404 -0.9947328 -0.04488576 0.092441015 61.436768 0.094737284 -0.05319527 0.99408185 18.313599
-0.03770423 0.99759334 0.058278583 238.1101 -0.9944806 -0.04317415 0.095677435 60.411377 0.09794042 -0.054339945 0.9937064 18.421875
-0.0356735 0.99757653 0.060049027 238.08374 -0.99432665 -0.04146444 0.098159336 59.3833 0.10038549 -0.056216985 0.99335945 18.534546
-0.033629537 0.9975764 0.0607759 238.05713 -0.994304 -0.039541833 0.098858856 58.37256 0.10103055 -0.0570658 0.9932423 18.644165
-0.031584382 0.9975553 0.062387593 238.02954 -0.99423915 -0.03775405 0.10034025 57.36084 0.102443926 -0.05884819 0.9929956 18.758545
-0.027521139 0.99766535 0.062434774 238.00342 -0.99428475 -0.033764835 0.10123013 56.348145 0.103126906 -0.05928468 0.99289984 18.871948
-0.022791743 0.9976352 0.06495099 237.99316 -0.9943309 -0.02937436 0.1022759 55.348877 0.10393009 -0.06226824 0.99263465 18.981323
-0.015435577 0.9977808 0.064799815 237.98633 -0.99458915 -0.021978255 0.10155844 54.350098 0.102715604 -0.062878415 0.9927203 19.09143
-0.009977107 0.99795437 0.06307289 237.9834 -0.9949108 -0.016228195 0.09936568 53.355957 0.100210816 -0.06172526 0.99304736 19.206543
-0.00071489974 0.9982029 0.059965573 237.97852 -0.9950502 -0.006667963 0.099142365 52.3667 0.09936826 -0.059555057 0.99326366 19.317627
0.005282462 0.99825627 0.058746252 237.99341 -0.9950153 -0.0006024834 0.09973023 51.37793 0.099567406 -0.059018675 0.99328154 19.422485
0.01128304 0.998292 0.057345767 238.00269 -0.9950739 0.0055611134 0.09898976 50.391357 0.09849297 -0.058173716 0.99343526 19.530518
0.017314432 0.9981473 0.058342133 238.0249 -0.99509037 0.011514487 0.0983101 49.404297 0.09746275 -0.059762985 0.99344367 19.633423
0.024546148 0.99804544 0.057377182 238.05591 -0.9951636 0.018939257 0.09633987 48.416748 0.0950333 -0.059466533 0.9936959 19.736206
0.03111875 0.99796635 0.055610914 238.08594 -0.99517846 0.0257622 0.09461956 47.440918 0.09296047 -0.05826965 0.9939613 19.842896
0.03841281 0.9977088 0.055473324 238.12036 -0.99491304 0.033018887 0.095069565 46.466675 0.09301825 -0.058873765 0.9939245 19.942383
0.042928517 0.99757826 0.054678835 238.16699 -0.9946144 0.037510395 0.0965965 45.48889 0.09426245 -0.058521144 0.9938242 20.042725
0.050739232 0.99727 0.05341912 238.21924 -0.9941023 0.045310322 0.09840947 44.5282 0.095677905 -0.058092047 0.99371445 20.136719
0.05856699 0.99681336 0.05428152 238.28003 -0.9935832 0.0529331 0.1000257 43.56848 0.0967991 -0.059786696 0.9935057 20.237793
0.063239396 0.9964436 0.055892784 238.354 -0.99329317 0.057400767 0.10047695 42.611572 0.09694268 -0.061873533 0.9933657 20.335083
0.07104034 0.99590284 0.056087818 238.43164 -0.9928341 0.06517261 0.10025252 41.64441 0.096211076 -0.06283084 0.9933784 20.438599
0.07688069 0.9955128 0.05529423 238.51929 -0.9925954 0.07118225 0.09850428 40.678345 0.09414326 -0.06247515 0.9935983 20.535889
0.08273674 0.9950376 0.055579044 238.60864 -0.99241287 0.07716191 0.09589225 39.73108 0.091132484 -0.06308134 0.9938383 20.635742
0.0910446 0.9944033 0.05437082 238.69946 -0.9918337 0.08561738 0.094943106 38.769775 0.08976775 -0.06254386 0.99399525 20.731567
0.096761174 0.99383485 0.053486295 238.80225 -0.99107164 0.09128159 0.09685005 37.82715 0.09134828 -0.062397182 0.9938633 20.830566
0.104366966 0.99322915 0.050657973 238.90576 -0.99034303 0.09913009 0.09673525 36.860962 0.09105702 -0.060270194 0.9940206 20.9198
0.11379707 0.9923169 0.04794534 239.00732 -0.9891093 0.108650096 0.09899982 35.920532 0.09298472 -0.058680072 0.99393547 21.01831
0.122628756 0.99133426 0.047069665 239.13525 -0.98793113 0.11741084 0.10102144 34.99536 0.09462038 -0.058897365 0.99377036 21.110107
0.13271827 0.9900754 0.046113677 239.2666 -0.9865258 0.12746495 0.102522805 34.052246 0.0956504 -0.059116963 0.99365973 21.211426
0.140279 0.98902994 0.04650046 239.40381 -0.9857087 0.13506989 0.100771666 33.12793 0.09338478 -0.059971802 0.9938222 21.304565
0.14535509 0.9882279 0.0476165 239.55396 -0.98510104 0.14009047 0.099691294 32.186646 0.09186639 -0.061392345 0.9938767 21.397705
0.14913051 0.9876109 0.049542744 239.70605 -0.9846212 0.14367515 0.099727005 31.250366 0.0913863 -0.06364271 0.9937791 21.489502
0.15224001 0.9871436 0.04935886 239.85352 -0.9840113 0.14668733 0.10135079 30.308472 0.09281837 -0.06401497 0.99362475 21.583252
0.15591992 0.986647 0.04871202 240.0127 -0.9833651 0.1503281 0.102702305 29.3573 0.09402855 -0.063906945 0.99351615 21.676758
0.15773557 0.9863023 0.047006678 240.1709 -0.98291093 0.15228857 0.10286002 28.40393 0.09431871 -0.062459107 0.9935835 21.768555
0.16015695 0.9860307 0.04459511 240.33301 -0.9826949 0.1550585 0.100826845 27.450684 0.092468776 -0.059971876 0.9939073 21.866089
0.16451338 0.9854569 0.04406722 240.49194 -0.9820071 0.15937854 0.10191536 26.480347 0.09342973 -0.06001545 0.9938137 21.964478
0.1681515 0.9849015 0.04260105 240.66211 -0.9812949 0.16308631 0.10285872 25.527832 0.094361536 -0.059079595 0.9937819 22.060425
0.1713269 0.9843391 0.04315577 240.84131 -0.9810119 0.16634303 0.10040121 24.558594 0.09167885 -0.059529264 0.9940076 22.156006
0.17374492 0.98404735 0.039913468 241.01709 -0.98088604 0.16926867 0.096620634 23.5802 0.088316 -0.05590511 0.99451995 22.24878
0.1774462 0.9833921 0.03910435 241.19629 -0.98039865 0.173154 0.094408184 22.619995 0.08603873 -0.055079874 0.9947671 22.338257
0.18354298 0.98238 0.037558094 241.38135 -0.97914547 0.17924947 0.09647825 21.644653 0.08805347 -0.054458328 0.9946244 22.43689
0.18895622 0.9812396 0.036502294 241.56812 -0.9778102 0.18463786 0.09830872 20.672363 0.08974321 -0.054277457 0.9944855 22.531738
0.1937843 0.9803859 0.033621527 241.76392 -0.9768902 0.18974529 0.09759783 19.703125 0.08931472 -0.051786635 0.9946583 22.61853
0.20353825 0.9784215 0.03362749 241.97095 -0.97503203 0.19950245 0.09686232 18.736816 0.08807813 -0.052534238 0.99472964 22.71289
0.2089414 0.9773065 0.031999093 242.17847 -0.9739832 0.20510834 0.0953812 17.765137 0.086657874 -0.051106155 0.99492687 22.80603
0.22029577 0.9749413 0.028992936 242.3977 -0.9715111 0.21668261 0.095388554 16.797852 0.08672916 -0.0492067 0.995018 22.902466
0.23095511 0.9727277 0.0246936 242.62085 -0.96910095 0.22766328 0.09571303 15.828369 0.08748175 -0.046037298 0.99510217 22.995483
0.24222122 0.969874 0.023415662 242.85498 -0.96630865 0.23904203 0.0948044 14.86084 0.08633506 -0.04562165 0.99522305 23.086914
0.25290668 0.9672504 0.022933463 243.10815 -0.9638862 0.24983029 0.092575535 13.909302 0.08382299 -0.04553735 0.9954413 23.176636
0.26285568 0.9645834 0.021922197 243.38135 -0.96136755 0.2599204 0.09062007 12.947754 0.08169333 -0.044907175 0.99564594 23.271606
0.27332383 0.9617934 0.022868998 243.65723 -0.95842284 0.27014682 0.09337258 12.007324 0.0836086 -0.047413558 0.99536824 23.356934
0.28545517 0.95804274 0.0234827 243.94043 -0.9546079 0.28210187 0.09501159 11.080078 0.08440725 -0.049562145 0.9951998 23.444946
0.294094 0.95541006 0.023973908 244.23828 -0.9519703 0.290632 0.095732614 10.142456 0.08449749 -0.051006407 0.99511963 23.541626
0.30382863 0.95235884 0.025479078 244.5481 -0.9491259 0.30026713 0.09458954 9.198364 0.08243538 -0.052914344 0.99518996 23.629272
0.31523293 0.94866776 0.026154077 244.87231 -0.94560957 0.31164294 0.09340693 8.26001 0.08045704 -0.054152872 0.99528414 23.714722
0.3220562 0.9464466 0.026228864 245.19092 -0.94355637 0.31852943 0.09170041 7.3413086 0.07844309 -0.054288384 0.9954402 23.80066
0.33101788 0.94319516 0.026599212 245.521 -0.9403747 0.32744753 0.091476955 6.4074707 0.07759691 -0.055286285 0.99545 23.89087
0.33831602 0.94051874 0.02725495 245.8601 -0.9379604 0.33482036 0.08892051 5.484497 0.07449093 -0.055664923 0.99566823 23.974243
0.34611872 0.93789417 0.027807847 246.20337 -0.93537873 0.3425461 0.08911884 4.5686035 0.074073836 -0.05684985 0.99563074 24.055786
0.35432312 0.9348289 0.02656058 246.54834 -0.9321136 0.35070026 0.091249354 3.66333 0.07599523 -0.057081807 0.99547255 24.1427
0.3614198 0.93186724 0.026923846 246.90796 -0.92908967 0.35766312 0.092715666 2.7574463 0.07679305 -0.058536477 0.99532795 24.219849
0.36962718 0.9288161 0.027302433 247.27832 -0.92620265 0.3659031 0.09126635 1.854126 0.07479642 -0.059014026 0.9954504 24.298706
0.37884697 0.92499524 0.026690595 247.65259 -0.9224754 0.37521708 0.09002422 0.96484375 0.07327339 -0.058727607 0.9955811 24.378296
0.3869406 0.92169785 0.026353495 248.03906 -0.91937053 0.3834607 0.08753236 0.08459473 0.07057126 -0.058107566 0.9958134 24.462036
0.39659 0.9177442 0.026686005 248.42407 -0.9157114 0.39326867 0.08401026 -0.80737305 0.06660604 -0.057725705 0.9961059 24.540771
0.40351754 0.9145993 0.027520258 248.81763 -0.9128106 0.40027836 0.08142238 -1.6798096 0.06344769 -0.057973452 0.9962997 24.611938
0.4135704 0.90984726 0.029439166 249.229 -0.9081827 0.4101677 0.081842974 -2.5543213 0.062381446 -0.060586736 0.9962118 24.673828
0.42092413 0.90647566 0.029947 249.63403 -0.9049123 0.4175172 0.08113929 -3.416748 0.061072856 -0.0612529 0.9962514 24.742554
0.42977867 0.90259135 0.030469604 250.04663 -0.90118307 0.42641908 0.07965271 -4.2617188 0.058881864 -0.06168314 0.9963572 24.812256
0.43855864 0.8982827 0.030811634 250.4751 -0.8969967 0.43523818 0.07849194 -5.120117 0.057080563 -0.06206434 0.9964391 24.869751
0.44698384 0.89404744 0.030525718 250.90845 -0.8927862 0.44368201 0.078249015 -5.9678955 0.056420516 -0.06220897 0.9964654 24.937744
0.4541008 0.8903594 0.029921303 251.3335 -0.8890703 0.45080113 0.07859025 -6.791504 0.056499977 -0.062306855 0.99645734 24.994263
0.462938 0.8858785 0.029694194 251.77637 -0.8845783 0.4596062 0.07912155 -7.6309814 0.056437735 -0.06291057 0.9964234 25.058838
0.47172275 0.88118565 0.030132094 252.23242 -0.87999135 0.46840543 0.078297146 -8.463379 0.054890238 -0.06345975 0.99647415 25.108887
0.47844437 0.87739503 0.030571628 252.68164 -0.87634706 0.47520533 0.07658835 -9.279419 0.052667685 -0.06345963 0.99659556 25.173096
0.48539454 0.87366647 0.03118372 253.15308 -0.8728775 0.48235962 0.07273757 -10.111694 0.0485056 -0.062548384 0.9968641 25.230469
0.49030796 0.8711285 0.031337857 253.62427 -0.8704678 0.4873993 0.07053463 -10.927734 0.04615563 -0.061844204 0.9970171 25.28125
0.49520725 0.8682068 0.033932813 254.11353 -0.86778855 0.49226677 0.06913108 -11.755737 0.04331469 -0.0636656 0.9970298 25.332642
0.49790707 0.86653554 0.035358045 254.5918 -0.8664172 0.49521858 0.06421101 -12.578369 0.038140904 -0.0625958 0.99730885 25.377075
0.50058705 0.86486 0.03689344 255.0625 -0.8649209 0.49796644 0.06223739 -13.392822 0.035466895 -0.063080736 0.9973784 25.418823
