0.0000 -0.0000 0.0000 0.0000 0.0000 -0.0000 -0.0000 1.0000
0.1039 -0.0867 -0.0069 0.0081 0.0001 0.0074 -0.0002 1.0000
0.2077 0.0587 0.0190 0.3406 0.0004 0.0189 -0.0023 0.9998
0.3119 0.0192 0.0155 0.4173 -0.0003 0.0316 -0.0027 0.9995
0.4159 0.0888 0.0095 0.5793 -0.0014 0.0481 -0.0025 0.9988
0.5200 0.1744 0.0154 0.7985 -0.0026 0.0675 -0.0011 0.9977
0.6241 0.2270 -0.0015 0.9654 -0.0027 0.0874 0.0005 0.9962
0.7282 0.3270 0.0059 1.2120 -0.0031 0.1091 0.0006 0.9940
0.8325 0.4155 0.0181 1.3830 -0.0048 0.1337 0.0002 0.9910
0.9366 0.5617 0.0314 1.6877 -0.0079 0.1583 0.0015 0.9874
1.0408 0.6784 0.0136 1.8566 -0.0114 0.1832 0.0056 0.9830
1.1449 0.8458 0.0058 2.0670 -0.0134 0.2094 0.0079 0.9777
1.2490 1.0268 0.0055 2.3160 -0.0151 0.2376 0.0081 0.9712
1.3531 1.2047 0.0331 2.5313 -0.0173 0.2655 0.0083 0.9639
1.4571 1.4312 0.0329 2.7974 -0.0191 0.2945 0.0100 0.9554
1.5611 1.6888 0.0345 2.9790 -0.0201 0.3232 0.0120 0.9460
1.6651 1.9433 0.0477 3.1954 -0.0209 0.3508 0.0138 0.9361
1.7690 2.2556 0.0603 3.4296 -0.0208 0.3785 0.0150 0.9253
1.8729 2.5390 0.0725 3.6276 -0.0211 0.4052 0.0156 0.9139
1.9768 2.8956 0.0921 3.8427 -0.0226 0.4304 0.0146 0.9022
2.0805 3.2153 0.1111 4.0746 -0.0234 0.4543 0.0142 0.8904
2.1841 3.5905 0.1283 4.2575 -0.0240 0.4758 0.0142 0.8791
2.2879 4.0316 0.1418 4.4858 -0.0249 0.4956 0.0148 0.8681
2.3915 4.4432 0.1674 4.6675 -0.0253 0.5142 0.0141 0.8572
2.4951 4.8963 0.1901 4.8395 -0.0247 0.5314 0.0138 0.8467
2.5988 5.3951 0.2097 5.0535 -0.0228 0.5474 0.0139 0.8365
2.7023 5.8746 0.2264 5.2369 -0.0208 0.5606 0.0141 0.8277
2.8059 6.4429 0.2517 5.4085 -0.0189 0.5719 0.0140 0.8200
2.9094 7.0108 0.2801 5.5752 -0.0180 0.5810 0.0143 0.8136
3.0129 7.6158 0.3078 5.7762 -0.0175 0.5871 0.0149 0.8092
3.1165 8.2440 0.3195 5.9290 -0.0177 0.5918 0.0157 0.8057
3.2201 8.9030 0.3488 6.1523 -0.0187 0.5962 0.0160 0.8025
3.3237 9.5419 0.3833 6.3385 -0.0201 0.6009 0.0161 0.7989
3.4274 10.2322 0.4103 6.5131 -0.0208 0.6050 0.0165 0.7958
3.5310 10.9175 0.4392 6.7069 -0.0221 0.6091 0.0168 0.7926
3.6348 11.6772 0.4662 6.8825 -0.0225 0.6133 0.0173 0.7893
3.7384 12.4317 0.4971 7.0606 -0.0232 0.6177 0.0176 0.7859
3.8421 13.1952 0.5346 7.2315 -0.0247 0.6223 0.0181 0.7822
3.9458 13.9761 0.5797 7.3853 -0.0268 0.6265 0.0187 0.7787
4.0495 14.7631 0.6229 7.5597 -0.0278 0.6315 0.0202 0.7746
4.1532 15.5500 0.6550 7.7482 -0.0290 0.6367 0.0207 0.7703
4.2570 16.3624 0.6871 7.8907 -0.0293 0.6417 0.0209 0.7661
4.3608 17.1805 0.7282 7.9971 -0.0293 0.6472 0.0204 0.7615
4.4645 17.9415 0.7755 8.1237 -0.0292 0.6539 0.0197 0.7557
4.5684 18.7590 0.8032 8.2097 -0.0292 0.6617 0.0186 0.7490
4.6723 19.5758 0.8558 8.3435 -0.0298 0.6710 0.0172 0.7407
4.7761 20.4515 0.8889 8.3672 -0.0306 0.6820 0.0157 0.7305
4.8801 21.2930 0.9325 8.3708 -0.0311 0.6938 0.0150 0.7193
4.9841 22.0893 0.9620 8.3474 -0.0308 0.7063 0.0143 0.7071
5.0881 22.9584 0.9937 8.3323 -0.0304 0.7187 0.0138 0.6946
5.1920 23.7846 1.0206 8.2889 -0.0301 0.7295 0.0123 0.6832
5.2959 24.6225 1.0581 8.2239 -0.0291 0.7404 0.0108 0.6714
5.3998 25.4929 1.0812 8.0579 -0.0265 0.7517 0.0101 0.6589
5.5036 26.3106 1.1060 7.8745 -0.0230 0.7623 0.0099 0.6468
5.6074 27.1254 1.1118 7.7441 -0.0187 0.7720 0.0101 0.6353
5.7113 27.9291 1.1297 7.5369 -0.0149 0.7812 0.0102 0.6241
5.8150 28.7192 1.1561 7.2912 -0.0098 0.7904 0.0116 0.6125
5.9188 29.5644 1.1502 7.0283 -0.0046 0.7986 0.0102 0.6018
6.0224 30.3366 1.1435 6.7389 0.0014 0.8066 0.0059 0.5910
6.1261 31.1345 1.1186 6.4815 0.0067 0.8144 -0.0013 0.5803
6.2298 31.9005 1.0826 6.1994 0.0108 0.8221 -0.0082 0.5692
6.3335 32.6459 1.0457 5.8790 0.0152 0.8295 -0.0112 0.5582
6.4371 33.4292 0.9937 5.5150 0.0175 0.8366 -0.0119 0.5473
6.5409 34.1824 0.9573 5.1398 0.0180 0.8432 -0.0108 0.5371
6.6445 34.9156 0.9155 4.7887 0.0183 0.8492 -0.0074 0.5277
6.7483 35.6389 0.8782 4.3883 0.0196 0.8546 -0.0035 0.5189
6.8519 36.3520 0.8343 4.0087 0.0210 0.8588 -0.0021 0.5119
6.9555 37.0399 0.7840 3.5800 0.0227 0.8617 -0.0025 0.5069
7.0590 37.7634 0.7355 3.2090 0.0236 0.8649 -0.0031 0.5013
7.1628 38.4247 0.6789 2.8471 0.0216 0.8681 -0.0059 0.4958
7.2664 39.1531 0.6657 2.3915 0.0208 0.8713 -0.0060 0.4903
7.3701 39.7882 0.6153 1.9822 0.0217 0.8737 -0.0058 0.4859
7.4738 40.4918 0.5819 1.5012 0.0238 0.8755 -0.0052 0.4826
7.5774 41.2080 0.5446 1.0694 0.0248 0.8766 -0.0067 0.4805
7.6810 41.9110 0.4966 0.6407 0.0250 0.8767 -0.0079 0.4804
7.7847 42.6194 0.4523 0.1827 0.0259 0.8760 -0.0071 0.4816
7.8883 43.3590 0.4059 -0.2914 0.0252 0.8741 -0.0073 0.4851
7.9919 44.1180 0.3579 -0.7164 0.0242 0.8721 -0.0076 0.4886
8.0956 44.9239 0.3189 -1.1985 0.0236 0.8701 -0.0082 0.4922
8.1994 45.7306 0.2641 -1.6518 0.0223 0.8681 -0.0088 0.4957
8.3031 46.5348 0.2196 -2.0979 0.0207 0.8669 -0.0096 0.4980
8.4070 47.3535 0.1794 -2.5915 0.0182 0.8666 -0.0106 0.4986
8.5108 48.2010 0.1285 -3.0723 0.0168 0.8665 -0.0108 0.4988
8.6146 49.0358 0.0735 -3.5418 0.0159 0.8668 -0.0111 0.4983
8.7184 49.9518 0.0306 -4.0041 0.0159 0.8674 -0.0108 0.4972
8.8221 50.8322 -0.0201 -4.5418 0.0157 0.8671 -0.0105 0.4978
8.9259 51.7103 -0.0594 -5.0835 0.0157 0.8670 -0.0100 0.4980
9.0296 52.5757 -0.1149 -5.5824 0.0154 0.8672 -0.0100 0.4976
9.1335 53.4823 -0.1589 -6.0730 0.0145 0.8672 -0.0100 0.4976
9.2373 54.3659 -0.2251 -6.5984 0.0141 0.8673 -0.0099 0.4975
9.3410 55.2879 -0.2685 -7.1407 0.0137 0.8669 -0.0102 0.4982
9.4448 56.1778 -0.3383 -7.6030 0.0127 0.8669 -0.0097 0.4983
9.5485 57.0543 -0.3757 -8.1647 0.0126 0.8664 -0.0085 0.4991
9.6522 57.9432 -0.4349 -8.6539 0.0121 0.8655 -0.0075 0.5008
9.7559 58.8408 -0.4934 -9.1634 0.0119 0.8649 -0.0073 0.5018
9.8596 59.7506 -0.5339 -9.6649 0.0123 0.8641 -0.0070 0.5032
9.9635 60.6201 -0.5816 -10.1576 0.0126 0.8639 -0.0074 0.5035
10.0673 61.4890 -0.6282 -10.6316 0.0128 0.8642 -0.0081 0.5030
10.1711 62.3787 -0.6730 -11.1510 0.0129 0.8648 -0.0098 0.5018
10.2750 63.2374 -0.7272 -11.6353 0.0128 0.8660 -0.0106 0.4997
10.3789 64.1203 -0.7761 -12.1542 0.0125 0.8677 -0.0102 0.4968
10.4828 64.9917 -0.8316 -12.6452 0.0125 0.8693 -0.0075 0.4941
10.5865 65.8377 -0.8681 -13.1391 0.0113 0.8710 -0.0076 0.4910
10.6904 66.6857 -0.9379 -13.6747 0.0118 0.8722 -0.0085 0.4889
10.7941 67.5408 -0.9855 -14.2093 0.0128 0.8737 -0.0096 0.4863
10.8980 68.3617 -1.0339 -14.6987 0.0124 0.8749 -0.0102 0.4840
11.0017 69.2069 -1.0900 -15.2520 0.0119 0.8761 -0.0114 0.4819
11.1054 70.0218 -1.1507 -15.7364 0.0118 0.8771 -0.0108 0.4800
11.2091 70.8159 -1.1915 -16.2896 0.0105 0.8779 -0.0068 0.4788
11.3129 71.6612 -1.2325 -16.8515 0.0082 0.8783 -0.0026 0.4780
11.4166 72.4993 -1.2449 -17.3772 0.0081 0.8788 -0.0006 0.4770
11.5204 73.2962 -1.2884 -17.8503 0.0091 0.8791 -0.0033 0.4765
11.6240 74.0545 -1.3355 -18.4057 0.0105 0.8797 -0.0057 0.4754
11.7278 74.8258 -1.3604 -18.9062 0.0141 0.8798 -0.0050 0.4752
11.8315 75.6409 -1.4067 -19.4001 0.0153 0.8797 -0.0037 0.4752
11.9353 76.4664 -1.4605 -19.9641 0.0141 0.8796 -0.0025 0.4755
12.0389 77.2316 -1.4810 -20.4546 0.0124 0.8795 -0.0010 0.4758
12.1426 78.0469 -1.5122 -20.9435 0.0106 0.8791 0.0014 0.4764
12.2464 78.8535 -1.5390 -21.4899 0.0060 0.8791 0.0001 0.4766
12.3501 79.6773 -1.5715 -22.0051 0.0021 0.8786 -0.0016 0.4775
12.4539 80.4717 -1.5873 -22.5057 0.0031 0.8780 -0.0001 0.4786
12.5576 81.2705 -1.6193 -22.9787 0.0055 0.8771 0.0011 0.4803
12.6614 82.0671 -1.6384 -23.4916 0.0067 0.8756 -0.0001 0.4829
12.7651 82.8209 -1.6471 -23.9924 0.0095 0.8736 0.0017 0.4865
12.8688 83.6159 -1.6949 -24.4665 0.0120 0.8714 0.0038 0.4904
12.9724 84.3836 -1.7330 -24.9276 0.0113 0.8687 0.0031 0.4953
13.0762 85.2002 -1.7491 -25.4060 0.0091 0.8653 0.0027 0.5011
13.1799 86.0077 -1.7718 -25.8249 0.0091 0.8619 0.0048 0.5069
13.2837 86.8431 -1.7951 -26.2632 0.0084 0.8585 0.0050 0.5128
13.3874 87.6722 -1.8155 -26.6727 0.0082 0.8552 0.0053 0.5183
13.4911 88.5199 -1.8269 -27.1067 0.0097 0.8514 0.0057 0.5245
13.5949 89.3329 -1.8597 -27.4873 0.0101 0.8478 0.0043 0.5302
13.6988 90.1539 -1.8792 -27.8750 0.0132 0.8447 0.0004 0.5351
13.8025 90.9955 -1.9378 -28.2444 0.0145 0.8405 -0.0016 0.5416
13.9063 91.8573 -1.9482 -28.5993 0.0130 0.8376 -0.0012 0.5462
14.0100 92.7172 -2.0054 -28.9595 0.0114 0.8339 0.0006 0.5518
14.1138 93.5400 -2.0196 -29.2858 0.0114 0.8305 -0.0006 0.5569
14.2176 94.3736 -2.0609 -29.5997 0.0113 0.8286 -0.0044 0.5597
14.3215 95.2878 -2.0593 -29.9447 0.0126 0.8270 -0.0084 0.5619
14.4254 96.1183 -2.1211 -30.2972 0.0124 0.8259 -0.0110 0.5635
14.5293 96.9408 -2.1592 -30.5871 0.0111 0.8251 -0.0122 0.5648
14.6331 97.7829 -2.2049 -30.9031 0.0118 0.8237 -0.0120 0.5668
14.7369 98.6810 -2.2639 -31.2264 0.0100 0.8218 -0.0112 0.5696
14.8408 99.5481 -2.3027 -31.5614 0.0085 0.8201 -0.0095 0.5720
14.9445 100.3510 -2.3479 -31.8601 0.0078 0.8185 -0.0085 0.5743
15.0483 101.2467 -2.3588 -32.1518 0.0075 0.8170 -0.0088 0.5766
15.1520 102.0643 -2.4151 -32.4062 0.0027 0.8148 -0.0135 0.5796
15.2558 102.8789 -2.4615 -32.6758 0.0035 0.8131 -0.0154 0.5819
15.3595 103.7226 -2.5204 -32.9366 0.0043 0.8111 -0.0164 0.5847
15.4633 104.5421 -2.5576 -33.2056 0.0044 0.8091 -0.0158 0.5874
15.5671 105.3940 -2.5623 -33.4439 0.0045 0.8069 -0.0132 0.5906
15.6709 106.2950 -2.6343 -33.7268 0.0023 0.8045 -0.0121 0.5938
15.7746 107.1828 -2.6684 -33.9713 0.0033 0.8026 -0.0133 0.5964
15.8784 108.0678 -2.7191 -34.2203 0.0039 0.8006 -0.0156 0.5990
15.9822 108.9408 -2.7482 -34.4868 0.0039 0.7984 -0.0163 0.6019
16.0861 109.7441 -2.7956 -34.7135 0.0029 0.7960 -0.0163 0.6051
16.1898 110.5854 -2.8316 -34.9104 0.0040 0.7936 -0.0151 0.6082
16.2935 111.4656 -2.8970 -35.1483 0.0062 0.7912 -0.0133 0.6113
16.3973 112.3482 -2.9175 -35.3665 0.0074 0.7892 -0.0122 0.6140
16.5010 113.2437 -2.9607 -35.5605 0.0037 0.7870 -0.0152 0.6167
16.6048 114.0956 -2.9958 -35.7365 0.0039 0.7851 -0.0148 0.6192
16.7086 114.9907 -3.0379 -35.9426 0.0041 0.7837 -0.0140 0.6209
16.8124 115.8507 -3.0693 -36.1572 0.0043 0.7821 -0.0132 0.6230
16.9162 116.7204 -3.1194 -36.3297 0.0060 0.7808 -0.0126 0.6246
17.0200 117.6045 -3.1626 -36.5445 0.0063 0.7792 -0.0120 0.6267
17.1238 118.4365 -3.2073 -36.7232 0.0082 0.7771 -0.0081 0.6293
17.2275 119.3405 -3.2404 -36.9006 0.0091 0.7756 -0.0068 0.6311
17.3314 120.1958 -3.2771 -37.0582 0.0094 0.7744 -0.0073 0.6326
17.4351 121.0231 -3.3225 -37.2209 0.0083 0.7729 -0.0097 0.6344
17.5390 121.8970 -3.3429 -37.3744 0.0082 0.7725 -0.0095 0.6349
17.6429 122.7639 -3.3987 -37.5168 0.0079 0.7721 -0.0095 0.6353
17.7466 123.6224 -3.4257 -37.7063 0.0064 0.7720 -0.0077 0.6355
17.8505 124.5097 -3.4968 -37.8611 0.0042 0.7719 -0.0059 0.6357
17.9543 125.3953 -3.5109 -38.0325 0.0043 0.7715 -0.0041 0.6362
18.0581 126.2773 -3.5568 -38.1867 0.0051 0.7711 -0.0074 0.6366
18.1619 127.0700 -3.5921 -38.3434 0.0050 0.7713 -0.0095 0.6364
18.2658 127.9121 -3.6226 -38.5188 0.0054 0.7709 -0.0087 0.6368
18.3696 128.7868 -3.6510 -38.6818 0.0048 0.7708 -0.0084 0.6370
18.4734 129.6638 -3.6788 -38.8409 0.0046 0.7704 -0.0083 0.6374
18.5772 130.5123 -3.7382 -39.0018 0.0043 0.7705 -0.0108 0.6373
18.6810 131.3651 -3.7494 -39.1176 0.0044 0.7701 -0.0124 0.6378
18.7849 132.2115 -3.7810 -39.2763 0.0027 0.7699 -0.0156 0.6380
18.8885 133.0112 -3.8237 -39.4031 0.0048 0.7700 -0.0161 0.6378
18.9924 133.8142 -3.8830 -39.5696 0.0063 0.7697 -0.0154 0.6382
19.0960 134.6760 -3.9378 -39.7231 0.0064 0.7692 -0.0159 0.6388
19.1999 135.5063 -3.9572 -39.8787 0.0083 0.7686 -0.0132 0.6395
19.3035 136.3601 -4.0243 -40.0237 0.0088 0.7677 -0.0101 0.6407
19.4074 137.1850 -4.0495 -40.1962 0.0082 0.7670 -0.0071 0.6416
19.5112 137.9680 -4.0817 -40.3220 0.0091 0.7657 -0.0055 0.6431
19.6148 138.6985 -4.1151 -40.4578 0.0116 0.7642 -0.0063 0.6449
19.7184 139.5137 -4.1538 -40.5499 0.0119 0.7628 -0.0079 0.6464
19.8221 140.3397 -4.2017 -40.6953 0.0110 0.7596 -0.0094 0.6503
19.9257 141.1333 -4.2235 -40.8227 0.0102 0.7562 -0.0076 0.6542
20.0294 141.9371 -4.2556 -40.9160 0.0116 0.7524 -0.0039 0.6586
20.1329 142.6777 -4.2961 -40.9941 0.0155 0.7480 -0.0021 0.6635
20.2366 143.5558 -4.3278 -41.1000 0.0127 0.7437 -0.0056 0.6684
20.3404 144.2628 -4.3655 -41.1598 0.0140 0.7388 -0.0041 0.6738
20.4440 145.0856 -4.4269 -41.2393 0.0150 0.7337 -0.0047 0.6793
20.5478 145.8056 -4.4988 -41.2624 0.0160 0.7293 -0.0072 0.6840
20.6515 146.5969 -4.5148 -41.2740 0.0159 0.7251 -0.0144 0.6883
20.7553 147.3384 -4.5197 -41.2696 0.0182 0.7202 -0.0179 0.6933
20.8591 148.1017 -4.5801 -41.2801 0.0183 0.7152 -0.0184 0.6984
20.9629 148.8220 -4.6469 -41.2684 0.0177 0.7115 -0.0169 0.7023
21.0668 149.6745 -4.6855 -41.2515 0.0179 0.7073 -0.0143 0.7065
21.1706 150.4825 -4.7406 -41.2637 0.0169 0.7038 -0.0195 0.7099
21.2745 151.1619 -4.7768 -41.2108 0.0190 0.7017 -0.0234 0.7119
21.3785 151.8679 -4.8613 -41.1840 0.0168 0.7001 -0.0283 0.7132
21.4825 152.6886 -4.8845 -41.1718 0.0195 0.7006 -0.0231 0.7130
21.5864 153.3843 -4.9706 -41.1560 0.0171 0.7012 -0.0209 0.7125
21.6904 154.1709 -5.0113 -41.1545 0.0144 0.7025 -0.0220 0.7112
21.7943 154.9247 -5.0761 -41.1200 0.0150 0.7029 -0.0215 0.7108
21.8983 155.6949 -5.1138 -41.1089 0.0155 0.7044 -0.0211 0.7093
22.0022 156.4165 -5.1925 -41.0929 0.0149 0.7064 -0.0205 0.7073
22.1061 157.1899 -5.2457 -41.1047 0.0149 0.7079 -0.0204 0.7058
22.2101 157.9490 -5.2792 -41.1325 0.0145 0.7098 -0.0201 0.7039
22.3139 158.6735 -5.3459 -41.1182 0.0116 0.7122 -0.0205 0.7015
22.4178 159.4205 -5.3781 -41.1394 0.0124 0.7138 -0.0203 0.6999
22.5215 160.0927 -5.4158 -41.1633 0.0136 0.7160 -0.0202 0.6977
22.6254 160.7994 -5.4831 -41.1468 0.0126 0.7174 -0.0226 0.6961
22.7292 161.5795 -5.5496 -41.1958 0.0120 0.7185 -0.0251 0.6950
22.8329 162.2950 -5.5996 -41.2659 0.0130 0.7190 -0.0246 0.6944
22.9365 163.0145 -5.6336 -41.2653 0.0149 0.7192 -0.0218 0.6944
23.0401 163.6815 -5.6754 -41.2927 0.0160 0.7172 -0.0176 0.6964
23.1438 164.3620 -5.7203 -41.2855 0.0164 0.7148 -0.0172 0.6989
23.2474 165.0868 -5.8036 -41.3028 0.0159 0.7112 -0.0189 0.7025
23.3510 165.7895 -5.8495 -41.2628 0.0163 0.7060 -0.0186 0.7077
23.4547 166.4592 -5.8554 -41.2707 0.0174 0.7003 -0.0157 0.7134
23.5583 167.1045 -5.9100 -41.2137 0.0160 0.6947 -0.0143 0.7189
23.6620 167.8021 -5.9533 -41.1435 0.0120 0.6893 -0.0138 0.7242
23.7657 168.5101 -5.9788 -41.1158 0.0097 0.6828 -0.0109 0.7304
23.8694 169.1718 -5.9992 -41.0544 0.0072 0.6764 -0.0079 0.7365
23.9730 169.8466 -6.0252 -40.9648 0.0050 0.6701 -0.0052 0.7422
24.0768 170.5190 -6.0656 -40.8581 0.0032 0.6635 -0.0053 0.7482
24.1805 171.1790 -6.1145 -40.7500 0.0023 0.6563 -0.0056 0.7545
24.2842 171.8076 -6.1201 -40.6157 0.0021 0.6497 -0.0054 0.7601
24.3879 172.4366 -6.1149 -40.4789 0.0021 0.6433 -0.0046 0.7656
24.4916 173.0979 -6.1452 -40.3556 -0.0014 0.6377 -0.0054 0.7702
24.5954 173.7365 -6.1585 -40.2613 -0.0012 0.6327 -0.0020 0.7744
24.6993 174.3770 -6.1635 -40.1214 -0.0007 0.6290 -0.0005 0.7774
24.8031 174.9370 -6.2094 -39.9318 -0.0010 0.6246 -0.0027 0.7810
24.9068 175.5307 -6.2648 -39.7979 -0.0037 0.6206 -0.0103 0.7840
25.0105 176.0846 -6.2578 -39.6331 -0.0004 0.6172 -0.0142 0.7867
25.1143 176.6678 -6.2808 -39.4736 0.0071 0.6140 -0.0122 0.7892
25.2180 177.2952 -6.2967 -39.3109 0.0062 0.6113 -0.0125 0.7913
25.3218 177.8965 -6.3153 -39.1207 0.0016 0.6089 -0.0112 0.7932
25.4255 178.5360 -6.3363 -38.9327 -0.0042 0.6071 -0.0081 0.7945
25.5294 179.1614 -6.3523 -38.7544 -0.0069 0.6063 -0.0049 0.7952
25.6332 179.7047 -6.3785 -38.6116 -0.0072 0.6063 -0.0049 0.7952
25.7370 180.3446 -6.3628 -38.4566 -0.0041 0.6054 -0.0039 0.7959
25.8408 180.9950 -6.3887 -38.2775 -0.0032 0.6046 -0.0026 0.7965
25.9445 181.5815 -6.3590 -38.0934 -0.0040 0.6038 -0.0028 0.7971
26.0481 182.2034 -6.3901 -37.9042 -0.0059 0.6026 -0.0018 0.7980
26.1519 182.8208 -6.3840 -37.7331 -0.0080 0.6016 -0.0001 0.7988
26.2555 183.4470 -6.4132 -37.5551 -0.0094 0.5998 0.0003 0.8001
26.3591 184.0629 -6.4046 -37.3588 -0.0098 0.5966 0.0016 0.8025
26.4628 184.6963 -6.4122 -37.1680 -0.0099 0.5934 0.0032 0.8048
26.5666 185.3176 -6.4175 -36.9643 -0.0105 0.5895 0.0041 0.8077
26.6703 185.9136 -6.4177 -36.7489 -0.0103 0.5846 0.0033 0.8112
26.7739 186.5180 -6.4174 -36.5103 -0.0087 0.5800 0.0021 0.8146
26.8777 187.1631 -6.4135 -36.2816 -0.0078 0.5750 0.0006 0.8181
26.9813 187.7659 -6.4117 -36.0283 -0.0072 0.5698 0.0007 0.8218
27.0850 188.4154 -6.4034 -35.7778 -0.0084 0.5648 0.0017 0.8252
27.1888 189.0138 -6.4080 -35.5285 -0.0092 0.5599 0.0021 0.8285
27.2925 189.6716 -6.4160 -35.2602 -0.0109 0.5548 0.0017 0.8319
27.3963 190.2823 -6.4183 -34.9663 -0.0122 0.5504 0.0011 0.8348
27.5000 190.9286 -6.4081 -34.6630 -0.0142 0.5472 -0.0007 0.8369
27.6039 191.5669 -6.4035 -34.3664 -0.0148 0.5452 0.0000 0.8382
27.7078 192.1880 -6.3852 -34.0658 -0.0156 0.5439 0.0020 0.8390
27.8117 192.8770 -6.3711 -33.7833 -0.0138 0.5439 0.0026 0.8390
27.9155 193.5382 -6.3799 -33.4798 -0.0127 0.5445 0.0037 0.8387
28.0194 194.1666 -6.3640 -33.1869 -0.0113 0.5449 0.0040 0.8384
28.1233 194.8408 -6.3623 -32.8888 -0.0103 0.5448 0.0056 0.8385
28.2272 195.5634 -6.3558 -32.5756 -0.0112 0.5453 0.0083 0.8381
28.3309 196.1860 -6.3458 -32.2893 -0.0126 0.5453 0.0092 0.8381
28.4348 196.9126 -6.3339 -31.9608 -0.0132 0.5462 0.0105 0.8375
28.5387 197.5857 -6.3285 -31.6707 -0.0137 0.5467 0.0104 0.8371
28.6424 198.2633 -6.3178 -31.3574 -0.0142 0.5474 0.0103 0.8367
28.7462 198.9718 -6.3108 -31.0375 -0.0142 0.5483 0.0094 0.8361
28.8499 199.6353 -6.3104 -30.7722 -0.0122 0.5487 0.0091 0.8359
28.9538 200.3317 -6.3057 -30.4652 -0.0100 0.5492 0.0067 0.8356
29.0575 201.0153 -6.3046 -30.1639 -0.0094 0.5498 0.0049 0.8352
29.1613 201.6858 -6.3021 -29.8661 -0.0110 0.5503 0.0061 0.8348
29.2649 202.3672 -6.2930 -29.5487 -0.0133 0.5511 0.0067 0.8343
29.3686 203.0757 -6.2979 -29.2539 -0.0144 0.5523 0.0053 0.8335
29.4725 203.7898 -6.2912 -28.9627 -0.0155 0.5542 0.0043 0.8323
29.5763 204.4549 -6.2753 -28.6985 -0.0161 0.5574 0.0039 0.8301
29.6802 205.1598 -6.2612 -28.3866 -0.0156 0.5612 0.0052 0.8275
29.7839 205.8571 -6.2637 -28.1328 -0.0141 0.5653 0.0052 0.8248
29.8878 206.5371 -6.2721 -27.8945 -0.0135 0.5703 0.0037 0.8213
29.9917 207.2223 -6.2324 -27.6203 -0.0137 0.5755 0.0030 0.8177
30.0955 207.9348 -6.2273 -27.4019 -0.0147 0.5799 0.0071 0.8145
30.1993 208.6440 -6.2211 -27.1713 -0.0168 0.5838 0.0105 0.8117
30.3030 209.3482 -6.2202 -26.9642 -0.0194 0.5864 0.0120 0.8097
30.4068 210.0529 -6.1779 -26.7212 -0.0217 0.5888 0.0111 0.8079
30.5104 210.7777 -6.1736 -26.4578 -0.0226 0.5896 0.0111 0.8073
30.6140 211.4771 -6.1542 -26.2447 -0.0220 0.5903 0.0122 0.8068
30.7178 212.1635 -6.1412 -26.0163 -0.0220 0.5909 0.0117 0.8064
30.8214 212.8934 -6.1052 -25.8068 -0.0219 0.5908 0.0111 0.8064
30.9252 213.6208 -6.0738 -25.5690 -0.0227 0.5906 0.0104 0.8065
31.0288 214.3405 -6.0683 -25.3292 -0.0235 0.5904 0.0105 0.8067
31.1325 215.0885 -6.0340 -25.0810 -0.0231 0.5895 0.0112 0.8073
31.2363 215.7962 -6.0184 -24.8525 -0.0229 0.5886 0.0127 0.8080
31.3401 216.5135 -5.9980 -24.6028 -0.0229 0.5870 0.0139 0.8091
31.4437 217.2628 -5.9763 -24.3595 -0.0236 0.5855 0.0138 0.8102
31.5474 217.9971 -5.9347 -24.1053 -0.0261 0.5836 0.0147 0.8115
31.6510 218.7362 -5.9120 -23.8538 -0.0282 0.5817 0.0153 0.8128
31.7548 219.5023 -5.8950 -23.5592 -0.0290 0.5796 0.0151 0.8143
31.8585 220.2230 -5.8581 -23.2759 -0.0288 0.5778 0.0133 0.8156
31.9623 220.9385 -5.8265 -23.0154 -0.0290 0.5757 0.0095 0.8171
32.0660 221.6791 -5.7865 -22.7376 -0.0282 0.5736 0.0084 0.8186
32.1696 222.4446 -5.7568 -22.4497 -0.0299 0.5717 0.0059 0.8199
32.2734 223.1329 -5.7310 -22.1435 -0.0288 0.5704 0.0068 0.8208
32.3772 223.8573 -5.7184 -21.9279 -0.0291 0.5690 0.0046 0.8218
32.4809 224.5674 -5.7028 -21.6269 -0.0293 0.5670 0.0032 0.8232
32.5845 225.3467 -5.6545 -21.3045 -0.0293 0.5649 0.0045 0.8246
32.6883 226.1166 -5.6284 -20.9713 -0.0285 0.5627 0.0058 0.8262
32.7919 226.8076 -5.6114 -20.7218 -0.0275 0.5604 0.0067 0.8278
32.8957 227.5613 -5.6008 -20.4389 -0.0272 0.5589 0.0053 0.8288
32.9994 228.3305 -5.5652 -20.1161 -0.0297 0.5571 0.0037 0.8299
33.1032 229.1054 -5.5233 -19.7524 -0.0300 0.5545 0.0037 0.8317
33.2068 229.7897 -5.5218 -19.4208 -0.0285 0.5532 0.0032 0.8326
33.3105 230.4824 -5.5013 -19.1340 -0.0254 0.5515 0.0011 0.8338
33.4143 231.2253 -5.4718 -18.8265 -0.0244 0.5498 -0.0012 0.8350
33.5182 231.9515 -5.4511 -18.5054 -0.0285 0.5489 -0.0042 0.8354
33.6218 232.6757 -5.4295 -18.1711 -0.0331 0.5473 -0.0008 0.8363
33.7255 233.4600 -5.4111 -17.8257 -0.0373 0.5469 0.0029 0.8364
33.8293 234.1928 -5.3341 -17.5078 -0.0396 0.5445 0.0074 0.8378
33.9331 234.9144 -5.3280 -17.1629 -0.0408 0.5450 0.0090 0.8374
34.0367 235.5963 -5.2951 -16.8401 -0.0409 0.5434 0.0044 0.8385
34.1404 236.3423 -5.2424 -16.5171 -0.0376 0.5414 0.0027 0.8399
34.2440 237.0488 -5.2357 -16.1790 -0.0366 0.5392 0.0008 0.8414
34.3478 237.7191 -5.1902 -15.8713 -0.0358 0.5378 -0.0010 0.8423
34.4515 238.4821 -5.1615 -15.5022 -0.0338 0.5355 0.0002 0.8438
34.5552 239.1829 -5.1279 -15.1813 -0.0344 0.5339 -0.0002 0.8448
34.6589 239.9179 -5.0818 -14.8480 -0.0347 0.5326 0.0038 0.8457
34.7625 240.6030 -5.0431 -14.5041 -0.0361 0.5318 0.0069 0.8461
34.8663 241.3304 -5.0285 -14.1248 -0.0376 0.5308 0.0102 0.8466
34.9700 242.0846 -4.9531 -13.7769 -0.0393 0.5295 0.0124 0.8473
35.0739 242.8044 -4.9165 -13.4387 -0.0412 0.5290 0.0150 0.8475
35.1776 243.5419 -4.8586 -13.0627 -0.0420 0.5281 0.0152 0.8480
35.2813 244.2502 -4.8112 -12.6750 -0.0411 0.5270 0.0095 0.8488
35.3850 244.9789 -4.7904 -12.2758 -0.0363 0.5271 0.0046 0.8490
35.4887 245.6768 -4.7529 -11.9334 -0.0327 0.5267 0.0013 0.8494
35.5924 246.4412 -4.7131 -11.5708 -0.0331 0.5263 0.0023 0.8496
35.6962 247.1570 -4.6669 -11.1910 -0.0361 0.5267 0.0031 0.8493
35.7998 247.8724 -4.6458 -10.8311 -0.0361 0.5265 0.0050 0.8494
35.9035 248.6502 -4.6059 -10.4577 -0.0349 0.5255 0.0050 0.8501
36.0072 249.3619 -4.5797 -10.1001 -0.0347 0.5246 0.0056 0.8506
36.1109 250.0874 -4.5366 -9.7262 -0.0359 0.5245 0.0078 0.8506
36.2145 250.8182 -4.4944 -9.3525 -0.0376 0.5237 0.0086 0.8510
36.3183 251.5444 -4.4782 -8.9842 -0.0383 0.5238 0.0066 0.8509
36.4220 252.2250 -4.4210 -8.6240 -0.0365 0.5229 0.0069 0.8516
36.5258 252.9744 -4.3813 -8.2445 -0.0354 0.5223 0.0065 0.8520
36.6295 253.7001 -4.3553 -7.8829 -0.0353 0.5215 0.0083 0.8525
36.7333 254.4403 -4.2952 -7.4914 -0.0369 0.5198 0.0084 0.8535
36.8370 255.1668 -4.2559 -7.0777 -0.0375 0.5178 0.0090 0.8546
36.9408 255.8786 -4.2065 -6.7015 -0.0359 0.5160 0.0108 0.8558
37.0445 256.6031 -4.1774 -6.3284 -0.0362 0.5140 0.0094 0.8570
37.1483 257.3338 -4.1494 -5.8925 -0.0357 0.5124 0.0069 0.8580
37.2520 258.0522 -4.1141 -5.4762 -0.0341 0.5096 0.0058 0.8597
37.3557 258.7376 -4.0666 -5.0985 -0.0314 0.5062 0.0077 0.8618
37.4594 259.4776 -4.0409 -4.6522 -0.0312 0.5018 0.0073 0.8644
37.5630 260.1448 -4.0001 -4.2466 -0.0291 0.4969 0.0118 0.8672
37.6667 260.8883 -3.9722 -3.8465 -0.0290 0.4902 0.0119 0.8711
37.7703 261.5526 -3.9341 -3.4061 -0.0292 0.4835 0.0127 0.8747
37.8740 262.2765 -3.8986 -2.9292 -0.0311 0.4768 0.0137 0.8783
37.9778 262.9176 -3.8537 -2.4353 -0.0324 0.4700 0.0155 0.8819
38.0815 263.5876 -3.8327 -1.9578 -0.0345 0.4643 0.0132 0.8849
38.1853 264.2300 -3.7822 -1.4495 -0.0341 0.4601 0.0105 0.8872
38.2892 264.8922 -3.7397 -1.0084 -0.0347 0.4569 0.0069 0.8888
38.3932 265.5534 -3.6960 -0.4946 -0.0357 0.4552 0.0048 0.8897
38.4972 266.2339 -3.6589 -0.0113 -0.0363 0.4571 0.0007 0.8887
38.6012 266.8833 -3.6270 0.4628 -0.0360 0.4607 -0.0026 0.8868
38.7052 267.5754 -3.5849 0.9137 -0.0355 0.4654 -0.0069 0.8843
38.8093 268.2335 -3.5677 1.4030 -0.0326 0.4717 -0.0044 0.8812
38.9133 268.9364 -3.5468 1.8414 -0.0332 0.4764 -0.0019 0.8786
39.0172 269.6181 -3.5011 2.3069 -0.0350 0.4819 -0.0039 0.8755
39.1212 270.3573 -3.4714 2.7201 -0.0340 0.4870 -0.0023 0.8728
39.2250 271.0488 -3.4591 3.1389 -0.0332 0.4910 -0.0028 0.8705
39.3289 271.7486 -3.4384 3.5545 -0.0318 0.4960 -0.0015 0.8677
39.4327 272.4347 -3.4092 3.9921 -0.0317 0.4998 -0.0029 0.8656
39.5364 273.1717 -3.3809 4.3815 -0.0323 0.5030 -0.0028 0.8636
39.6402 273.8779 -3.3350 4.7921 -0.0347 0.5050 -0.0026 0.8624
39.7438 274.6163 -3.3042 5.1722 -0.0381 0.5070 -0.0020 0.8611
39.8476 275.3414 -3.2714 5.5623 -0.0402 0.5097 -0.0015 0.8594
39.9513 276.0691 -3.2428 5.9803 -0.0401 0.5110 -0.0029 0.8586
40.0550 276.7805 -3.1987 6.3886 -0.0377 0.5122 -0.0069 0.8580
40.1587 277.4788 -3.1853 6.8044 -0.0338 0.5136 -0.0111 0.8573
40.2624 278.2522 -3.1670 7.2066 -0.0305 0.5138 -0.0132 0.8572
40.3662 278.9875 -3.1422 7.6123 -0.0309 0.5142 -0.0133 0.8570
40.4699 279.7188 -3.0958 8.0217 -0.0323 0.5150 -0.0130 0.8565
40.5735 280.4569 -3.0994 8.4388 -0.0340 0.5155 -0.0130 0.8561
40.6773 281.2245 -3.0791 8.8507 -0.0336 0.5156 -0.0110 0.8561
40.7810 281.9794 -3.0474 9.2448 -0.0341 0.5140 -0.0090 0.8570
40.8848 282.7148 -3.0403 9.6567 -0.0343 0.5128 -0.0082 0.8578
40.9884 283.4718 -3.0064 10.0483 -0.0344 0.5109 -0.0088 0.8589
41.0922 284.2212 -2.9905 10.4622 -0.0348 0.5091 -0.0091 0.8600
41.1958 284.9872 -2.9644 10.8852 -0.0359 0.5072 -0.0107 0.8610
41.2994 285.7493 -2.9330 11.3424 -0.0349 0.5052 -0.0112 0.8622
41.4032 286.5059 -2.8971 11.7865 -0.0323 0.5024 -0.0101 0.8640
41.5068 287.2543 -2.8751 12.2197 -0.0303 0.4997 -0.0101 0.8656
41.6105 287.9927 -2.8540 12.6599 -0.0294 0.4970 -0.0107 0.8672
41.7142 288.7686 -2.8455 13.1305 -0.0303 0.4923 -0.0106 0.8698
41.8179 289.4995 -2.8178 13.6064 -0.0329 0.4896 -0.0099 0.8713
41.9215 290.2298 -2.7785 14.0958 -0.0357 0.4863 -0.0088 0.8730
42.0253 290.9927 -2.7287 14.5968 -0.0397 0.4826 -0.0096 0.8749
42.1289 291.7664 -2.7005 15.0448 -0.0410 0.4785 -0.0082 0.8771
42.2327 292.5177 -2.6757 15.5838 -0.0405 0.4745 -0.0100 0.8793
42.3363 293.2407 -2.6453 16.0761 -0.0373 0.4706 -0.0111 0.8815
42.4400 293.9830 -2.6187 16.6233 -0.0338 0.4666 -0.0129 0.8837
42.5438 294.7135 -2.5814 17.1711 -0.0295 0.4635 -0.0118 0.8855
42.6474 295.4843 -2.5672 17.6514 -0.0263 0.4594 -0.0112 0.8877
42.7512 296.2167 -2.5496 18.1899 -0.0251 0.4560 -0.0070 0.8896
42.8548 296.9640 -2.5276 18.7510 -0.0264 0.4521 -0.0040 0.8916
42.9585 297.7127 -2.4957 19.3063 -0.0284 0.4478 -0.0004 0.8937
43.0623 298.4454 -2.4752 19.8468 -0.0302 0.4430 0.0016 0.8960
43.1661 299.1741 -2.4346 20.4262 -0.0315 0.4405 0.0020 0.8972
43.2698 299.8833 -2.4147 21.0063 -0.0327 0.4366 0.0004 0.8991
43.3736 300.6084 -2.3494 21.5975 -0.0342 0.4325 -0.0015 0.9010
43.4773 301.3356 -2.3211 22.2260 -0.0346 0.4306 0.0008 0.9019
43.5810 302.0503 -2.2782 22.8148 -0.0340 0.4280 0.0006 0.9031
43.6849 302.7882 -2.2532 23.4062 -0.0324 0.4250 0.0003 0.9046
43.7887 303.5025 -2.2153 24.0017 -0.0305 0.4224 -0.0010 0.9059
43.8924 304.2355 -2.1897 24.6325 -0.0302 0.4194 -0.0004 0.9073
43.9961 304.9185 -2.1477 25.2770 -0.0334 0.4182 -0.0018 0.9077
44.1000 305.6557 -2.0699 25.9146 -0.0350 0.4151 0.0007 0.9091
44.2036 306.3641 -2.0594 26.5186 -0.0347 0.4127 0.0005 0.9102
44.3073 307.0887 -2.0120 27.1851 -0.0335 0.4104 -0.0016 0.9113
44.4110 307.7595 -1.9924 27.8041 -0.0315 0.4082 -0.0045 0.9123
44.5148 308.4935 -1.9514 28.4387 -0.0297 0.4050 -0.0010 0.9138
44.6185 309.1809 -1.9242 29.0865 -0.0290 0.4022 0.0019 0.9151
44.7223 309.8756 -1.8872 29.7525 -0.0283 0.3997 0.0039 0.9162
44.8262 310.5700 -1.8562 30.3903 -0.0274 0.3971 0.0055 0.9173
44.9298 311.2427 -1.8267 31.0365 -0.0269 0.3941 0.0081 0.9186
45.0335 311.9348 -1.7909 31.6982 -0.0276 0.3919 0.0076 0.9196
45.1373 312.6277 -1.7565 32.3778 -0.0280 0.3896 0.0074 0.9205
45.2410 313.3366 -1.7391 33.0581 -0.0273 0.3868 0.0079 0.9217
45.3448 313.9653 -1.6706 33.7356 -0.0274 0.3844 0.0071 0.9227
45.4485 314.6278 -1.6685 34.4093 -0.0269 0.3823 0.0088 0.9236
45.5523 315.3002 -1.6218 35.0762 -0.0276 0.3792 0.0092 0.9248
45.6562 315.9523 -1.5992 35.7327 -0.0272 0.3765 0.0085 0.9260
45.7599 316.5730 -1.5442 36.4313 -0.0266 0.3740 0.0102 0.9270
45.8637 317.2376 -1.5319 37.1210 -0.0276 0.3720 0.0094 0.9278
45.9674 317.8828 -1.4621 37.8354 -0.0303 0.3702 0.0074 0.9284
46.0713 318.5237 -1.4396 38.5275 -0.0320 0.3681 0.0056 0.9292
46.1750 319.1767 -1.4036 39.1886 -0.0337 0.3667 0.0076 0.9297
46.2788 319.8347 -1.3690 39.8955 -0.0344 0.3656 0.0072 0.9301
46.3827 320.4053 -1.3309 40.5973 -0.0314 0.3646 0.0074 0.9306
46.4865 321.0793 -1.2982 41.2943 -0.0281 0.3641 0.0060 0.9309
46.5904 321.7196 -1.2428 41.9917 -0.0285 0.3645 0.0044 0.9307
46.6942 322.3537 -1.2010 42.6844 -0.0290 0.3648 0.0054 0.9306
46.7981 322.9588 -1.1584 43.3884 -0.0305 0.3662 0.0080 0.9300
46.9019 323.6185 -1.1371 44.1072 -0.0324 0.3669 0.0073 0.9297
47.0058 324.2541 -1.0852 44.7564 -0.0313 0.3697 0.0081 0.9286
47.1097 324.9709 -1.0449 45.4558 -0.0302 0.3722 0.0050 0.9277
47.2136 325.6344 -1.0133 46.1633 -0.0281 0.3757 0.0050 0.9263
47.3174 326.2684 -0.9932 46.8490 -0.0276 0.3791 0.0041 0.9249
47.4212 326.9637 -0.9521 47.5399 -0.0276 0.3832 0.0044 0.9232
47.5251 327.6208 -0.9233 48.2275 -0.0279 0.3870 0.0043 0.9217
47.6288 328.3166 -0.8686 48.8937 -0.0297 0.3907 0.0033 0.9200
47.7327 329.0099 -0.8275 49.5731 -0.0336 0.3949 0.0029 0.9181
47.8364 329.7130 -0.7576 50.2332 -0.0363 0.3985 0.0033 0.9165
47.9402 330.4155 -0.7368 50.9023 -0.0354 0.4029 0.0021 0.9146
48.0439 331.1350 -0.7223 51.5758 -0.0330 0.4065 0.0004 0.9131
48.1477 331.8740 -0.6870 52.1938 -0.0307 0.4100 -0.0007 0.9116
48.2514 332.6158 -0.6371 52.8590 -0.0303 0.4127 0.0000 0.9104
48.3550 333.3411 -0.5930 53.4803 -0.0312 0.4163 0.0005 0.9087
48.4588 334.0700 -0.5550 54.1126 -0.0318 0.4197 0.0003 0.9071
48.5626 334.8418 -0.5249 54.7510 -0.0325 0.4217 0.0005 0.9062
48.6662 335.6059 -0.4809 55.4029 -0.0328 0.4237 0.0008 0.9052
48.7699 336.3658 -0.4420 56.0440 -0.0339 0.4259 0.0002 0.9041
48.8736 337.1338 -0.4010 56.7118 -0.0347 0.4283 -0.0007 0.9030
48.9773 337.9132 -0.3518 57.3645 -0.0350 0.4308 -0.0015 0.9018
49.0809 338.6987 -0.3234 57.9638 -0.0353 0.4322 -0.0025 0.9011
49.1847 339.4906 -0.2674 58.5706 -0.0357 0.4340 -0.0035 0.9002
49.2883 340.2678 -0.2426 59.2201 -0.0354 0.4370 -0.0037 0.8988
49.3920 341.0901 -0.1937 59.8363 -0.0360 0.4382 -0.0040 0.8981
49.4958 341.8461 -0.1513 60.4856 -0.0363 0.4399 -0.0030 0.8973
49.5994 342.6453 -0.1026 61.0808 -0.0373 0.4418 -0.0047 0.8963
49.7032 343.4453 -0.0564 61.7075 -0.0379 0.4432 -0.0044 0.8956
49.8068 344.2774 -0.0210 62.3221 -0.0378 0.4446 -0.0048 0.8949
49.9106 345.0614 0.0146 62.9243 -0.0377 0.4464 -0.0059 0.8940
50.0142 345.8815 0.0529 63.5660 -0.0372 0.4482 -0.0058 0.8931
50.1180 346.6635 0.1011 64.1566 -0.0379 0.4487 -0.0023 0.8929
50.2216 347.5258 0.1451 64.7531 -0.0405 0.4485 0.0013 0.8929
50.3253 348.3286 0.2137 65.3524 -0.0425 0.4486 0.0026 0.8927
50.4290 349.1119 0.2519 65.9732 -0.0414 0.4491 0.0031 0.8925
50.5327 349.9353 0.2799 66.5877 -0.0380 0.4496 0.0024 0.8924
50.6365 350.7425 0.3427 67.1885 -0.0352 0.4500 0.0008 0.8924
50.7402 351.5363 0.3824 67.7870 -0.0332 0.4507 0.0010 0.8920
50.8440 352.3673 0.4362 68.3934 -0.0327 0.4512 0.0037 0.8918
50.9476 353.1771 0.4589 68.9979 -0.0338 0.4519 0.0069 0.8914
51.0512 353.9902 0.5170 69.5976 -0.0350 0.4523 0.0092 0.8911
51.1549 354.8237 0.5682 70.1575 -0.0363 0.4523 0.0090 0.8911
51.2586 355.6126 0.6236 70.7555 -0.0365 0.4522 0.0094 0.8911
51.3623 356.4456 0.6612 71.3702 -0.0351 0.4523 0.0095 0.8911
51.4659 357.2700 0.7312 72.0049 -0.0359 0.4522 0.0071 0.8911
51.5697 358.0962 0.7551 72.5734 -0.0354 0.4521 0.0084 0.8912
51.6733 358.8906 0.8247 73.1795 -0.0355 0.4525 0.0103 0.8910
51.7769 359.6667 0.8736 73.7548 -0.0364 0.4522 0.0096 0.8911
51.8807 360.5179 0.9122 74.3792 -0.0353 0.4528 0.0096 0.8908
51.9843 361.3242 0.9645 74.9513 -0.0342 0.4528 0.0104 0.8909
52.0881 362.1290 1.0118 75.5848 -0.0334 0.4532 0.0123 0.8907
52.1917 362.9867 1.0784 76.1706 -0.0341 0.4528 0.0123 0.8909
52.2954 363.7559 1.1047 76.7206 -0.0346 0.4529 0.0133 0.8908
52.3992 364.5598 1.1646 77.3351 -0.0336 0.4528 0.0162 0.8908
52.5029 365.3788 1.2278 77.9383 -0.0334 0.4527 0.0182 0.8908
52.6067 366.1958 1.2884 78.5129 -0.0318 0.4524 0.0229 0.8910
52.7104 367.0282 1.3219 79.1239 -0.0320 0.4518 0.0249 0.8912
52.8142 367.8498 1.3817 79.6979 -0.0315 0.4513 0.0267 0.8914
52.9179 368.6213 1.4418 80.2800 -0.0318 0.4507 0.0285 0.8917
53.0217 369.3836 1.5124 80.8551 -0.0318 0.4498 0.0296 0.8921
53.1254 370.1724 1.5388 81.4332 -0.0327 0.4495 0.0296 0.8922
53.2292 370.9502 1.6302 82.0099 -0.0335 0.4481 0.0279 0.8929
53.3329 371.7001 1.6639 82.6164 -0.0323 0.4484 0.0303 0.8928
53.4365 372.4513 1.7152 83.1681 -0.0337 0.4476 0.0314 0.8930
53.5403 373.1976 1.7718 83.7274 -0.0361 0.4469 0.0317 0.8933
53.6441 373.9386 1.8600 84.2861 -0.0391 0.4465 0.0320 0.8933
53.7478 374.6839 1.9325 84.8237 -0.0422 0.4463 0.0314 0.8934
53.8516 375.3046 1.9765 85.3658 -0.0451 0.4468 0.0309 0.8930
53.9553 375.9923 2.0438 85.8936 -0.0474 0.4471 0.0286 0.8927
54.0590 376.6204 2.1007 86.3967 -0.0483 0.4476 0.0259 0.8925
54.1628 377.2681 2.1864 86.8886 -0.0500 0.4474 0.0219 0.8927
54.2666 377.8857 2.2327 87.3550 -0.0498 0.4475 0.0215 0.8926
54.3702 378.5165 2.3216 87.8324 -0.0500 0.4478 0.0199 0.8925
54.4739 379.1512 2.3648 88.2952 -0.0491 0.4482 0.0208 0.8924
54.5776 379.7995 2.4247 88.7536 -0.0503 0.4485 0.0181 0.8922
54.6813 380.3967 2.4744 89.2062 -0.0490 0.4496 0.0202 0.8917
54.7851 381.0245 2.5320 89.6991 -0.0485 0.4516 0.0214 0.8907
54.8888 381.5424 2.6047 90.1472 -0.0506 0.4545 0.0189 0.8891
54.9927 382.1502 2.6961 90.5367 -0.0538 0.4571 0.0154 0.8876
55.0964 382.6967 2.7335 90.9296 -0.0531 0.4593 0.0141 0.8866
55.2002 383.2751 2.7619 91.3385 -0.0489 0.4631 0.0159 0.8848
55.3040 383.8817 2.8163 91.7833 -0.0480 0.4667 0.0121 0.8830
55.4078 384.4704 2.8555 92.1505 -0.0477 0.4711 0.0100 0.8807
55.5117 385.0989 2.9179 92.5592 -0.0504 0.4763 0.0080 0.8778
55.6154 385.6953 3.0270 92.9074 -0.0538 0.4811 0.0070 0.8750
55.7192 386.3128 3.0478 93.3200 -0.0558 0.4863 0.0093 0.8720
55.8229 386.9499 3.1193 93.6858 -0.0575 0.4920 0.0105 0.8687
55.9267 387.5767 3.1909 94.0370 -0.0581 0.4970 0.0115 0.8657
56.0304 388.1829 3.2413 94.4023 -0.0571 0.5011 0.0119 0.8634
56.1341 388.8398 3.2839 94.7737 -0.0543 0.5045 0.0121 0.8616
56.2378 389.4628 3.3501 95.0942 -0.0514 0.5077 0.0141 0.8599
56.3416 390.1193 3.4129 95.4688 -0.0487 0.5107 0.0161 0.8582
56.4453 390.7863 3.4534 95.8036 -0.0500 0.5131 0.0188 0.8567
56.5491 391.4647 3.5496 96.1750 -0.0545 0.5156 0.0244 0.8547
56.6529 392.1866 3.6462 96.5159 -0.0621 0.5168 0.0273 0.8534
56.7567 392.9057 3.7714 96.8639 -0.0669 0.5189 0.0310 0.8516
56.8604 393.6005 3.8410 97.2600 -0.0687 0.5213 0.0322 0.8500
56.9643 394.2914 3.9357 97.6374 -0.0694 0.5242 0.0310 0.8482
57.0681 394.9712 4.0231 97.9453 -0.0695 0.5273 0.0304 0.8463
57.1719 395.6677 4.1225 98.3049 -0.0698 0.5292 0.0338 0.8449
57.2756 396.3838 4.2560 98.6075 -0.0709 0.5318 0.0362 0.8431
57.3793 397.1418 4.3582 98.9759 -0.0715 0.5347 0.0390 0.8411
57.4831 397.8959 4.4684 99.3304 -0.0707 0.5367 0.0415 0.8398
57.5868 398.6039 4.5593 99.6600 -0.0704 0.5392 0.0419 0.8382
57.6906 399.3002 4.6492 99.9377 -0.0684 0.5419 0.0435 0.8365
57.7943 400.0426 4.7690 100.3059 -0.0694 0.5450 0.0424 0.8345
57.8982 400.7504 4.8885 100.5739 -0.0704 0.5487 0.0412 0.8320
58.0019 401.4722 4.9822 100.8588 -0.0690 0.5528 0.0430 0.8293
58.1058 402.1875 5.0753 101.1615 -0.0678 0.5569 0.0445 0.8266
58.2097 402.9160 5.1935 101.4325 -0.0692 0.5620 0.0433 0.8231
58.3134 403.6105 5.3079 101.6922 -0.0698 0.5669 0.0434 0.8197
58.4173 404.2268 5.3659 101.9476 -0.0671 0.5701 0.0455 0.8175
58.5211 404.9122 5.4619 102.2069 -0.0645 0.5748 0.0446 0.8145
58.6249 405.6234 5.5396 102.4103 -0.0638 0.5802 0.0390 0.8110
58.7287 406.3114 5.6461 102.6153 -0.0627 0.5863 0.0342 0.8069
58.8327 406.9311 5.7221 102.8350 -0.0615 0.5933 0.0304 0.8021
58.9366 407.5529 5.8066 103.0286 -0.0595 0.6005 0.0300 0.7969
59.0404 408.3044 5.8809 103.2139 -0.0563 0.6095 0.0301 0.7902
59.1443 408.9873 5.9543 103.3386 -0.0531 0.6177 0.0289 0.7841
59.2482 409.6892 6.0050 103.4583 -0.0486 0.6261 0.0290 0.7777
59.3521 410.3755 6.0554 103.5988 -0.0438 0.6348 0.0306 0.7708
59.4558 411.1261 6.1148 103.6862 -0.0430 0.6424 0.0306 0.7646
59.5596 411.8157 6.1977 103.8146 -0.0444 0.6480 0.0327 0.7596
59.6633 412.5952 6.2917 103.8883 -0.0467 0.6546 0.0348 0.7537
59.7669 413.3309 6.3611 103.9948 -0.0490 0.6585 0.0383 0.7500
59.8707 414.1296 6.4442 104.0760 -0.0514 0.6631 0.0404 0.7456
59.9743 414.8811 6.5057 104.1647 -0.0520 0.6659 0.0420 0.7430
60.0781 415.6102 6.6029 104.2326 -0.0554 0.6686 0.0402 0.7405
60.1818 416.3926 6.6799 104.3051 -0.0573 0.6716 0.0415 0.7376
60.2856 417.1657 6.7707 104.3792 -0.0584 0.6744 0.0400 0.7349
60.3893 417.8900 6.8568 104.4396 -0.0598 0.6771 0.0309 0.7328
60.4931 418.6237 6.9011 104.5399 -0.0557 0.6786 0.0233 0.7321
60.5968 419.3840 6.9501 104.5733 -0.0499 0.6808 0.0195 0.7305
60.7006 420.1418 7.0081 104.6416 -0.0514 0.6814 0.0175 0.7299
60.8042 420.9523 7.1257 104.7010 -0.0582 0.6818 0.0168 0.7290
60.9080 421.6934 7.2211 104.7711 -0.0586 0.6819 0.0175 0.7289
61.0116 422.4586 7.2487 104.8366 -0.0566 0.6808 0.0115 0.7302
61.1153 423.1987 7.2730 104.9005 -0.0488 0.6794 0.0022 0.7321
61.2189 423.9531 7.2934 104.9752 -0.0435 0.6779 -0.0047 0.7338
61.3227 424.7114 7.3332 105.0152 -0.0448 0.6762 -0.0061 0.7353
61.4264 425.4632 7.4095 105.1246 -0.0494 0.6752 -0.0032 0.7360
61.5302 426.2054 7.4496 105.2373 -0.0522 0.6740 -0.0011 0.7369
61.6338 426.9272 7.4776 105.2539 -0.0501 0.6729 -0.0010 0.7381
61.7376 427.6519 7.4870 105.3407 -0.0449 0.6725 -0.0028 0.7387
61.8413 428.3414 7.5011 105.3935 -0.0420 0.6717 -0.0038 0.7396
61.9451 429.0495 7.5362 105.4747 -0.0392 0.6704 -0.0025 0.7409
62.0488 429.7211 7.5664 105.5467 -0.0365 0.6704 -0.0027 0.7411
62.1526 430.4099 7.5689 105.5911 -0.0347 0.6706 -0.0048 0.7410
62.2564 431.0957 7.5889 105.6799 -0.0336 0.6708 -0.0072 0.7408
62.3601 431.7358 7.5971 105.7859 -0.0343 0.6723 -0.0106 0.7394
62.4640 432.3453 7.6112 105.8328 -0.0354 0.6733 -0.0133 0.7384
62.5679 433.0465 7.6096 105.9104 -0.0357 0.6784 -0.0149 0.7337
62.6718 433.6512 7.6373 105.9175 -0.0352 0.6845 -0.0164 0.7280
62.7758 434.3093 7.6245 105.9549 -0.0341 0.6913 -0.0155 0.7216
62.8798 434.9659 7.6199 105.9524 -0.0337 0.6980 -0.0155 0.7151
62.9837 435.5715 7.6221 105.9497 -0.0319 0.7049 -0.0142 0.7085
63.0876 436.1617 7.6167 105.9157 -0.0303 0.7109 -0.0136 0.7025
63.1914 436.7373 7.6170 105.8869 -0.0297 0.7171 -0.0133 0.6962
63.2954 437.2762 7.6140 105.8591 -0.0304 0.7234 -0.0137 0.6896
63.3993 437.8120 7.6273 105.8289 -0.0313 0.7298 -0.0142 0.6828
63.5032 438.2695 7.6049 105.7511 -0.0307 0.7362 -0.0138 0.6759
63.6071 438.7190 7.6080 105.7084 -0.0275 0.7418 -0.0149 0.6699
63.7108 439.1609 7.5778 105.6239 -0.0223 0.7474 -0.0158 0.6638
63.8147 439.5705 7.5715 105.5784 -0.0168 0.7522 -0.0178 0.6585
63.9184 439.9747 7.5368 105.4957 -0.0134 0.7566 -0.0204 0.6534
64.0222 440.3122 7.5465 105.4525 -0.0118 0.7601 -0.0237 0.6493
64.1260 440.6804 7.5364 105.3968 -0.0104 0.7632 -0.0252 0.6456
64.2297 440.9913 7.5174 105.3398 -0.0082 0.7658 -0.0245 0.6426
64.3333 441.3171 7.5065 105.2763 -0.0050 0.7679 -0.0215 0.6402
64.4371 441.6005 7.4754 105.1898 -0.0027 0.7698 -0.0186 0.6380
64.5407 441.8947 7.4681 105.1274 -0.0041 0.7716 -0.0179 0.6359
64.6444 442.1481 7.4418 105.0862 -0.0067 0.7731 -0.0191 0.6340
64.7481 442.3691 7.4479 105.0468 -0.0097 0.7741 -0.0209 0.6327
64.8517 442.6356 7.4457 105.0243 -0.0107 0.7753 -0.0207 0.6311
64.9553 442.7938 7.4242 104.9554 -0.0098 0.7760 -0.0206 0.6304
65.0591 442.9925 7.4131 104.9097 -0.0077 0.7766 -0.0202 0.6296
65.1627 443.1356 7.3999 104.8806 -0.0058 0.7769 -0.0191 0.6293
65.2663 443.2660 7.3842 104.8172 -0.0043 0.7766 -0.0198 0.6297
65.3701 443.4197 7.3803 104.8151 -0.0043 0.7761 -0.0209 0.6303
65.4737 443.5769 7.3887 104.7868 -0.0031 0.7751 -0.0195 0.6316
65.5774 443.6963 7.3736 104.7338 -0.0017 0.7740 -0.0157 0.6330
65.6811 443.8838 7.3718 104.7121 -0.0005 0.7724 -0.0137 0.6350
65.7848 444.0038 7.3622 104.6882 0.0010 0.7707 -0.0132 0.6370
65.8886 444.1623 7.3637 104.6480 0.0005 0.7697 -0.0148 0.6382
65.9922 444.3065 7.3507 104.6480 -0.0003 0.7681 -0.0160 0.6401
66.0959 444.4633 7.3393 104.6413 -0.0005 0.7664 -0.0173 0.6422
66.1997 444.6200 7.3334 104.6271 -0.0008 0.7644 -0.0177 0.6444
66.3033 444.8008 7.3321 104.6033 -0.0009 0.7625 -0.0180 0.6468
66.4071 444.9805 7.3171 104.5825 -0.0035 0.7601 -0.0191 0.6495
66.5107 445.1803 7.3216 104.5742 -0.0073 0.7573 -0.0209 0.6527
66.6143 445.4235 7.3224 104.5714 -0.0100 0.7543 -0.0218 0.6561
66.7181 445.6693 7.3120 104.5454 -0.0097 0.7512 -0.0203 0.6597
66.8217 445.8918 7.2981 104.4880 -0.0076 0.7476 -0.0174 0.6639
66.9254 446.1576 7.2640 104.4757 -0.0070 0.7437 -0.0159 0.6683
67.0291 446.4339 7.2801 104.4599 -0.0054 0.7386 -0.0139 0.6740
67.1328 446.6651 7.2510 104.4350 -0.0047 0.7331 -0.0132 0.6800
67.2364 446.9810 7.2651 104.4495 -0.0046 0.7273 -0.0123 0.6862
67.3401 447.2496 7.2517 104.4561 -0.0049 0.7200 -0.0117 0.6938
67.4437 447.5197 7.2432 104.4682 -0.0048 0.7124 -0.0118 0.7016
67.5473 447.8297 7.2333 104.5068 -0.0048 0.7045 -0.0132 0.7096
67.6511 448.1566 7.2274 104.5403 -0.0058 0.6962 -0.0161 0.7177
67.7547 448.5040 7.2221 104.5998 -0.0065 0.6877 -0.0198 0.7257
67.8583 448.8064 7.2269 104.6322 -0.0072 0.6786 -0.0197 0.7343
67.9621 449.1742 7.1884 104.6877 -0.0068 0.6692 -0.0183 0.7429
68.0657 449.5301 7.1877 104.7551 -0.0063 0.6598 -0.0166 0.7512
68.1693 449.9150 7.1779 104.8279 -0.0068 0.6499 -0.0167 0.7598
68.2731 450.2872 7.1686 104.9631 -0.0073 0.6395 -0.0166 0.7686
68.3767 450.6860 7.1682 105.0672 -0.0078 0.6299 -0.0171 0.7764
68.4803 451.0884 7.1661 105.1382 -0.0073 0.6194 -0.0167 0.7848
68.5841 451.5140 7.1522 105.3112 -0.0074 0.6098 -0.0163 0.7923
68.6878 451.9358 7.1377 105.4591 -0.0071 0.6011 -0.0154 0.7990
68.7916 452.4504 7.1514 105.6365 -0.0072 0.5925 -0.0150 0.8054
68.8953 452.9223 7.1411 105.8124 -0.0070 0.5849 -0.0145 0.8110
68.9991 453.3971 7.1238 106.0014 -0.0069 0.5771 -0.0150 0.8165
69.1028 453.9084 7.1069 106.1775 -0.0067 0.5695 -0.0146 0.8218
69.2066 454.4073 7.1106 106.3883 -0.0054 0.5621 -0.0120 0.8270
69.3103 454.9255 7.0854 106.6142 -0.0044 0.5542 -0.0107 0.8323
69.4139 455.4479 7.0747 106.8419 -0.0036 0.5462 -0.0098 0.8376
69.5177 456.0128 7.0846 107.1432 -0.0032 0.5386 -0.0098 0.8425
69.6214 456.5663 7.0695 107.4292 -0.0031 0.5316 -0.0100 0.8469
69.7253 457.1357 7.0524 107.7178 -0.0034 0.5256 -0.0107 0.8507
69.8291 457.7375 7.0438 108.0493 -0.0039 0.5198 -0.0104 0.8542
69.9328 458.2995 7.0358 108.3793 -0.0051 0.5153 -0.0101 0.8569
70.0367 458.8835 7.0318 108.7311 -0.0063 0.5115 -0.0096 0.8592
70.1406 459.4972 7.0183 109.0554 -0.0073 0.5083 -0.0092 0.8611
70.2443 460.1289 7.0099 109.4530 -0.0077 0.5060 -0.0093 0.8625
70.3482 460.7820 7.0114 109.8090 -0.0082 0.5042 -0.0097 0.8635
70.4519 461.4286 6.9987 110.1780 -0.0089 0.5027 -0.0105 0.8644
70.5558 462.0635 6.9900 110.5283 -0.0090 0.5013 -0.0111 0.8651
70.6596 462.7464 6.9861 110.9204 -0.0083 0.5000 -0.0106 0.8659
70.7633 463.4022 6.9712 111.3225 -0.0073 0.4989 -0.0099 0.8666
70.8672 464.1535 6.9633 111.7673 -0.0067 0.4974 -0.0107 0.8674
70.9708 464.8383 6.9640 112.1732 -0.0056 0.4962 -0.0103 0.8681
71.0747 465.5471 6.9416 112.6241 -0.0049 0.4947 -0.0106 0.8690
71.1784 466.2973 6.9352 113.0729 -0.0038 0.4939 -0.0095 0.8694
71.2822 467.0277 6.9132 113.5160 -0.0027 0.4931 -0.0079 0.8699
71.3859 467.7746 6.9023 113.9441 -0.0021 0.4921 -0.0077 0.8705
71.4896 468.4974 6.8906 114.3830 -0.0013 0.4913 -0.0085 0.8709
71.5933 469.2607 6.8686 114.8812 0.0002 0.4911 -0.0094 0.8711
71.6972 470.0471 6.8361 115.3698 0.0011 0.4910 -0.0099 0.8711
71.8010 470.8287 6.8362 115.8329 0.0001 0.4905 -0.0107 0.8714
71.9047 471.6184 6.8091 116.3391 -0.0010 0.4904 -0.0098 0.8715
72.0085 472.4269 6.7913 116.8020 -0.0019 0.4901 -0.0092 0.8716
72.1122 473.2243 6.7690 117.3297 -0.0009 0.4898 -0.0080 0.8718
72.2160 474.0443 6.7542 117.8252 -0.0002 0.4897 -0.0078 0.8719
72.3197 474.8680 6.7349 118.3258 0.0007 0.4891 -0.0066 0.8722
72.4235 475.6937 6.7074 118.8304 0.0008 0.4888 -0.0061 0.8724
72.5272 476.5411 6.6931 119.3850 0.0010 0.4888 -0.0059 0.8724
72.6309 477.4165 6.6629 119.8941 0.0010 0.4881 -0.0054 0.8728
72.7347 478.3075 6.6367 120.4338 0.0014 0.4878 -0.0058 0.8729
72.8385 479.1661 6.6118 120.9633 0.0012 0.4875 -0.0067 0.8731
72.9422 480.0369 6.5944 121.5133 0.0010 0.4873 -0.0069 0.8732
73.0460 480.9520 6.5590 122.0742 0.0007 0.4879 -0.0062 0.8729
73.1497 481.8461 6.5506 122.6376 -0.0008 0.4881 -0.0083 0.8727
73.2535 482.7086 6.5354 123.2337 -0.0007 0.4892 -0.0101 0.8721
73.3572 483.6715 6.5004 123.7894 -0.0001 0.4911 -0.0117 0.8710
73.4611 484.5786 6.4739 124.3622 -0.0004 0.4942 -0.0141 0.8692
73.5649 485.5206 6.4404 124.9032 -0.0010 0.4985 -0.0171 0.8667
73.6688 486.4683 6.4008 125.4662 -0.0014 0.5043 -0.0198 0.8633
73.7727 487.4088 6.3642 126.0032 -0.0022 0.5110 -0.0211 0.8593
73.8767 488.3873 6.3213 126.5403 -0.0035 0.5183 -0.0217 0.8549
73.9806 489.3608 6.2923 127.0148 -0.0057 0.5257 -0.0215 0.8504
74.0845 490.3427 6.2638 127.5099 -0.0065 0.5330 -0.0225 0.8458
74.1885 491.3360 6.2055 127.9764 -0.0053 0.5411 -0.0234 0.8406
74.2923 492.3530 6.1838 128.4353 -0.0044 0.5492 -0.0253 0.8353
74.3962 493.3821 6.1270 128.8921 -0.0041 0.5581 -0.0256 0.8294
74.5001 494.3999 6.1042 129.2826 -0.0047 0.5670 -0.0258 0.8233
74.6038 495.4759 6.0552 129.6299 -0.0048 0.5767 -0.0251 0.8166
74.7078 496.5059 5.9932 129.9928 -0.0035 0.5871 -0.0261 0.8091
74.8117 497.5224 5.9689 130.3449 -0.0023 0.5975 -0.0296 0.8013
74.9155 498.6287 5.8659 130.6292 -0.0005 0.6085 -0.0310 0.7929
75.0193 499.6730 5.8556 130.8971 -0.0008 0.6200 -0.0357 0.7838
75.1233 500.7564 5.7432 131.1326 0.0016 0.6320 -0.0354 0.7742
75.2271 501.8715 5.6981 131.3195 0.0013 0.6438 -0.0382 0.7642
75.3310 502.9767 5.6150 131.4865 0.0035 0.6549 -0.0387 0.7547
75.4348 504.0710 5.5233 131.6422 0.0064 0.6653 -0.0393 0.7455
75.5386 505.1706 5.4270 131.7474 0.0090 0.6753 -0.0397 0.7365
75.6422 506.2862 5.3280 131.7999 0.0105 0.6840 -0.0393 0.7283
75.7459 507.4190 5.2276 131.8623 0.0113 0.6924 -0.0388 0.7204
75.8496 508.5613 5.1418 131.9119 0.0123 0.7001 -0.0397 0.7128
75.9533 509.6464 5.0484 131.9386 0.0131 0.7081 -0.0413 0.7048
76.0570 510.7716 4.9356 131.9171 0.0134 0.7156 -0.0411 0.6971
76.1606 511.9068 4.8269 131.8368 0.0141 0.7217 -0.0387 0.6910
76.2642 513.0161 4.7222 131.7759 0.0159 0.7263 -0.0362 0.6863
76.3677 514.1452 4.6050 131.6928 0.0187 0.7296 -0.0348 0.6827
76.4713 515.2740 4.5087 131.6063 0.0204 0.7318 -0.0355 0.6803
76.5750 516.4169 4.3958 131.5365 0.0202 0.7331 -0.0359 0.6789
76.6786 517.5310 4.2923 131.4678 0.0205 0.7341 -0.0360 0.6777
76.7822 518.6575 4.1858 131.3558 0.0208 0.7354 -0.0370 0.6763
76.8859 519.7930 4.0683 131.3014 0.0224 0.7368 -0.0376 0.6747
76.9896 520.9834 3.9506 131.1832 0.0238 0.7375 -0.0382 0.6738
77.0932 522.1520 3.8218 131.1005 0.0236 0.7387 -0.0376 0.6725
77.1970 523.3467 3.7161 130.9433 0.0230 0.7398 -0.0363 0.6715
77.3006 524.4892 3.6135 130.8553 0.0218 0.7408 -0.0353 0.6705
77.4042 525.7118 3.4917 130.7471 0.0212 0.7411 -0.0365 0.6701
77.5078 526.8949 3.3815 130.6415 0.0224 0.7411 -0.0381 0.6699
77.6116 528.0639 3.2573 130.5479 0.0232 0.7408 -0.0394 0.6702
77.7152 529.3453 3.1310 130.4234 0.0241 0.7407 -0.0385 0.6703
77.8190 530.5683 2.9997 130.3133 0.0239 0.7407 -0.0387 0.6703
77.9227 531.8056 2.8802 130.1981 0.0232 0.7406 -0.0396 0.6704
78.0263 533.0410 2.7461 130.0827 0.0226 0.7418 -0.0412 0.6690
78.1301 534.3025 2.6211 129.9829 0.0223 0.7420 -0.0403 0.6688
78.2338 535.5534 2.4927 129.8611 0.0219 0.7425 -0.0402 0.6682
78.3375 536.8449 2.3483 129.7172 0.0222 0.7431 -0.0404 0.6676
78.4412 538.1091 2.2256 129.5781 0.0229 0.7442 -0.0402 0.6663
78.5448 539.3487 2.1042 129.4741 0.0224 0.7453 -0.0405 0.6651
78.6486 540.6532 1.9582 129.3137 0.0223 0.7464 -0.0402 0.6639
78.7523 541.9620 1.8303 129.1730 0.0214 0.7475 -0.0406 0.6627
78.8560 543.2809 1.6874 129.0212 0.0212 0.7488 -0.0400 0.6613
78.9597 544.5605 1.5687 128.9250 0.0205 0.7499 -0.0404 0.6600
79.0633 545.8977 1.4276 128.7375 0.0202 0.7507 -0.0412 0.6591
79.1671 547.2261 1.2937 128.5512 0.0201 0.7516 -0.0413 0.6580
79.2708 548.5458 1.1521 128.3554 0.0203 0.7526 -0.0414 0.6569
79.3745 549.8628 1.0192 128.2218 0.0205 0.7537 -0.0417 0.6556
79.4782 551.2169 0.8762 128.0337 0.0211 0.7546 -0.0417 0.6545
79.5820 552.6148 0.7282 127.8290 0.0211 0.7552 -0.0420 0.6538
79.6857 554.0036 0.5834 127.6095 0.0206 0.7565 -0.0421 0.6523
79.7895 555.3460 0.4335 127.4118 0.0205 0.7579 -0.0419 0.6507
79.8932 556.7072 0.3012 127.1991 0.0203 0.7591 -0.0420 0.6493
79.9970 558.0814 0.1501 127.0146 0.0205 0.7607 -0.0420 0.6474
80.1006 559.4484 0.0105 126.8076 0.0211 0.7615 -0.0421 0.6464
80.2043 560.9240 -0.1438 126.5839 0.0216 0.7624 -0.0422 0.6454
80.3080 562.2875 -0.2948 126.3505 0.0218 0.7626 -0.0419 0.6451
80.4117 563.6647 -0.4347 126.1087 0.0217 0.7628 -0.0417 0.6449
80.5153 565.1563 -0.6003 125.9147 0.0230 0.7634 -0.0405 0.6443
80.6191 566.6459 -0.7640 125.6213 0.0234 0.7635 -0.0409 0.6441
80.7227 568.0449 -0.9105 125.4217 0.0242 0.7641 -0.0400 0.6433
80.8264 569.4479 -1.0507 125.1981 0.0248 0.7646 -0.0392 0.6429
80.9301 570.8633 -1.1969 124.9242 0.0241 0.7647 -0.0398 0.6428
81.0338 572.2861 -1.3588 124.6705 0.0227 0.7652 -0.0409 0.6420
81.1375 573.7936 -1.5132 124.4456 0.0225 0.7659 -0.0405 0.6413
81.2412 575.2691 -1.6672 124.1667 0.0227 0.7658 -0.0393 0.6414
81.3449 576.7292 -1.8249 123.9622 0.0233 0.7663 -0.0387 0.6409
81.4486 578.2490 -1.9731 123.6928 0.0231 0.7661 -0.0392 0.6411
81.5523 579.7430 -2.1411 123.4131 0.0232 0.7661 -0.0399 0.6411
81.6561 581.1906 -2.3007 123.1600 0.0229 0.7664 -0.0400 0.6407
81.7597 582.6460 -2.4557 122.9190 0.0235 0.7663 -0.0394 0.6409
81.8635 584.1333 -2.6241 122.6515 0.0239 0.7664 -0.0395 0.6407
81.9671 585.6268 -2.7786 122.4000 0.0246 0.7660 -0.0400 0.6411
82.0708 587.0863 -2.9381 122.1460 0.0260 0.7658 -0.0394 0.6413
82.1745 588.5555 -3.1115 121.8818 0.0260 0.7653 -0.0393 0.6419
82.2782 590.0469 -3.2763 121.6275 0.0261 0.7646 -0.0379 0.6428
82.3820 591.5724 -3.4430 121.3440 0.0262 0.7641 -0.0373 0.6435
82.4857 593.0194 -3.6126 121.1176 0.0261 0.7638 -0.0372 0.6438
82.5894 594.4967 -3.7724 120.8822 0.0269 0.7637 -0.0360 0.6440
82.6931 596.0134 -3.9321 120.6335 0.0255 0.7631 -0.0377 0.6447
82.7969 597.4523 -4.0917 120.4103 0.0264 0.7630 -0.0370 0.6449
82.9006 598.8854 -4.2470 120.1986 0.0269 0.7628 -0.0362 0.6451
83.0042 600.4415 -4.4202 119.9219 0.0252 0.7625 -0.0379 0.6454
83.1078 601.9110 -4.5776 119.6830 0.0247 0.7625 -0.0380 0.6454
83.2116 603.3931 -4.7363 119.4588 0.0252 0.7623 -0.0369 0.6456
83.3152 604.8756 -4.9023 119.2107 0.0244 0.7622 -0.0367 0.6459
83.4190 606.3834 -5.0588 118.9550 0.0273 0.7621 -0.0337 0.6460
83.5226 607.8720 -5.2206 118.7427 0.0284 0.7617 -0.0337 0.6465
83.6262 609.3799 -5.3915 118.4891 0.0288 0.7616 -0.0351 0.6464
83.7300 610.8062 -5.5380 118.2480 0.0287 0.7612 -0.0357 0.6469
83.8336 612.2848 -5.6953 118.0258 0.0274 0.7608 -0.0360 0.6474
83.9373 613.7424 -5.8592 117.7966 0.0272 0.7604 -0.0356 0.6479
84.0410 615.2260 -6.0202 117.5706 0.0265 0.7605 -0.0363 0.6478
84.1447 616.7614 -6.1838 117.3418 0.0253 0.7600 -0.0377 0.6483
84.2484 618.1775 -6.3319 117.1184 0.0248 0.7601 -0.0378 0.6483
84.3521 619.6548 -6.4968 116.8859 0.0235 0.7600 -0.0380 0.6484
84.4557 621.1145 -6.6578 116.6572 0.0247 0.7599 -0.0373 0.6485
84.5594 622.5942 -6.8122 116.4424 0.0251 0.7601 -0.0375 0.6483
84.6630 624.1015 -6.9745 116.2247 0.0263 0.7603 -0.0361 0.6480
84.7667 625.5314 -7.1247 115.9715 0.0257 0.7598 -0.0354 0.6487
84.8703 627.0090 -7.2828 115.7569 0.0266 0.7593 -0.0361 0.6492
84.9740 628.4559 -7.4495 115.5661 0.0267 0.7587 -0.0382 0.6498
85.0777 629.9050 -7.6169 115.3333 0.0255 0.7586 -0.0385 0.6499
85.1813 631.3636 -7.7788 115.1154 0.0234 0.7580 -0.0396 0.6506
85.2851 632.7674 -7.9413 114.9084 0.0228 0.7578 -0.0386 0.6509
85.3887 634.1935 -8.0956 114.7199 0.0227 0.7578 -0.0372 0.6510
85.4925 635.6043 -8.2659 114.5006 0.0228 0.7578 -0.0361 0.6511
85.5961 637.0282 -8.4010 114.2897 0.0232 0.7579 -0.0360 0.6510
85.6997 638.4167 -8.5589 114.0881 0.0230 0.7580 -0.0368 0.6509
85.8034 639.7668 -8.7006 113.9076 0.0230 0.7582 -0.0365 0.6506
85.9071 641.1550 -8.8419 113.7185 0.0225 0.7586 -0.0366 0.6501
86.0108 642.5458 -9.0000 113.5101 0.0224 0.7587 -0.0371 0.6499
86.1145 643.9038 -9.1568 113.2905 0.0217 0.7589 -0.0366 0.6499
86.2182 645.2252 -9.2891 113.1120 0.0205 0.7594 -0.0360 0.6492
86.3218 646.5194 -9.4351 112.9026 0.0194 0.7598 -0.0351 0.6490
86.4256 647.7734 -9.5673 112.7231 0.0201 0.7599 -0.0351 0.6488
86.5292 649.0080 -9.7145 112.5389 0.0218 0.7600 -0.0365 0.6486
86.6330 650.2153 -9.8441 112.3570 0.0220 0.7600 -0.0369 0.6485
86.7367 651.4253 -9.9802 112.1618 0.0221 0.7601 -0.0357 0.6485
86.8403 652.5205 -10.0888 112.0004 0.0214 0.7594 -0.0348 0.6493
86.9441 653.6270 -10.2086 111.8221 0.0206 0.7590 -0.0346 0.6499
87.0477 654.7001 -10.3315 111.6692 0.0197 0.7585 -0.0350 0.6504
87.1514 655.7684 -10.4416 111.4956 0.0193 0.7578 -0.0337 0.6513
87.2550 656.7948 -10.5679 111.3719 0.0179 0.7570 -0.0323 0.6523
87.3587 657.7646 -10.6516 111.2407 0.0169 0.7566 -0.0322 0.6528
87.4625 658.6923 -10.7703 111.0971 0.0175 0.7566 -0.0320 0.6529
87.5662 659.5969 -10.8531 110.9736 0.0184 0.7563 -0.0325 0.6531
87.6699 660.4126 -10.9333 110.8843 0.0184 0.7560 -0.0329 0.6535
87.7736 661.2403 -11.0404 110.7556 0.0176 0.7563 -0.0337 0.6532
87.8773 662.0036 -11.1159 110.6445 0.0166 0.7571 -0.0348 0.6521
87.9812 662.7407 -11.1865 110.5517 0.0150 0.7601 -0.0363 0.6486
88.0852 663.4055 -11.2609 110.4536 0.0144 0.7656 -0.0372 0.6421
88.1892 664.0403 -11.3255 110.3081 0.0132 0.7726 -0.0394 0.6335
88.2933 664.6488 -11.3967 110.1618 0.0135 0.7817 -0.0402 0.6222
88.3975 665.2639 -11.4575 110.0128 0.0145 0.7919 -0.0413 0.6091
88.5016 665.8537 -11.5521 109.8037 0.0168 0.8037 -0.0405 0.5934
88.6058 666.4082 -11.6098 109.5874 0.0171 0.8169 -0.0409 0.5751
88.7101 666.9437 -11.6720 109.3412 0.0177 0.8311 -0.0405 0.5544
88.8143 667.4208 -11.7277 109.0613 0.0173 0.8453 -0.0397 0.5325
88.9186 667.9338 -11.7840 108.7405 0.0175 0.8597 -0.0393 0.5090
89.0228 668.3799 -11.8564 108.4490 0.0185 0.8748 -0.0393 0.4826
89.1271 668.8054 -11.9206 108.0853 0.0195 0.8895 -0.0396 0.4549
89.2313 669.1863 -11.9702 107.7429 0.0203 0.9036 -0.0412 0.4258
89.3356 669.5421 -12.0258 107.3402 0.0217 0.9169 -0.0431 0.3961
89.4396 669.9027 -12.0800 106.9344 0.0256 0.9292 -0.0436 0.3662
89.5437 670.1651 -12.1749 106.5345 0.0295 0.9405 -0.0424 0.3358
89.6478 670.4586 -12.2272 106.0337 0.0305 0.9510 -0.0418 0.3047
89.7518 670.6539 -12.2585 105.6376 0.0301 0.9604 -0.0417 0.2737
89.8558 670.8557 -12.3015 105.1329 0.0315 0.9688 -0.0409 0.2426
89.9597 671.0298 -12.3749 104.6866 0.0341 0.9761 -0.0403 0.2109
90.0637 671.2188 -12.4311 104.1674 0.0376 0.9821 -0.0409 0.1799
90.1676 671.2863 -12.4905 103.6360 0.0391 0.9874 -0.0441 0.1471
90.2715 671.3851 -12.5492 103.1497 0.0395 0.9916 -0.0473 0.1137
90.3755 671.4535 -12.5886 102.5897 0.0402 0.9946 -0.0487 0.0818
90.4793 671.4186 -12.6361 102.0514 0.0401 0.9968 -0.0479 0.0489
90.5831 671.4102 -12.6942 101.5313 0.0410 0.9979 -0.0471 0.0160
90.6870 671.3573 -12.7615 100.9395 0.0417 0.9978 -0.0481 -0.0178
90.7908 671.2968 -12.8158 100.3889 0.0422 0.9965 -0.0498 -0.0516
90.8946 671.1878 -12.8884 99.8129 0.0427 0.9941 -0.0521 -0.0853
90.9985 670.9983 -12.9201 99.2683 0.0426 0.9905 -0.0538 -0.1189
91.1021 670.7685 -12.9645 98.6842 0.0431 0.9860 -0.0550 -0.1513
91.2058 670.4833 -13.0409 98.0977 0.0444 0.9807 -0.0555 -0.1820
91.3095 670.1988 -13.0945 97.5723 0.0452 0.9749 -0.0554 -0.2110
91.4130 669.9039 -13.1490 96.9895 0.0463 0.9686 -0.0560 -0.2378
91.5166 669.5365 -13.2087 96.4045 0.0467 0.9623 -0.0570 -0.2619
91.6202 669.1646 -13.2651 95.8759 0.0471 0.9562 -0.0586 -0.2829
91.7237 668.7384 -13.3092 95.3143 0.0477 0.9507 -0.0590 -0.3008
91.8272 668.2811 -13.3815 94.7685 0.0489 0.9459 -0.0584 -0.3153
91.9306 667.8287 -13.4470 94.1809 0.0492 0.9418 -0.0560 -0.3277
92.0341 667.3817 -13.5144 93.6196 0.0474 0.9382 -0.0530 -0.3386
92.1377 666.8666 -13.5677 93.0804 0.0461 0.9350 -0.0508 -0.3480
92.2412 666.3511 -13.6325 92.5079 0.0445 0.9316 -0.0489 -0.3573
92.3449 665.8342 -13.6884 91.9637 0.0435 0.9280 -0.0461 -0.3671
92.4486 665.3154 -13.7307 91.3929 0.0401 0.9245 -0.0425 -0.3766
92.5522 664.7391 -13.7667 90.8071 0.0362 0.9208 -0.0387 -0.3865
92.6560 664.1659 -13.8076 90.3089 0.0345 0.9163 -0.0352 -0.3974
92.7597 663.5576 -13.8532 89.7052 0.0324 0.9119 -0.0301 -0.4081
92.8635 662.9364 -13.8850 89.2043 0.0296 0.9069 -0.0251 -0.4195
92.9672 662.2985 -13.9093 88.6850 0.0275 0.9013 -0.0224 -0.4317
93.0710 661.6577 -13.9455 88.1753 0.0260 0.8959 -0.0202 -0.4431
93.1747 660.9895 -13.9734 87.7143 0.0271 0.8897 -0.0190 -0.4554
93.2785 660.2945 -13.9842 87.2555 0.0276 0.8835 -0.0164 -0.4673
93.3821 659.5860 -13.9925 86.7889 0.0302 0.8776 -0.0148 -0.4783
93.4858 658.9136 -14.0112 86.3868 0.0322 0.8721 -0.0129 -0.4880
93.5895 658.1452 -14.0081 85.9340 0.0337 0.8680 -0.0112 -0.4953
93.6931 657.4031 -14.0140 85.5298 0.0338 0.8645 -0.0089 -0.5014
93.7967 656.6539 -13.9976 85.1302 0.0349 0.8629 -0.0065 -0.5041
93.9004 655.8971 -14.0121 84.6568 0.0353 0.8619 -0.0037 -0.5059
94.0040 655.1824 -13.9719 84.1969 0.0328 0.8619 -0.0006 -0.5060
94.1076 654.3901 -13.9654 83.7631 0.0301 0.8621 0.0005 -0.5059
94.2113 653.5934 -13.9737 83.3017 0.0266 0.8627 -0.0009 -0.5050
94.3150 652.7715 -13.9778 82.7979 0.0230 0.8638 -0.0030 -0.5033
94.4186 652.0340 -13.9783 82.3417 0.0211 0.8653 -0.0053 -0.5007
94.5222 651.2019 -13.9746 81.8638 0.0211 0.8668 -0.0063 -0.4983
94.6260 650.4134 -13.9426 81.3818 0.0231 0.8685 -0.0070 -0.4952
94.7297 649.5887 -13.9601 80.8864 0.0185 0.8694 -0.0054 -0.4937
94.8335 648.8239 -13.9743 80.3783 0.0175 0.8700 -0.0070 -0.4928
94.9372 647.9470 -14.0042 79.8617 0.0130 0.8703 -0.0074 -0.4923
95.0410 647.1066 -13.9891 79.3597 0.0138 0.8704 -0.0086 -0.4921
95.1447 646.2771 -14.0016 78.8590 0.0133 0.8706 -0.0078 -0.4917
95.2484 645.4043 -14.0147 78.2855 0.0183 0.8708 -0.0091 -0.4912
95.3521 644.5442 -14.0659 77.7615 0.0163 0.8712 -0.0066 -0.4907
95.4559 643.6813 -14.0525 77.2304 0.0189 0.8717 -0.0064 -0.4896
95.5595 642.8124 -14.0750 76.6859 0.0198 0.8728 -0.0064 -0.4877
95.6631 641.9560 -14.0958 76.1775 0.0206 0.8737 -0.0067 -0.4859
95.7669 641.1111 -14.0927 75.6389 0.0217 0.8746 -0.0068 -0.4842
95.8705 640.2627 -14.0938 75.0955 0.0224 0.8759 -0.0070 -0.4819
95.9742 639.4283 -14.1116 74.5846 0.0205 0.8770 -0.0064 -0.4800
96.0779 638.5807 -14.1292 73.9798 0.0215 0.8781 -0.0080 -0.4780
96.1816 637.7510 -14.1456 73.4380 0.0204 0.8787 -0.0076 -0.4768
96.2853 636.8736 -14.1602 72.8725 0.0201 0.8791 -0.0067 -0.4761
96.3891 636.0484 -14.1573 72.2973 0.0238 0.8793 -0.0077 -0.4756
96.4929 635.2274 -14.1891 71.7525 0.0215 0.8796 -0.0070 -0.4752
96.5966 634.4280 -14.2201 71.2382 0.0210 0.8799 -0.0074 -0.4747
96.7004 633.6114 -14.2022 70.6928 0.0220 0.8802 -0.0078 -0.4740
96.8040 632.8172 -14.2199 70.1725 0.0209 0.8801 -0.0057 -0.4743
96.9077 632.0018 -14.2644 69.6200 0.0201 0.8804 -0.0046 -0.4739
97.0115 631.2560 -14.2647 69.0951 0.0193 0.8801 -0.0053 -0.4744
97.1151 630.4628 -14.2723 68.5949 0.0202 0.8803 -0.0067 -0.4740
97.2189 629.7221 -14.2666 68.0586 0.0229 0.8808 -0.0076 -0.4729
97.3225 628.9478 -14.2873 67.5581 0.0223 0.8816 -0.0074 -0.4715
97.4262 628.1616 -14.3116 67.0290 0.0207 0.8819 -0.0075 -0.4710
97.5300 627.4220 -14.3447 66.5038 0.0197 0.8828 -0.0063 -0.4693
97.6337 626.6955 -14.3449 65.9848 0.0224 0.8833 -0.0059 -0.4682
97.7375 625.9986 -14.3833 65.5187 0.0218 0.8841 -0.0048 -0.4669
97.8412 625.2773 -14.3784 64.9911 0.0190 0.8847 -0.0059 -0.4656
97.9451 624.5751 -14.3983 64.5321 0.0185 0.8854 -0.0059 -0.4644
98.0487 623.9272 -14.4195 64.0528 0.0173 0.8856 -0.0051 -0.4641
98.1525 623.2845 -14.4456 63.5987 0.0190 0.8857 -0.0056 -0.4638
98.2562 622.6468 -14.4505 63.1481 0.0168 0.8862 -0.0046 -0.4629
98.3600 622.0371 -14.4541 62.6752 0.0162 0.8866 -0.0046 -0.4623
98.4637 621.4125 -14.4741 62.2746 0.0175 0.8866 -0.0039 -0.4621
98.5675 620.8290 -14.4953 61.8347 0.0189 0.8871 -0.0033 -0.4612
98.6712 620.2802 -14.5125 61.4358 0.0184 0.8876 -0.0017 -0.4603
98.7749 619.7513 -14.5020 61.0835 0.0179 0.8884 -0.0002 -0.4588
98.8786 619.2780 -14.5154 60.7009 0.0181 0.8888 -0.0009 -0.4579
98.9823 618.7829 -14.5147 60.3500 0.0181 0.8891 -0.0011 -0.4574
99.0861 618.3056 -14.5238 60.0220 0.0178 0.8894 -0.0017 -0.4567
99.1897 617.9057 -14.5382 59.7196 0.0180 0.8898 -0.0018 -0.4560
99.2935 617.5087 -14.5487 59.3966 0.0195 0.8899 -0.0031 -0.4557
99.3972 617.1503 -14.5532 59.1485 0.0197 0.8901 -0.0040 -0.4554
99.5008 616.8257 -14.5677 58.8980 0.0173 0.8904 -0.0038 -0.4548
99.6046 616.4837 -14.5713 58.6601 0.0158 0.8905 -0.0030 -0.4546
99.7083 616.1739 -14.5883 58.4256 0.0171 0.8906 -0.0027 -0.4545
99.8120 615.8849 -14.6113 58.2383 0.0189 0.8908 -0.0035 -0.4540
99.9157 615.6479 -14.5931 58.0416 0.0196 0.8908 -0.0045 -0.4540
100.0193 615.4074 -14.5905 57.8323 0.0185 0.8910 -0.0043 -0.4537
100.1231 615.1886 -14.6058 57.6901 0.0186 0.8912 -0.0044 -0.4533
100.2267 614.9830 -14.6094 57.5494 0.0189 0.8913 -0.0044 -0.4530
100.3305 614.7903 -14.6113 57.4179 0.0192 0.8915 -0.0044 -0.4527
100.4341 614.6285 -14.6232 57.2846 0.0181 0.8916 -0.0054 -0.4525
100.5379 614.4624 -14.6194 57.1623 0.0180 0.8917 -0.0065 -0.4522
100.6415 614.2766 -14.6193 57.0048 0.0186 0.8915 -0.0078 -0.4525
100.7452 614.0972 -14.6415 56.8963 0.0199 0.8915 -0.0080 -0.4526
100.8489 613.9676 -14.6300 56.8059 0.0190 0.8915 -0.0078 -0.4526
100.9526 613.7876 -14.6419 56.6652 0.0198 0.8913 -0.0078 -0.4529
101.0562 613.6223 -14.6311 56.5182 0.0197 0.8915 -0.0086 -0.4526
101.1600 613.4588 -14.6382 56.4064 0.0180 0.8915 -0.0082 -0.4526
101.2636 613.2978 -14.6619 56.2856 0.0174 0.8916 -0.0085 -0.4524
101.3674 613.1509 -14.6493 56.1498 0.0183 0.8915 -0.0084 -0.4525
101.4710 612.9673 -14.6623 56.0460 0.0189 0.8915 -0.0078 -0.4525
101.5747 612.8265 -14.6630 55.9221 0.0195 0.8915 -0.0082 -0.4526
101.6784 612.6323 -14.6593 55.8389 0.0196 0.8915 -0.0081 -0.4524
101.7821 612.5045 -14.6688 55.7100 0.0202 0.8918 -0.0085 -0.4519
101.8859 612.3629 -14.6593 55.6110 0.0196 0.8916 -0.0083 -0.4524
101.9896 612.1976 -14.6723 55.5054 0.0187 0.8915 -0.0076 -0.4526
102.0932 612.0442 -14.6781 55.3878 0.0203 0.8916 -0.0083 -0.4524
102.1970 611.9297 -14.6784 55.2848 0.0205 0.8915 -0.0077 -0.4525
102.3007 611.8087 -14.6755 55.1901 0.0200 0.8913 -0.0077 -0.4529
102.4045 611.7039 -14.6841 55.1071 0.0192 0.8915 -0.0078 -0.4525
102.5083 611.5917 -14.6731 55.0245 0.0187 0.8916 -0.0081 -0.4523
102.6119 611.4359 -14.6867 54.9335 0.0197 0.8915 -0.0098 -0.4524
102.7156 611.3318 -14.6976 54.8325 0.0207 0.8912 -0.0099 -0.4530
102.8194 611.2225 -14.7140 54.7785 0.0201 0.8915 -0.0092 -0.4526
102.9230 611.0782 -14.6855 54.7014 0.0193 0.8913 -0.0075 -0.4529
103.0267 611.0111 -14.6922 54.6140 0.0183 0.8916 -0.0055 -0.4524
103.1305 610.8930 -14.6976 54.5306 0.0181 0.8915 -0.0061 -0.4525
103.2341 610.7685 -14.6950 54.4286 0.0172 0.8915 -0.0066 -0.4526
103.3379 610.6601 -14.7004 54.3538 0.0180 0.8913 -0.0077 -0.4531
103.4415 610.5940 -14.7195 54.3129 0.0181 0.8915 -0.0075 -0.4527
103.5452 610.4981 -14.7103 54.2169 0.0180 0.8916 -0.0079 -0.4523
103.6490 610.3788 -14.6960 54.1111 0.0170 0.8917 -0.0085 -0.4523
103.7526 610.2379 -14.7159 54.0505 0.0160 0.8920 -0.0085 -0.4517
103.8564 610.1299 -14.7136 53.9480 0.0159 0.8919 -0.0099 -0.4519
103.9601 609.9577 -14.7329 53.8222 0.0156 0.8923 -0.0115 -0.4509
104.0637 609.8348 -14.7282 53.7130 0.0155 0.8926 -0.0133 -0.4504
104.1674 609.6514 -14.7151 53.5829 0.0151 0.8931 -0.0143 -0.4493
104.2710 609.3795 -14.7286 53.3718 0.0146 0.8941 -0.0150 -0.4473
104.3746 609.1837 -14.7482 53.2025 0.0135 0.8954 -0.0150 -0.4448
104.4782 608.9397 -14.7495 53.0127 0.0153 0.8968 -0.0164 -0.4419
104.5820 608.6797 -14.7530 52.8056 0.0153 0.8979 -0.0183 -0.4395
104.6857 608.3892 -14.7668 52.5406 0.0136 0.8998 -0.0177 -0.4356
104.7894 608.0698 -14.7833 52.3226 0.0143 0.9021 -0.0189 -0.4310
104.8930 607.8004 -14.7783 52.0798 0.0169 0.9043 -0.0199 -0.4261
104.9967 607.4379 -14.8007 51.7627 0.0177 0.9062 -0.0193 -0.4220
105.1005 607.1217 -14.8194 51.4786 0.0189 0.9082 -0.0184 -0.4177
105.2041 606.7574 -14.8110 51.1265 0.0185 0.9107 -0.0192 -0.4122
105.3077 606.3765 -14.8481 50.7887 0.0165 0.9129 -0.0197 -0.4074
105.4115 606.0013 -14.8313 50.4124 0.0196 0.9147 -0.0180 -0.4032
105.5153 605.6189 -14.8856 50.0649 0.0211 0.9166 -0.0167 -0.3988
105.6189 605.1862 -14.8916 49.6475 0.0224 0.9183 -0.0156 -0.3950
105.7226 604.7885 -14.8846 49.2438 0.0205 0.9198 -0.0135 -0.3917
105.8265 604.3821 -14.9065 48.8174 0.0206 0.9211 -0.0115 -0.3887
105.9302 603.9240 -14.9261 48.3698 0.0189 0.9222 -0.0102 -0.3862
106.0341 603.4656 -14.9302 47.8922 0.0176 0.9225 -0.0092 -0.3854
106.1379 603.0211 -14.9065 47.3812 0.0164 0.9229 -0.0078 -0.3847
106.2417 602.5507 -14.9456 46.9187 0.0164 0.9234 -0.0076 -0.3833
106.3455 602.0232 -14.9254 46.4075 0.0156 0.9237 -0.0073 -0.3828
106.4492 601.5219 -14.9550 45.9017 0.0165 0.9240 -0.0076 -0.3821
106.5530 601.0109 -14.9933 45.3711 0.0106 0.9245 -0.0090 -0.3810
106.6568 600.4903 -14.9876 44.8169 0.0073 0.9246 -0.0112 -0.3808
106.7605 599.9563 -15.0051 44.2574 0.0061 0.9249 -0.0134 -0.3799
106.8642 599.3993 -15.0282 43.6934 0.0099 0.9252 -0.0144 -0.3792
106.9680 598.8680 -15.0542 43.1117 0.0109 0.9256 -0.0131 -0.3780
107.0718 598.2948 -15.0789 42.5003 0.0090 0.9256 -0.0111 -0.3782
107.1755 597.7261 -15.0965 41.9114 0.0095 0.9261 -0.0109 -0.3770
107.2791 597.1450 -15.1154 41.2961 0.0085 0.9266 -0.0102 -0.3757
107.3829 596.4905 -15.1398 40.6401 0.0116 0.9270 -0.0108 -0.3746
107.4865 595.8863 -15.1385 39.9879 0.0145 0.9277 -0.0110 -0.3729
107.5902 595.2623 -15.1829 39.3384 0.0150 0.9287 -0.0112 -0.3705
107.6939 594.6514 -15.1893 38.6900 0.0154 0.9298 -0.0105 -0.3676
107.7976 594.0231 -15.1912 37.9763 0.0169 0.9307 -0.0104 -0.3653
107.9012 593.3947 -15.2394 37.2835 0.0179 0.9316 -0.0104 -0.3629
108.0050 592.8109 -15.2499 36.6264 0.0174 0.9325 -0.0114 -0.3606
108.1087 592.1783 -15.2882 35.9464 0.0172 0.9332 -0.0130 -0.3587
108.2125 591.5974 -15.3083 35.2506 0.0172 0.9331 -0.0140 -0.3589
108.3162 590.9850 -15.3523 34.5603 0.0143 0.9330 -0.0141 -0.3593
108.4200 590.3600 -15.3789 33.8857 0.0127 0.9330 -0.0139 -0.3594
108.5237 589.7508 -15.4126 33.1889 0.0106 0.9327 -0.0134 -0.3602
108.6275 589.1745 -15.4415 32.5037 0.0109 0.9322 -0.0125 -0.3615
108.7312 588.5155 -15.4708 31.8409 0.0120 0.9319 -0.0129 -0.3624
108.8351 587.9001 -15.5009 31.1506 0.0124 0.9315 -0.0129 -0.3632
108.9389 587.2818 -15.5358 30.4608 0.0122 0.9312 -0.0133 -0.3640
109.0426 586.6548 -15.5793 29.7717 0.0127 0.9306 -0.0143 -0.3654
109.1464 586.0166 -15.6080 29.0986 0.0117 0.9302 -0.0140 -0.3666
109.2501 585.3918 -15.6326 28.4163 0.0115 0.9296 -0.0141 -0.3680
109.3539 584.7742 -15.6651 27.7309 0.0116 0.9292 -0.0141 -0.3691
109.4576 584.1284 -15.7020 27.0530 0.0118 0.9286 -0.0148 -0.3706
109.5612 583.4886 -15.7381 26.3623 0.0115 0.9282 -0.0152 -0.3715
109.6650 582.8338 -15.7741 25.7061 0.0114 0.9278 -0.0161 -0.3725
109.7687 582.1568 -15.8043 24.9869 0.0102 0.9275 -0.0157 -0.3734
109.8724 581.5207 -15.8536 24.2689 0.0108 0.9275 -0.0156 -0.3733
109.9761 580.8553 -15.8802 23.6036 0.0106 0.9275 -0.0152 -0.3734
110.0797 580.1696 -15.9135 22.9136 0.0099 0.9276 -0.0153 -0.3731
110.1835 579.5148 -15.9547 22.1976 0.0098 0.9277 -0.0157 -0.3728
110.2872 578.8389 -16.0127 21.4669 0.0094 0.9277 -0.0160 -0.3729
110.3909 578.1710 -16.0263 20.7622 0.0097 0.9280 -0.0163 -0.3721
110.4946 577.4926 -16.0644 20.0836 0.0097 0.9283 -0.0161 -0.3715
110.5982 576.8398 -16.1123 19.3641 0.0092 0.9287 -0.0170 -0.3704
110.7020 576.1977 -16.1678 18.6322 0.0088 0.9291 -0.0186 -0.3692
110.8056 575.5428 -16.1956 17.9497 0.0075 0.9293 -0.0189 -0.3687
110.9092 574.8536 -16.2421 17.1875 0.0088 0.9297 -0.0183 -0.3676
111.0129 574.1900 -16.2974 16.4840 0.0086 0.9303 -0.0158 -0.3664
111.1166 573.5347 -16.3466 15.7675 0.0095 0.9306 -0.0151 -0.3656
111.2202 572.8648 -16.3736 15.0111 0.0104 0.9307 -0.0155 -0.3653
111.3240 572.2480 -16.4222 14.3450 0.0094 0.9313 -0.0159 -0.3637
111.4276 571.6060 -16.4692 13.6562 0.0104 0.9318 -0.0165 -0.3624
111.5314 570.9736 -16.5041 12.9774 0.0104 0.9323 -0.0172 -0.3611
111.6350 570.3254 -16.5648 12.2575 0.0098 0.9323 -0.0183 -0.3610
111.7387 569.7175 -16.6068 11.5541 0.0091 0.9328 -0.0188 -0.3598
111.8424 569.0742 -16.6466 10.8217 0.0089 0.9334 -0.0188 -0.3583
111.9461 568.4787 -16.6807 10.1194 0.0088 0.9337 -0.0167 -0.3577
112.0497 567.8284 -16.7113 9.4733 0.0097 0.9338 -0.0146 -0.3574
112.1535 567.2402 -16.7539 8.7416 0.0077 0.9341 -0.0140 -0.3567
112.2571 566.6317 -16.8026 8.0822 0.0057 0.9337 -0.0146 -0.3578
112.3609 566.0452 -16.8504 7.3717 0.0057 0.9336 -0.0164 -0.3579
112.4646 565.4423 -16.8824 6.7167 0.0065 0.9328 -0.0171 -0.3598
112.5682 564.8085 -16.9183 6.0147 0.0092 0.9325 -0.0180 -0.3606
112.6720 564.1991 -16.9695 5.3592 0.0106 0.9319 -0.0188 -0.3621
112.7756 563.6210 -17.0070 4.7380 0.0114 0.9315 -0.0194 -0.3630
112.8794 563.0187 -17.0582 4.0766 0.0119 0.9312 -0.0196 -0.3639
112.9830 562.4199 -17.0848 3.4008 0.0099 0.9308 -0.0195 -0.3649
113.0867 561.8178 -17.1160 2.8084 0.0086 0.9301 -0.0218 -0.3665
113.1905 561.2943 -17.2076 2.1754 0.0058 0.9297 -0.0245 -0.3674
113.2941 560.7181 -17.2570 1.6497 0.0028 0.9289 -0.0267 -0.3692
113.3978 560.2132 -17.3199 1.0015 0.0028 0.9290 -0.0277 -0.3691
113.5015 559.6734 -17.3646 0.4239 0.0037 0.9288 -0.0273 -0.3695
113.6052 559.1507 -17.4048 -0.1071 0.0072 0.9284 -0.0266 -0.3705
113.7090 558.6913 -17.4766 -0.6193 0.0063 0.9286 -0.0265 -0.3700
113.8126 558.2035 -17.5036 -1.1564 0.0086 0.9284 -0.0285 -0.3703
113.9164 557.7277 -17.5902 -1.6353 0.0085 0.9281 -0.0310 -0.3708
114.0201 557.2963 -17.6270 -2.0843 0.0082 0.9282 -0.0323 -0.3705
114.1239 556.8711 -17.6640 -2.5535 0.0089 0.9283 -0.0323 -0.3704
114.2276 556.5107 -17.7017 -2.9252 0.0060 0.9283 -0.0310 -0.3705
114.3314 556.1231 -17.7745 -3.3493 0.0080 0.9285 -0.0305 -0.3700
114.4350 555.7479 -17.7991 -3.7423 0.0076 0.9285 -0.0318 -0.3699
114.5387 555.4041 -17.8557 -4.1470 0.0051 0.9283 -0.0329 -0.3704
114.6425 555.0727 -17.8965 -4.5073 0.0008 0.9283 -0.0325 -0.3704
114.7463 554.7069 -17.9160 -4.8621 0.0017 0.9284 -0.0327 -0.3702
114.8500 554.3927 -17.9634 -5.2280 0.0019 0.9284 -0.0318 -0.3702
114.9538 554.0380 -18.0261 -5.5655 0.0017 0.9284 -0.0307 -0.3704
115.0574 553.7406 -18.0554 -5.9078 -0.0006 0.9283 -0.0295 -0.3706
115.1611 553.4024 -18.0978 -6.2472 -0.0006 0.9284 -0.0293 -0.3705
115.2649 553.1312 -18.1163 -6.5602 -0.0003 0.9283 -0.0296 -0.3707
115.3686 552.7991 -18.1559 -6.9005 0.0020 0.9279 -0.0305 -0.3716
115.4724 552.5028 -18.1908 -7.2358 0.0026 0.9278 -0.0308 -0.3717
115.5761 552.2067 -18.2225 -7.5232 0.0034 0.9277 -0.0313 -0.3720
115.6797 551.9562 -18.2512 -7.8047 0.0034 0.9278 -0.0313 -0.3717
115.7835 551.6959 -18.2735 -8.0751 0.0037 0.9280 -0.0319 -0.3712
115.8871 551.4328 -18.3079 -8.3190 0.0054 0.9281 -0.0327 -0.3709
115.9909 551.1939 -18.3360 -8.5755 0.0053 0.9282 -0.0331 -0.3705
116.0946 550.9333 -18.3686 -8.8460 0.0042 0.9281 -0.0336 -0.3709
116.1983 550.7010 -18.3979 -9.0939 0.0042 0.9282 -0.0351 -0.3704
116.3020 550.4848 -18.4416 -9.3215 0.0053 0.9285 -0.0373 -0.3695
116.4056 550.2653 -18.4682 -9.5726 0.0067 0.9285 -0.0392 -0.3691
116.5094 550.0401 -18.4850 -9.7870 0.0068 0.9293 -0.0394 -0.3672
116.6133 549.8364 -18.4965 -9.9727 0.0065 0.9299 -0.0399 -0.3655
116.7167 549.6940 -18.5147 -10.1977 0.0057 0.9304 -0.0403 -0.3643
116.8205 549.4878 -18.5560 -10.4200 0.0039 0.9310 -0.0399 -0.3629
116.9242 549.3406 -18.5770 -10.6152 0.0028 0.9312 -0.0399 -0.3623
117.0280 549.1785 -18.6066 -10.8199 0.0026 0.9316 -0.0401 -0.3613
117.1316 549.0071 -18.6200 -10.9618 0.0029 0.9321 -0.0404 -0.3600
117.2354 548.9222 -18.6413 -11.0722 0.0034 0.9327 -0.0401 -0.3584
117.3391 548.7666 -18.6600 -11.2053 0.0035 0.9330 -0.0407 -0.3576
117.4429 548.6437 -18.7011 -11.4077 0.0030 0.9327 -0.0415 -0.3583
117.5467 548.5239 -18.7008 -11.5352 0.0022 0.9327 -0.0421 -0.3581
117.6504 548.4235 -18.7103 -11.6396 0.0019 0.9327 -0.0429 -0.3582
117.7540 548.3182 -18.7284 -11.7299 0.0018 0.9325 -0.0433 -0.3586
117.8577 548.2377 -18.7421 -11.8094 0.0019 0.9325 -0.0435 -0.3585
117.9615 548.1274 -18.7637 -11.9536 0.0017 0.9325 -0.0443 -0.3585
118.0651 548.1039 -18.7553 -11.9889 0.0015 0.9328 -0.0442 -0.3576
118.1689 547.9797 -18.7715 -12.1135 0.0016 0.9327 -0.0445 -0.3580
118.2725 547.9564 -18.7844 -12.1550 0.0013 0.9329 -0.0448 -0.3572
118.3763 547.8433 -18.8052 -12.2638 0.0005 0.9329 -0.0453 -0.3573
118.4799 547.7638 -18.8161 -12.3326 -0.0000 0.9329 -0.0456 -0.3571
118.5836 547.7185 -18.8019 -12.4122 -0.0003 0.9330 -0.0453 -0.3569
118.6872 547.6797 -18.8255 -12.4755 0.0003 0.9329 -0.0455 -0.3571
118.7910 547.6081 -18.8474 -12.5528 0.0006 0.9329 -0.0454 -0.3573
118.8948 547.5892 -18.8603 -12.5900 0.0002 0.9332 -0.0461 -0.3565
118.9985 547.5670 -18.8439 -12.6278 -0.0002 0.9335 -0.0463 -0.3556
119.1021 547.4883 -18.8553 -12.7406 -0.0003 0.9332 -0.0462 -0.3565
119.2059 547.4380 -18.8745 -12.7750 -0.0005 0.9332 -0.0466 -0.3564
119.3096 547.4037 -18.8770 -12.8079 -0.0003 0.9332 -0.0468 -0.3562
119.4132 547.3790 -18.8846 -12.8526 -0.0000 0.9333 -0.0467 -0.3559
119.5170 547.3518 -18.8787 -12.8239 -0.0005 0.9336 -0.0469 -0.3552
119.6207 547.3018 -18.8859 -12.8848 -0.0003 0.9336 -0.0471 -0.3553
119.7244 547.2879 -18.8948 -12.9288 -0.0008 0.9334 -0.0474 -0.3558
119.8281 547.2653 -18.8898 -12.9517 -0.0001 0.9336 -0.0475 -0.3552
119.9319 547.2448 -18.8950 -12.9767 -0.0005 0.9337 -0.0476 -0.3549
120.0355 547.2273 -18.8999 -13.0042 -0.0006 0.9336 -0.0476 -0.3552
120.1392 547.1921 -18.9047 -13.0037 -0.0005 0.9335 -0.0475 -0.3553
120.2429 547.1766 -18.9165 -13.0618 -0.0013 0.9335 -0.0478 -0.3553
120.3466 547.1680 -18.9057 -13.0793 -0.0009 0.9335 -0.0478 -0.3554
120.4502 547.1849 -18.9066 -13.0542 -0.0012 0.9336 -0.0478 -0.3551
120.5540 547.1979 -18.9086 -13.0339 -0.0011 0.9338 -0.0483 -0.3546
120.6576 547.1625 -18.8994 -13.0654 -0.0014 0.9338 -0.0483 -0.3545
120.7614 547.1519 -18.9050 -13.0835 -0.0013 0.9337 -0.0490 -0.3546
120.8650 547.1190 -18.9133 -13.0925 -0.0019 0.9336 -0.0494 -0.3549
120.9686 547.0904 -18.9152 -13.1094 -0.0021 0.9336 -0.0493 -0.3549
121.0724 547.0950 -18.9119 -13.1045 -0.0017 0.9338 -0.0489 -0.3544
121.1760 547.1126 -18.9103 -13.1148 -0.0019 0.9340 -0.0490 -0.3540
121.2797 547.0856 -18.9187 -13.1163 -0.0019 0.9338 -0.0489 -0.3543
121.3834 547.0519 -18.9358 -13.2012 -0.0018 0.9338 -0.0488 -0.3544
121.4871 547.0361 -18.9199 -13.2546 -0.0016 0.9336 -0.0490 -0.3549
121.5909 547.0281 -18.9360 -13.2390 -0.0015 0.9338 -0.0486 -0.3545
121.6945 546.9897 -18.9422 -13.2778 -0.0017 0.9338 -0.0482 -0.3545
121.7982 546.9254 -18.9456 -13.3427 -0.0016 0.9337 -0.0482 -0.3548
121.9020 546.9332 -18.9552 -13.3746 -0.0017 0.9338 -0.0484 -0.3546
122.0056 546.8933 -18.9683 -13.4229 -0.0017 0.9338 -0.0480 -0.3546
122.1094 546.8113 -18.9537 -13.4896 -0.0019 0.9338 -0.0482 -0.3546
122.2131 546.7783 -18.9675 -13.5310 -0.0017 0.9339 -0.0482 -0.3543
122.3168 546.7255 -18.9788 -13.5655 -0.0015 0.9336 -0.0482 -0.3551
122.4205 546.6760 -18.9828 -13.6337 -0.0017 0.9337 -0.0489 -0.3546
122.5243 546.6401 -18.9995 -13.6875 -0.0018 0.9337 -0.0490 -0.3546
122.6280 546.5245 -19.0132 -13.7867 -0.0018 0.9337 -0.0484 -0.3548
122.7316 546.4618 -19.0174 -13.8840 -0.0019 0.9335 -0.0487 -0.3553
122.8352 546.4217 -19.0329 -13.9245 -0.0012 0.9339 -0.0484 -0.3544
122.9390 546.3781 -19.0410 -13.9626 -0.0020 0.9340 -0.0482 -0.3541
123.0426 546.2747 -19.0596 -14.0531 -0.0021 0.9340 -0.0487 -0.3538
123.1462 546.2245 -19.0694 -14.1856 -0.0015 0.9339 -0.0481 -0.3542
123.2500 546.1310 -19.0815 -14.2591 -0.0014 0.9337 -0.0483 -0.3548
123.3536 546.0813 -19.0958 -14.3181 -0.0012 0.9337 -0.0487 -0.3547
123.4574 546.0063 -19.1020 -14.3889 -0.0004 0.9339 -0.0493 -0.3542
123.5610 545.9094 -19.1178 -14.5150 0.0010 0.9338 -0.0492 -0.3544
123.6648 545.8313 -19.1228 -14.5780 0.0021 0.9339 -0.0489 -0.3541
123.7685 545.7722 -19.1460 -14.6502 0.0025 0.9341 -0.0486 -0.3536
123.8721 545.7382 -19.1697 -14.7769 0.0023 0.9339 -0.0489 -0.3543
123.9759 545.6014 -19.1715 -14.8443 0.0026 0.9339 -0.0488 -0.3541
124.0796 545.5645 -19.1712 -14.8812 0.0024 0.9339 -0.0487 -0.3542
124.1832 545.5131 -19.1922 -14.9661 0.0025 0.9342 -0.0486 -0.3535
124.2870 545.4561 -19.1873 -15.0027 0.0023 0.9342 -0.0479 -0.3535
124.3906 545.3898 -19.2062 -15.0429 0.0022 0.9341 -0.0476 -0.3537
124.4944 545.3611 -19.2153 -15.1063 0.0023 0.9345 -0.0477 -0.3528
