0.0000 -0.0000 0.0000 0.0000 0.0000 -0.0000 -0.0000 1.0000
0.1039 -0.0865 -0.0069 0.0144 0.0001 0.0072 -0.0001 1.0000
0.2077 -0.1065 -0.0167 0.0047 0.0002 0.0147 -0.0008 0.9999
0.3119 0.0044 0.0082 0.4162 -0.0007 0.0319 -0.0026 0.9995
0.4159 0.0211 0.0149 0.5387 -0.0016 0.0479 -0.0021 0.9989
0.5200 0.1585 0.0133 0.8070 -0.0025 0.0676 -0.0010 0.9977
0.6241 0.1543 -0.0151 0.8883 -0.0029 0.0862 0.0010 0.9963
0.7282 0.2702 -0.0047 1.1408 -0.0033 0.1085 0.0010 0.9941
0.8325 0.3408 0.0031 1.3070 -0.0051 0.1325 0.0007 0.9912
0.9366 0.5287 0.0240 1.6260 -0.0083 0.1575 0.0018 0.9875
1.0408 0.6159 -0.0002 1.7999 -0.0116 0.1823 0.0059 0.9832
1.1449 0.8159 -0.0063 2.0273 -0.0137 0.2091 0.0081 0.9778
1.2490 1.0055 -0.0044 2.2642 -0.0154 0.2368 0.0084 0.9714
1.3531 1.1662 0.0273 2.4987 -0.0176 0.2651 0.0084 0.9640
1.4571 1.4239 0.0272 2.7476 -0.0194 0.2938 0.0101 0.9556
1.5611 1.6168 0.0264 2.9234 -0.0204 0.3225 0.0124 0.9463
1.6651 1.8736 0.0346 3.1343 -0.0212 0.3505 0.0140 0.9362
1.7690 2.1613 0.0418 3.3725 -0.0212 0.3778 0.0154 0.9255
1.8729 2.4779 0.0551 3.5616 -0.0215 0.4043 0.0158 0.9142
1.9768 2.8333 0.0859 3.8070 -0.0229 0.4301 0.0149 0.9024
2.0805 3.1631 0.1042 4.0052 -0.0238 0.4537 0.0145 0.8907
2.1841 3.5449 0.1260 4.2147 -0.0244 0.4753 0.0144 0.8794
2.2879 3.9746 0.1331 4.4305 -0.0252 0.4952 0.0151 0.8683
2.3915 4.3753 0.1602 4.6224 -0.0256 0.5137 0.0143 0.8575
2.4951 4.8277 0.1859 4.7900 -0.0251 0.5310 0.0139 0.8469
2.5988 5.3461 0.2032 4.9825 -0.0232 0.5465 0.0141 0.8370
2.7023 5.8403 0.2233 5.1659 -0.0211 0.5600 0.0143 0.8281
2.8059 6.3836 0.2509 5.3545 -0.0194 0.5714 0.0142 0.8203
2.9094 6.9719 0.2710 5.5245 -0.0184 0.5803 0.0144 0.8141
3.0129 7.5463 0.3014 5.7092 -0.0180 0.5864 0.0151 0.8097
3.1165 8.1693 0.3200 5.8880 -0.0181 0.5916 0.0159 0.8059
3.2201 8.7854 0.3523 6.0845 -0.0192 0.5961 0.0162 0.8025
3.3237 9.4678 0.3858 6.2898 -0.0203 0.6006 0.0163 0.7991
3.4274 10.1655 0.4142 6.4763 -0.0213 0.6047 0.0167 0.7960
3.5310 10.8672 0.4425 6.6671 -0.0223 0.6088 0.0171 0.7928
3.6348 11.5981 0.4718 6.8480 -0.0230 0.6132 0.0175 0.7894
3.7384 12.3761 0.5006 7.0375 -0.0236 0.6175 0.0177 0.7860
3.8421 13.1255 0.5356 7.2167 -0.0251 0.6213 0.0185 0.7830
3.9458 13.8963 0.5879 7.3869 -0.0271 0.6259 0.0190 0.7792
4.0495 14.6906 0.6220 7.5360 -0.0284 0.6312 0.0203 0.7748
4.1532 15.4744 0.6616 7.6947 -0.0296 0.6359 0.0209 0.7709
4.2570 16.2885 0.6975 7.8217 -0.0298 0.6413 0.0211 0.7664
4.3608 17.0798 0.7357 7.9638 -0.0299 0.6470 0.0204 0.7616
4.4645 17.8679 0.7774 8.0811 -0.0297 0.6534 0.0198 0.7561
4.5684 18.6936 0.8182 8.1802 -0.0297 0.6613 0.0188 0.7493
4.6723 19.4957 0.8599 8.2522 -0.0303 0.6706 0.0171 0.7410
4.7761 20.3313 0.8997 8.3279 -0.0313 0.6817 0.0157 0.7308
4.8801 21.1982 0.9376 8.3441 -0.0316 0.6939 0.0148 0.7192
4.9841 22.0208 0.9737 8.3353 -0.0314 0.7062 0.0143 0.7071
5.0881 22.8841 1.0052 8.2963 -0.0310 0.7182 0.0137 0.6950
5.1920 23.7285 1.0376 8.2452 -0.0307 0.7296 0.0123 0.6831
5.2959 24.5423 1.0740 8.1456 -0.0297 0.7407 0.0107 0.6711
5.3998 25.3936 1.0999 8.0225 -0.0270 0.7514 0.0102 0.6592
5.5036 26.1999 1.1180 7.8770 -0.0234 0.7619 0.0101 0.6472
5.6074 27.0696 1.1398 7.7109 -0.0191 0.7721 0.0103 0.6351
5.7113 27.8749 1.1450 7.5052 -0.0153 0.7813 0.0103 0.6238
5.8150 28.6969 1.1721 7.2913 -0.0101 0.7901 0.0117 0.6128
5.9188 29.4964 1.1738 7.0341 -0.0050 0.7985 0.0101 0.6019
6.0224 30.2832 1.1628 6.7822 0.0011 0.8065 0.0058 0.5912
6.1261 31.0326 1.1313 6.4769 0.0063 0.8140 -0.0012 0.5809
6.2298 31.8417 1.1033 6.1968 0.0105 0.8216 -0.0080 0.5699
6.3335 32.6078 1.0655 5.8836 0.0148 0.8290 -0.0113 0.5590
6.4371 33.3864 1.0201 5.5281 0.0172 0.8361 -0.0119 0.5482
6.5409 34.1184 0.9716 5.1626 0.0175 0.8427 -0.0108 0.5380
6.6445 34.8609 0.9396 4.8110 0.0178 0.8489 -0.0074 0.5282
6.7483 35.5680 0.9079 4.4001 0.0193 0.8543 -0.0035 0.5195
6.8519 36.2893 0.8602 4.0139 0.0205 0.8583 -0.0022 0.5128
6.9555 36.9947 0.8028 3.6132 0.0221 0.8615 -0.0025 0.5072
7.0590 37.6823 0.7649 3.2257 0.0232 0.8644 -0.0030 0.5023
7.1628 38.3771 0.7046 2.8309 0.0212 0.8673 -0.0057 0.4972
7.2664 39.0826 0.6943 2.4219 0.0204 0.8707 -0.0061 0.4914
7.3701 39.7437 0.6534 1.9913 0.0213 0.8732 -0.0056 0.4869
7.4738 40.4277 0.6078 1.5404 0.0233 0.8752 -0.0052 0.4831
7.5774 41.1528 0.5667 1.0929 0.0243 0.8763 -0.0067 0.4810
7.6810 41.8512 0.5171 0.6574 0.0244 0.8761 -0.0078 0.4814
7.7847 42.5650 0.4786 0.1875 0.0254 0.8753 -0.0069 0.4829
7.8883 43.3248 0.4366 -0.2667 0.0247 0.8736 -0.0072 0.4859
7.9919 44.0828 0.3909 -0.7050 0.0238 0.8716 -0.0076 0.4896
8.0956 44.8563 0.3516 -1.1557 0.0232 0.8696 -0.0080 0.4931
8.1994 45.6777 0.3027 -1.6202 0.0221 0.8677 -0.0087 0.4964
8.3031 46.4731 0.2532 -2.0807 0.0202 0.8664 -0.0097 0.4989
8.4070 47.3141 0.2102 -2.5468 0.0178 0.8661 -0.0107 0.4995
8.5108 48.1366 0.1620 -3.0147 0.0163 0.8662 -0.0107 0.4993
8.6146 48.9949 0.1234 -3.5128 0.0156 0.8664 -0.0109 0.4989
8.7184 49.8826 0.0711 -4.0291 0.0155 0.8665 -0.0104 0.4989
8.8221 50.7520 0.0246 -4.5166 0.0152 0.8666 -0.0103 0.4987
8.9259 51.6393 -0.0230 -5.0264 0.0151 0.8666 -0.0098 0.4987
9.0296 52.5068 -0.0797 -5.5535 0.0148 0.8667 -0.0098 0.4985
9.1335 53.4131 -0.1268 -6.0468 0.0139 0.8668 -0.0099 0.4984
9.2373 54.3197 -0.1809 -6.5509 0.0136 0.8668 -0.0098 0.4983
9.3410 55.2074 -0.2292 -7.0667 0.0130 0.8667 -0.0099 0.4986
9.4448 56.1106 -0.2874 -7.5761 0.0124 0.8663 -0.0095 0.4992
9.5485 57.0159 -0.3369 -8.1107 0.0120 0.8656 -0.0082 0.5005
9.6522 57.8992 -0.3899 -8.5945 0.0117 0.8649 -0.0072 0.5017
9.7559 58.8021 -0.4389 -9.1041 0.0115 0.8642 -0.0070 0.5030
9.8596 59.7013 -0.4817 -9.6203 0.0118 0.8636 -0.0068 0.5039
9.9635 60.5583 -0.5375 -10.0995 0.0119 0.8634 -0.0072 0.5043
10.0673 61.4565 -0.5796 -10.6029 0.0120 0.8635 -0.0080 0.5041
10.1711 62.3544 -0.6261 -11.0827 0.0123 0.8643 -0.0095 0.5028
10.2750 63.2303 -0.6803 -11.5883 0.0121 0.8655 -0.0105 0.5006
10.3789 64.0993 -0.7207 -12.0862 0.0116 0.8672 -0.0098 0.4978
10.4828 64.9589 -0.7837 -12.5921 0.0119 0.8687 -0.0073 0.4952
10.5865 65.8077 -0.8292 -13.0948 0.0105 0.8703 -0.0077 0.4924
10.6904 66.6568 -0.8846 -13.6056 0.0112 0.8717 -0.0083 0.4898
10.7941 67.4706 -0.9206 -14.1373 0.0119 0.8731 -0.0092 0.4874
10.8980 68.3322 -0.9681 -14.6572 0.0117 0.8745 -0.0102 0.4847
11.0017 69.1578 -1.0169 -15.1596 0.0117 0.8755 -0.0108 0.4829
11.1054 69.9637 -1.0773 -15.6654 0.0112 0.8765 -0.0106 0.4811
11.2091 70.8146 -1.1212 -16.2109 0.0100 0.8774 -0.0064 0.4796
11.3129 71.6394 -1.1436 -16.7364 0.0082 0.8779 -0.0017 0.4788
11.4166 72.4402 -1.1720 -17.2516 0.0077 0.8784 -0.0001 0.4778
11.5204 73.2394 -1.2209 -17.7634 0.0084 0.8788 -0.0028 0.4772
11.6240 74.0307 -1.2696 -18.2782 0.0099 0.8791 -0.0053 0.4765
11.7278 74.8630 -1.2984 -18.8296 0.0134 0.8793 -0.0047 0.4761
11.8315 75.6356 -1.3402 -19.3258 0.0147 0.8791 -0.0035 0.4765
11.9353 76.4140 -1.3720 -19.8562 0.0136 0.8791 -0.0020 0.4765
12.0389 77.2388 -1.4057 -20.3828 0.0117 0.8788 -0.0006 0.4770
12.1426 78.0363 -1.4227 -20.8831 0.0098 0.8786 0.0018 0.4774
12.2464 78.8433 -1.4513 -21.3989 0.0052 0.8786 0.0008 0.4776
12.3501 79.6377 -1.4823 -21.8723 0.0015 0.8781 -0.0010 0.4784
12.4539 80.4487 -1.5006 -22.3855 0.0026 0.8776 0.0004 0.4794
12.5576 81.2408 -1.5259 -22.9054 0.0051 0.8767 0.0015 0.4810
12.6614 82.0104 -1.5559 -23.3753 0.0057 0.8754 0.0002 0.4834
12.7651 82.8173 -1.5838 -23.8733 0.0081 0.8730 0.0017 0.4876
12.8688 83.6035 -1.6081 -24.3725 0.0110 0.8706 0.0044 0.4918
12.9724 84.4040 -1.6282 -24.8168 0.0110 0.8678 0.0039 0.4967
13.0762 85.2453 -1.6563 -25.2798 0.0086 0.8646 0.0031 0.5024
13.1799 86.0419 -1.6758 -25.7401 0.0084 0.8614 0.0053 0.5078
13.2837 86.8463 -1.6970 -26.1580 0.0079 0.8581 0.0057 0.5134
13.3874 87.7102 -1.7100 -26.5837 0.0076 0.8545 0.0060 0.5194
13.4911 88.5405 -1.7316 -26.9906 0.0094 0.8509 0.0068 0.5251
13.5949 89.3298 -1.7636 -27.3707 0.0099 0.8474 0.0050 0.5308
13.6988 90.1716 -1.7749 -27.7543 0.0134 0.8441 0.0015 0.5361
13.8025 90.9939 -1.8065 -28.1357 0.0150 0.8404 -0.0007 0.5417
13.9063 91.8302 -1.8385 -28.5052 0.0128 0.8368 -0.0005 0.5473
14.0100 92.7029 -1.8937 -28.8539 0.0115 0.8333 0.0016 0.5527
14.1138 93.5364 -1.9027 -29.1799 0.0108 0.8301 0.0002 0.5575
14.2176 94.4175 -1.9443 -29.5084 0.0113 0.8281 -0.0037 0.5605
14.3215 95.2516 -1.9623 -29.8198 0.0115 0.8264 -0.0088 0.5628
14.4254 96.0795 -1.9976 -30.1215 0.0116 0.8255 -0.0108 0.5642
14.5293 96.9420 -2.0481 -30.4669 0.0112 0.8243 -0.0111 0.5659
14.6331 97.7885 -2.0974 -30.7902 0.0109 0.8228 -0.0114 0.5681
14.7369 98.6389 -2.1431 -31.0755 0.0091 0.8211 -0.0107 0.5706
14.8408 99.4895 -2.1951 -31.3871 0.0077 0.8196 -0.0090 0.5728
14.9445 100.3167 -2.2319 -31.6812 0.0063 0.8179 -0.0084 0.5753
15.0483 101.1831 -2.2726 -31.9616 0.0047 0.8161 -0.0098 0.5778
15.1520 102.0268 -2.2888 -32.2114 0.0013 0.8142 -0.0140 0.5803
15.2558 102.9042 -2.3531 -32.4996 0.0030 0.8121 -0.0146 0.5833
15.3595 103.7719 -2.4043 -32.7827 0.0038 0.8098 -0.0159 0.5865
15.4633 104.6235 -2.4433 -33.0549 0.0033 0.8078 -0.0154 0.5892
15.5671 105.4585 -2.4625 -33.3076 0.0027 0.8057 -0.0131 0.5922
15.6709 106.2986 -2.4998 -33.5587 0.0021 0.8035 -0.0117 0.5952
15.7746 107.1828 -2.5384 -33.8039 0.0024 0.8015 -0.0137 0.5978
15.8784 108.0426 -2.5814 -34.0300 0.0026 0.7995 -0.0152 0.6004
15.9822 108.9066 -2.6168 -34.2775 0.0024 0.7974 -0.0162 0.6032
16.0861 109.7748 -2.6644 -34.5254 0.0022 0.7952 -0.0158 0.6062
16.1898 110.6294 -2.6968 -34.7314 0.0034 0.7927 -0.0142 0.6094
16.2935 111.4834 -2.7517 -34.9386 0.0048 0.7902 -0.0130 0.6126
16.3973 112.3750 -2.7728 -35.1717 0.0072 0.7880 -0.0114 0.6155
16.5010 113.1849 -2.8193 -35.3547 0.0034 0.7860 -0.0145 0.6180
16.6048 114.1073 -2.8675 -35.5494 0.0016 0.7840 -0.0155 0.6206
16.7086 114.9559 -2.8918 -35.7397 0.0034 0.7827 -0.0139 0.6223
16.8124 115.8107 -2.9408 -35.9330 0.0030 0.7813 -0.0135 0.6240
16.9162 116.6746 -2.9749 -36.1247 0.0034 0.7798 -0.0142 0.6258
17.0200 117.5100 -3.0157 -36.3122 0.0051 0.7780 -0.0115 0.6281
17.1238 118.4104 -3.0629 -36.4945 0.0072 0.7764 -0.0080 0.6301
17.2275 119.3018 -3.1081 -36.6744 0.0076 0.7746 -0.0067 0.6323
17.3314 120.1965 -3.1399 -36.8585 0.0081 0.7733 -0.0074 0.6339
17.4351 121.0316 -3.1803 -36.9976 0.0071 0.7722 -0.0094 0.6353
17.5390 121.8974 -3.2082 -37.1621 0.0062 0.7716 -0.0098 0.6360
17.6429 122.7595 -3.2471 -37.2995 0.0056 0.7712 -0.0101 0.6364
17.7466 123.6478 -3.2770 -37.4812 0.0049 0.7709 -0.0077 0.6369
17.8505 124.5435 -3.3195 -37.6420 0.0036 0.7705 -0.0051 0.6374
17.9543 125.4237 -3.3440 -37.8012 0.0035 0.7701 -0.0035 0.6379
18.0581 126.2550 -3.3797 -37.9539 0.0046 0.7700 -0.0059 0.6380
18.1619 127.0940 -3.4211 -38.1194 0.0048 0.7698 -0.0085 0.6382
18.2658 127.9080 -3.4383 -38.2724 0.0048 0.7699 -0.0082 0.6381
18.3696 128.8057 -3.4765 -38.4135 0.0047 0.7697 -0.0084 0.6383
18.4734 129.6372 -3.5120 -38.5900 0.0062 0.7695 -0.0065 0.6385
18.5772 130.4928 -3.5515 -38.7279 0.0060 0.7692 -0.0085 0.6390
18.6810 131.3093 -3.5548 -38.8618 0.0049 0.7692 -0.0111 0.6389
18.7849 132.1909 -3.6133 -38.9888 0.0039 0.7690 -0.0134 0.6391
18.8885 133.0354 -3.6527 -39.1514 0.0052 0.7688 -0.0145 0.6393
18.9924 133.8490 -3.6978 -39.3070 0.0060 0.7688 -0.0141 0.6393
19.0960 134.6677 -3.7398 -39.4650 0.0066 0.7682 -0.0145 0.6400
19.1999 135.5027 -3.7748 -39.6102 0.0081 0.7675 -0.0121 0.6409
19.3035 136.3307 -3.8220 -39.7481 0.0089 0.7665 -0.0090 0.6421
19.4074 137.1535 -3.8466 -39.9067 0.0077 0.7660 -0.0060 0.6428
19.5112 137.9213 -3.8939 -40.0553 0.0086 0.7647 -0.0044 0.6443
19.6148 138.6796 -3.9299 -40.1863 0.0102 0.7632 -0.0063 0.6461
19.7184 139.5000 -3.9601 -40.3078 0.0131 0.7611 -0.0061 0.6485
19.8221 140.3042 -4.0098 -40.4199 0.0105 0.7584 -0.0092 0.6517
19.9257 141.0752 -4.0235 -40.5414 0.0121 0.7552 -0.0043 0.6554
20.0294 141.8943 -4.0839 -40.6317 0.0124 0.7513 -0.0023 0.6598
20.1329 142.6963 -4.1047 -40.7063 0.0137 0.7468 -0.0030 0.6649
20.2366 143.4784 -4.1523 -40.7935 0.0132 0.7419 -0.0041 0.6703
20.3404 144.3255 -4.1893 -40.8766 0.0150 0.7372 -0.0025 0.6755
20.4440 145.0456 -4.2127 -40.9070 0.0158 0.7327 -0.0024 0.6804
20.5478 145.8363 -4.2598 -40.9616 0.0174 0.7280 -0.0052 0.6853
20.6515 146.6181 -4.2906 -40.9694 0.0181 0.7234 -0.0110 0.6901
20.7553 147.3873 -4.3402 -40.9587 0.0197 0.7187 -0.0159 0.6949
20.8591 148.1708 -4.3946 -40.9916 0.0192 0.7138 -0.0170 0.6998
20.9629 148.9165 -4.4442 -40.9472 0.0171 0.7098 -0.0164 0.7040
21.0668 149.6612 -4.5000 -40.9490 0.0160 0.7061 -0.0154 0.7078
21.1706 150.4383 -4.5502 -40.9065 0.0190 0.7025 -0.0169 0.7112
21.2745 151.1848 -4.5837 -40.8856 0.0187 0.7001 -0.0234 0.7135
21.3785 151.9489 -4.6537 -40.8811 0.0189 0.6988 -0.0257 0.7146
21.4825 152.7019 -4.6975 -40.8408 0.0171 0.6989 -0.0247 0.7146
21.5864 153.4348 -4.7924 -40.8175 0.0145 0.6997 -0.0230 0.7139
21.6904 154.1598 -4.8285 -40.8067 0.0135 0.7008 -0.0223 0.7129
21.7943 154.9370 -4.8832 -40.7771 0.0153 0.7017 -0.0208 0.7120
21.8983 155.6954 -4.9335 -40.7943 0.0150 0.7030 -0.0211 0.7107
22.0022 156.4288 -4.9894 -40.7843 0.0141 0.7047 -0.0209 0.7090
22.1061 157.1747 -5.0268 -40.7667 0.0141 0.7067 -0.0212 0.7071
22.2101 157.9141 -5.0751 -40.7630 0.0133 0.7088 -0.0206 0.7050
22.3139 158.6355 -5.1297 -40.7774 0.0132 0.7109 -0.0182 0.7030
22.4178 159.3687 -5.1709 -40.7797 0.0121 0.7126 -0.0198 0.7012
22.5215 160.1374 -5.2258 -40.8094 0.0125 0.7146 -0.0204 0.6991
22.6254 160.8534 -5.2949 -40.8299 0.0114 0.7159 -0.0230 0.6977
22.7292 161.5680 -5.3359 -40.8159 0.0128 0.7169 -0.0231 0.6967
22.8329 162.2675 -5.3691 -40.8631 0.0151 0.7175 -0.0223 0.6961
22.9365 162.9911 -5.4196 -40.8685 0.0160 0.7174 -0.0201 0.6962
23.0401 163.6765 -5.4551 -40.8971 0.0162 0.7161 -0.0173 0.6976
23.1438 164.3583 -5.5230 -40.9160 0.0147 0.7136 -0.0187 0.7002
23.2474 165.0839 -5.5759 -40.9018 0.0158 0.7098 -0.0180 0.7040
23.3510 165.8000 -5.6157 -40.8894 0.0165 0.7046 -0.0174 0.7092
23.4547 166.4755 -5.6560 -40.8866 0.0157 0.6992 -0.0168 0.7146
23.5583 167.1726 -5.7135 -40.8217 0.0131 0.6935 -0.0160 0.7202
23.6620 167.8533 -5.7442 -40.7706 0.0100 0.6876 -0.0147 0.7259
23.7657 168.5455 -5.7847 -40.7068 0.0069 0.6813 -0.0128 0.7318
23.8694 169.2145 -5.8143 -40.6351 0.0045 0.6749 -0.0097 0.7378
23.9730 169.8837 -5.8400 -40.5628 0.0027 0.6686 -0.0067 0.7436
24.0768 170.5409 -5.8685 -40.4760 0.0021 0.6617 -0.0053 0.7497
24.1805 171.1796 -5.8769 -40.3662 0.0024 0.6551 -0.0045 0.7555
24.2842 171.8222 -5.8980 -40.2264 0.0016 0.6484 -0.0048 0.7612
24.3879 172.4538 -5.9086 -40.0934 -0.0006 0.6420 -0.0066 0.7666
24.4916 173.0849 -5.9472 -39.9664 -0.0042 0.6365 -0.0071 0.7712
24.5954 173.7313 -5.9533 -39.8178 -0.0035 0.6315 -0.0038 0.7753
24.6993 174.3535 -5.9741 -39.6668 -0.0033 0.6273 -0.0025 0.7788
24.8031 174.9503 -5.9968 -39.5289 -0.0035 0.6234 -0.0045 0.7818
24.9068 175.5640 -6.0135 -39.3638 -0.0024 0.6196 -0.0083 0.7849
25.0105 176.1219 -6.0429 -39.2055 0.0008 0.6159 -0.0123 0.7877
25.1143 176.7129 -6.0394 -39.0784 0.0058 0.6125 -0.0124 0.7903
25.2180 177.3030 -6.0695 -38.9013 0.0052 0.6098 -0.0118 0.7924
25.3218 177.9267 -6.0793 -38.7054 0.0014 0.6074 -0.0102 0.7943
25.4255 178.5274 -6.1045 -38.5299 -0.0044 0.6056 -0.0081 0.7957
25.5294 179.1447 -6.1282 -38.3465 -0.0078 0.6047 -0.0051 0.7964
25.6332 179.7426 -6.1505 -38.1727 -0.0073 0.6044 -0.0040 0.7966
25.7370 180.3391 -6.1418 -38.0115 -0.0052 0.6038 -0.0039 0.7971
25.8408 180.9498 -6.1592 -37.8389 -0.0040 0.6032 -0.0028 0.7976
25.9445 181.5731 -6.1481 -37.6646 -0.0049 0.6023 -0.0025 0.7982
26.0481 182.1778 -6.1679 -37.4715 -0.0070 0.6014 -0.0014 0.7989
26.1519 182.7964 -6.1748 -37.2921 -0.0088 0.6001 0.0006 0.7999
26.2555 183.4350 -6.1824 -37.1004 -0.0097 0.5983 0.0017 0.8012
26.3591 184.0468 -6.1848 -36.9163 -0.0096 0.5957 0.0027 0.8031
26.4628 184.6769 -6.1759 -36.7019 -0.0105 0.5924 0.0041 0.8056
26.5666 185.3110 -6.1733 -36.5063 -0.0110 0.5884 0.0049 0.8085
26.6703 185.9045 -6.1852 -36.2918 -0.0104 0.5836 0.0044 0.8120
26.7739 186.5194 -6.1865 -36.0765 -0.0095 0.5785 0.0028 0.8156
26.8777 187.1179 -6.1778 -35.8441 -0.0088 0.5736 0.0012 0.8191
26.9813 187.7375 -6.1712 -35.5777 -0.0079 0.5685 0.0016 0.8226
27.0850 188.3703 -6.1781 -35.3316 -0.0093 0.5634 0.0025 0.8261
27.1888 188.9876 -6.1818 -35.0596 -0.0099 0.5587 0.0031 0.8293
27.2925 189.6119 -6.1750 -34.7732 -0.0112 0.5535 0.0026 0.8328
27.3963 190.2165 -6.1588 -34.5021 -0.0131 0.5491 0.0020 0.8357
27.5000 190.8733 -6.1606 -34.2006 -0.0147 0.5458 0.0003 0.8378
27.6039 191.5036 -6.1451 -33.9101 -0.0157 0.5438 0.0010 0.8390
27.7078 192.1725 -6.1519 -33.6095 -0.0164 0.5430 0.0032 0.8396
27.8117 192.8206 -6.1344 -33.3259 -0.0143 0.5427 0.0040 0.8398
27.9155 193.4733 -6.1310 -33.0195 -0.0137 0.5431 0.0044 0.8395
28.0194 194.1341 -6.1274 -32.7226 -0.0114 0.5434 0.0051 0.8394
28.1233 194.8073 -6.1099 -32.4331 -0.0110 0.5434 0.0062 0.8394
28.2272 195.4861 -6.1009 -32.1130 -0.0118 0.5439 0.0091 0.8390
28.3309 196.1668 -6.0891 -31.8106 -0.0130 0.5443 0.0102 0.8387
28.4348 196.8601 -6.0830 -31.5028 -0.0136 0.5450 0.0112 0.8382
28.5387 197.5460 -6.0710 -31.1938 -0.0140 0.5457 0.0112 0.8378
28.6424 198.2411 -6.0617 -30.8822 -0.0146 0.5466 0.0109 0.8372
28.7462 198.9349 -6.0576 -30.5906 -0.0146 0.5474 0.0104 0.8367
28.8499 199.6138 -6.0501 -30.2914 -0.0127 0.5479 0.0099 0.8364
28.9538 200.3148 -6.0437 -29.9871 -0.0107 0.5483 0.0073 0.8362
29.0575 200.9563 -6.0316 -29.6827 -0.0100 0.5487 0.0060 0.8360
29.1613 201.6781 -6.0183 -29.3753 -0.0115 0.5493 0.0066 0.8355
29.2649 202.3609 -6.0214 -29.0623 -0.0138 0.5499 0.0071 0.8351
29.3686 203.0249 -6.0205 -28.7783 -0.0150 0.5512 0.0060 0.8342
29.4725 203.7139 -6.0116 -28.4739 -0.0162 0.5531 0.0048 0.8329
29.5763 204.4021 -6.0081 -28.2054 -0.0169 0.5562 0.0049 0.8308
29.6802 205.1201 -5.9859 -27.9205 -0.0164 0.5600 0.0056 0.8283
29.7839 205.7938 -5.9799 -27.6653 -0.0151 0.5643 0.0062 0.8254
29.8878 206.4635 -5.9877 -27.4184 -0.0142 0.5691 0.0044 0.8221
29.9917 207.1722 -5.9656 -27.1439 -0.0145 0.5744 0.0040 0.8184
30.0955 207.8837 -5.9408 -26.9163 -0.0159 0.5790 0.0076 0.8152
30.1993 208.5940 -5.9419 -26.6854 -0.0179 0.5826 0.0113 0.8125
30.3030 209.2853 -5.9327 -26.4421 -0.0202 0.5853 0.0131 0.8104
30.4068 210.0119 -5.9013 -26.2076 -0.0223 0.5874 0.0121 0.8089
30.5104 210.7005 -5.8810 -25.9662 -0.0230 0.5885 0.0128 0.8080
30.6140 211.4041 -5.8535 -25.7629 -0.0229 0.5893 0.0133 0.8075
30.7178 212.1381 -5.8502 -25.5196 -0.0228 0.5899 0.0128 0.8071
30.8214 212.8383 -5.8165 -25.2946 -0.0229 0.5899 0.0116 0.8071
30.9252 213.5556 -5.7976 -25.0539 -0.0235 0.5897 0.0113 0.8072
31.0288 214.2761 -5.7708 -24.8136 -0.0241 0.5892 0.0118 0.8076
31.1325 215.0176 -5.7346 -24.5614 -0.0241 0.5884 0.0123 0.8081
31.2363 215.7347 -5.7164 -24.3361 -0.0235 0.5875 0.0142 0.8087
31.3401 216.4673 -5.6928 -24.1019 -0.0236 0.5863 0.0147 0.8096
31.4437 217.2196 -5.6723 -23.8422 -0.0255 0.5845 0.0141 0.8109
31.5474 217.9337 -5.6262 -23.5879 -0.0272 0.5825 0.0154 0.8122
31.6510 218.6629 -5.5950 -23.3312 -0.0290 0.5802 0.0165 0.8138
31.7548 219.3884 -5.5693 -23.0587 -0.0305 0.5782 0.0155 0.8152
31.8585 220.1311 -5.5452 -22.8005 -0.0303 0.5763 0.0139 0.8165
31.9623 220.8613 -5.5097 -22.4848 -0.0306 0.5744 0.0095 0.8179
32.0660 221.6127 -5.4742 -22.2128 -0.0307 0.5726 0.0074 0.8193
32.1696 222.3449 -5.4291 -21.9267 -0.0309 0.5705 0.0080 0.8207
32.2734 223.0668 -5.3979 -21.6546 -0.0305 0.5691 0.0073 0.8217
32.3772 223.8038 -5.3833 -21.3754 -0.0303 0.5674 0.0054 0.8229
32.4809 224.5499 -5.3615 -21.0633 -0.0308 0.5652 0.0041 0.8244
32.5845 225.2942 -5.3270 -20.7722 -0.0311 0.5633 0.0052 0.8256
32.6883 226.0290 -5.2895 -20.4670 -0.0296 0.5614 0.0068 0.8270
32.7919 226.7663 -5.2569 -20.1639 -0.0280 0.5594 0.0080 0.8284
32.8957 227.4909 -5.2428 -19.8686 -0.0281 0.5574 0.0066 0.8297
32.9994 228.2264 -5.2078 -19.5750 -0.0299 0.5553 0.0054 0.8311
33.1032 228.9430 -5.1704 -19.2356 -0.0311 0.5535 0.0049 0.8323
33.2068 229.6803 -5.1500 -18.9224 -0.0291 0.5516 0.0051 0.8336
33.3105 230.4052 -5.1476 -18.6027 -0.0264 0.5498 0.0028 0.8349
33.4143 231.1418 -5.1287 -18.2789 -0.0260 0.5484 -0.0007 0.8358
33.5182 231.8214 -5.0854 -17.9433 -0.0291 0.5470 -0.0026 0.8366
33.6218 232.5603 -5.0658 -17.6277 -0.0331 0.5461 0.0008 0.8371
33.7255 233.2909 -5.0445 -17.2905 -0.0372 0.5452 0.0060 0.8375
33.8293 234.0793 -4.9843 -16.9437 -0.0407 0.5442 0.0087 0.8379
33.9331 234.7817 -4.9531 -16.6446 -0.0415 0.5434 0.0111 0.8383
34.0367 235.4887 -4.9143 -16.3227 -0.0409 0.5422 0.0074 0.8392
34.1404 236.1954 -4.8906 -15.9772 -0.0386 0.5402 0.0047 0.8406
34.2440 236.9369 -4.8389 -15.6187 -0.0362 0.5379 0.0038 0.8422
34.3478 237.6337 -4.8043 -15.2870 -0.0343 0.5361 0.0047 0.8434
34.4515 238.3620 -4.7765 -14.9455 -0.0340 0.5344 0.0025 0.8445
34.5552 239.0796 -4.7509 -14.5882 -0.0339 0.5327 0.0039 0.8456
34.6589 239.8097 -4.7005 -14.2371 -0.0351 0.5308 0.0066 0.8467
34.7625 240.5388 -4.6576 -13.8910 -0.0365 0.5295 0.0098 0.8475
34.8663 241.2649 -4.6209 -13.5275 -0.0382 0.5285 0.0124 0.8480
34.9700 241.9815 -4.5741 -13.1635 -0.0405 0.5276 0.0131 0.8485
35.0739 242.7201 -4.5154 -12.8069 -0.0422 0.5269 0.0169 0.8487
35.1776 243.4222 -4.4678 -12.4334 -0.0427 0.5261 0.0176 0.8492
35.2813 244.1430 -4.4122 -12.0737 -0.0412 0.5254 0.0122 0.8498
35.3850 244.8635 -4.4080 -11.6956 -0.0370 0.5252 0.0066 0.8502
35.4887 245.5673 -4.3394 -11.3320 -0.0329 0.5248 0.0033 0.8506
35.5924 246.3059 -4.3010 -10.9619 -0.0338 0.5248 0.0040 0.8506
35.6962 247.0348 -4.2567 -10.5782 -0.0367 0.5245 0.0061 0.8506
35.7998 247.7712 -4.2346 -10.2149 -0.0370 0.5241 0.0067 0.8509
35.9035 248.4799 -4.1880 -9.8561 -0.0358 0.5234 0.0078 0.8513
36.0072 249.1983 -4.1559 -9.4858 -0.0350 0.5228 0.0090 0.8517
36.1109 249.9311 -4.1104 -9.0920 -0.0368 0.5219 0.0107 0.8521
36.2145 250.6796 -4.0628 -8.7075 -0.0382 0.5215 0.0110 0.8523
36.3183 251.3882 -4.0090 -8.3308 -0.0381 0.5209 0.0109 0.8527
36.4220 252.1078 -3.9858 -7.9759 -0.0366 0.5203 0.0095 0.8531
36.5258 252.8364 -3.9423 -7.6119 -0.0360 0.5195 0.0090 0.8536
36.6295 253.5627 -3.8964 -7.2089 -0.0355 0.5188 0.0111 0.8541
36.7333 254.2868 -3.8476 -6.8165 -0.0368 0.5175 0.0116 0.8548
36.8370 254.9952 -3.8049 -6.4337 -0.0375 0.5157 0.0124 0.8559
36.9408 255.7055 -3.7665 -6.0536 -0.0370 0.5138 0.0131 0.8570
37.0445 256.4555 -3.7295 -5.6391 -0.0366 0.5118 0.0126 0.8582
37.1483 257.1355 -3.6898 -5.2386 -0.0368 0.5096 0.0093 0.8596
37.2520 257.8789 -3.6434 -4.8333 -0.0348 0.5067 0.0087 0.8613
37.3557 258.5696 -3.6092 -4.4283 -0.0323 0.5034 0.0101 0.8634
37.4594 259.2986 -3.5695 -4.0086 -0.0315 0.4993 0.0110 0.8658
37.5630 260.0041 -3.5368 -3.5783 -0.0300 0.4942 0.0136 0.8687
37.6667 260.6991 -3.4963 -3.1378 -0.0292 0.4880 0.0147 0.8722
37.7703 261.3881 -3.4577 -2.6980 -0.0301 0.4810 0.0146 0.8761
37.8740 262.0690 -3.4244 -2.2232 -0.0319 0.4742 0.0167 0.8797
37.9778 262.7291 -3.3767 -1.7523 -0.0336 0.4674 0.0179 0.8832
38.0815 263.3974 -3.3310 -1.2593 -0.0347 0.4618 0.0162 0.8862
38.1853 264.0739 -3.2851 -0.7478 -0.0347 0.4572 0.0135 0.8886
38.2892 264.7103 -3.2302 -0.2858 -0.0348 0.4536 0.0109 0.8905
38.3932 265.3598 -3.2076 0.2061 -0.0364 0.4529 0.0072 0.8908
38.4972 266.0122 -3.1698 0.6772 -0.0373 0.4543 0.0030 0.8900
38.6012 266.6881 -3.1325 1.1690 -0.0370 0.4580 -0.0005 0.8882
38.7052 267.3487 -3.0865 1.6499 -0.0357 0.4631 -0.0035 0.8856
38.8093 268.0359 -3.0592 2.1161 -0.0338 0.4690 -0.0020 0.8826
38.9133 268.7166 -3.0341 2.5707 -0.0341 0.4742 0.0000 0.8797
39.0172 269.4194 -2.9913 3.0086 -0.0353 0.4795 -0.0009 0.8768
39.1212 270.1191 -2.9671 3.4457 -0.0353 0.4842 -0.0003 0.8743
39.2250 270.8158 -2.9496 3.8699 -0.0339 0.4887 0.0006 0.8718
39.3289 271.5351 -2.9034 4.2782 -0.0321 0.4930 0.0013 0.8695
39.4327 272.2459 -2.8772 4.6985 -0.0320 0.4968 0.0004 0.8673
39.5364 272.9481 -2.8502 5.1162 -0.0332 0.5001 -0.0004 0.8653
39.6402 273.6604 -2.8146 5.5448 -0.0360 0.5027 -0.0004 0.8637
39.7438 274.3896 -2.7657 5.9450 -0.0391 0.5049 0.0001 0.8623
39.8476 275.1166 -2.7352 6.3509 -0.0410 0.5073 0.0009 0.8608
39.9513 275.8238 -2.6928 6.7906 -0.0408 0.5088 -0.0003 0.8599
40.0550 276.5504 -2.6441 7.1643 -0.0385 0.5094 -0.0039 0.8596
40.1587 277.2564 -2.6414 7.5664 -0.0344 0.5107 -0.0086 0.8590
40.2624 278.0180 -2.6323 7.9965 -0.0316 0.5113 -0.0103 0.8587
40.3662 278.7390 -2.5842 8.4106 -0.0316 0.5122 -0.0111 0.8582
40.4699 279.4885 -2.5524 8.8095 -0.0332 0.5126 -0.0107 0.8579
40.5735 280.2378 -2.5335 9.2174 -0.0340 0.5127 -0.0093 0.8579
40.6773 280.9856 -2.5116 9.6144 -0.0340 0.5123 -0.0074 0.8581
40.7810 281.7385 -2.4802 10.0259 -0.0348 0.5115 -0.0059 0.8586
40.8848 282.4795 -2.4511 10.4271 -0.0351 0.5096 -0.0060 0.8597
40.9884 283.2242 -2.4268 10.8437 -0.0352 0.5079 -0.0058 0.8607
41.0922 283.9727 -2.4052 11.2870 -0.0359 0.5060 -0.0069 0.8618
41.1958 284.7262 -2.3640 11.7280 -0.0361 0.5044 -0.0071 0.8627
41.2994 285.4868 -2.3218 12.1810 -0.0352 0.5025 -0.0073 0.8639
41.4032 286.2158 -2.3083 12.6193 -0.0333 0.5001 -0.0075 0.8653
41.5068 286.9861 -2.2841 13.0431 -0.0304 0.4973 -0.0065 0.8670
41.6105 287.7381 -2.2608 13.4963 -0.0300 0.4943 -0.0075 0.8688
41.7142 288.4733 -2.2404 13.9853 -0.0303 0.4903 -0.0070 0.8710
41.8179 289.2218 -2.2024 14.4447 -0.0333 0.4868 -0.0068 0.8728
41.9215 289.9785 -2.1641 14.9453 -0.0365 0.4833 -0.0052 0.8747
42.0253 290.7166 -2.1326 15.4122 -0.0407 0.4799 -0.0057 0.8763
42.1289 291.4435 -2.0908 15.8859 -0.0427 0.4763 -0.0060 0.8782
42.2327 292.2121 -2.0527 16.4202 -0.0413 0.4721 -0.0063 0.8806
42.3363 292.9504 -2.0116 16.9385 -0.0378 0.4682 -0.0075 0.8828
42.4400 293.6838 -1.9807 17.4525 -0.0342 0.4640 -0.0097 0.8851
42.5438 294.4460 -1.9420 17.9955 -0.0302 0.4603 -0.0090 0.8872
42.6474 295.1646 -1.9340 18.5010 -0.0270 0.4566 -0.0077 0.8892
42.7512 295.9111 -1.9109 19.0375 -0.0257 0.4531 -0.0043 0.8911
42.8548 296.6579 -1.8859 19.6055 -0.0273 0.4489 -0.0013 0.8931
42.9585 297.3889 -1.8570 20.1646 -0.0293 0.4450 0.0030 0.8951
43.0623 298.1346 -1.8210 20.7318 -0.0309 0.4408 0.0046 0.8970
43.1661 298.8193 -1.7892 21.3210 -0.0318 0.4375 0.0055 0.8986
43.2698 299.5629 -1.7544 21.9241 -0.0331 0.4338 0.0034 0.9004
43.3736 300.2959 -1.7047 22.4986 -0.0346 0.4298 0.0019 0.9023
43.4773 301.0003 -1.6464 23.1372 -0.0353 0.4275 0.0040 0.9033
43.5810 301.7125 -1.6042 23.7390 -0.0349 0.4249 0.0041 0.9046
43.6849 302.4565 -1.5801 24.3458 -0.0329 0.4226 0.0036 0.9057
43.7887 303.1613 -1.5241 24.9297 -0.0309 0.4194 0.0028 0.9073
43.8924 303.8768 -1.4974 25.5808 -0.0307 0.4170 0.0033 0.9084
43.9961 304.5930 -1.4442 26.2171 -0.0335 0.4146 0.0027 0.9094
44.1000 305.2960 -1.3914 26.8407 -0.0357 0.4122 0.0040 0.9104
44.2036 306.0262 -1.3652 27.4822 -0.0357 0.4094 0.0025 0.9116
44.3073 306.7224 -1.3120 28.1231 -0.0345 0.4070 0.0007 0.9128
44.4110 307.3930 -1.2862 28.7743 -0.0319 0.4045 -0.0005 0.9140
44.5148 308.1056 -1.2520 29.4018 -0.0304 0.4020 0.0015 0.9151
44.6185 308.8039 -1.2264 30.0688 -0.0301 0.3994 0.0041 0.9163
44.7223 309.4960 -1.1851 30.7099 -0.0292 0.3966 0.0065 0.9175
44.8262 310.1796 -1.1571 31.3911 -0.0283 0.3935 0.0083 0.9189
44.9298 310.8659 -1.1216 32.0489 -0.0273 0.3907 0.0111 0.9201
45.0335 311.5623 -1.0690 32.6888 -0.0279 0.3882 0.0116 0.9211
45.1373 312.2370 -1.0312 33.3783 -0.0285 0.3861 0.0110 0.9219
45.2410 312.9001 -1.0147 34.0597 -0.0279 0.3838 0.0109 0.9229
45.3448 313.5480 -0.9407 34.7316 -0.0279 0.3813 0.0102 0.9240
45.4485 314.2052 -0.9360 35.4243 -0.0273 0.3789 0.0123 0.9250
45.5523 314.8797 -0.8721 36.0880 -0.0283 0.3755 0.0121 0.9263
45.6562 315.5383 -0.8508 36.7728 -0.0270 0.3734 0.0123 0.9272
45.7599 316.1889 -0.8053 37.4546 -0.0269 0.3706 0.0131 0.9283
45.8637 316.8031 -0.7837 38.1443 -0.0282 0.3684 0.0138 0.9291
45.9674 317.4507 -0.7206 38.8651 -0.0306 0.3668 0.0117 0.9297
46.0713 318.0663 -0.6942 39.5560 -0.0323 0.3650 0.0095 0.9304
46.1750 318.7125 -0.6349 40.2488 -0.0339 0.3635 0.0126 0.9309
46.2788 319.3440 -0.5929 40.9406 -0.0343 0.3626 0.0120 0.9312
46.3827 319.9313 -0.5533 41.6343 -0.0319 0.3616 0.0116 0.9317
46.4865 320.5683 -0.5259 42.3443 -0.0284 0.3611 0.0099 0.9321
46.5904 321.1956 -0.4801 43.0340 -0.0282 0.3613 0.0102 0.9320
46.6942 321.8189 -0.4491 43.7271 -0.0294 0.3619 0.0103 0.9317
46.7981 322.4597 -0.4031 44.4110 -0.0314 0.3625 0.0113 0.9314
46.9019 323.1308 -0.3570 45.1341 -0.0324 0.3640 0.0114 0.9308
47.0058 323.7661 -0.3044 45.8377 -0.0322 0.3665 0.0115 0.9298
47.1097 324.4006 -0.2822 46.5302 -0.0308 0.3694 0.0096 0.9287
47.2136 325.0702 -0.2268 47.2394 -0.0291 0.3728 0.0081 0.9274
47.3174 325.7462 -0.1933 47.9188 -0.0283 0.3764 0.0072 0.9260
47.4212 326.4147 -0.1434 48.6068 -0.0284 0.3804 0.0072 0.9244
47.5251 327.1106 -0.1232 49.2971 -0.0285 0.3839 0.0074 0.9229
47.6288 327.7815 -0.0747 49.9616 -0.0305 0.3877 0.0065 0.9213
47.7327 328.4960 -0.0276 50.6450 -0.0341 0.3920 0.0071 0.9193
47.8364 329.1841 0.0427 51.3096 -0.0369 0.3959 0.0071 0.9175
47.9402 329.8873 0.0676 52.0001 -0.0367 0.4003 0.0050 0.9157
48.0439 330.5780 0.1119 52.6377 -0.0339 0.4033 0.0036 0.9144
48.1477 331.2956 0.1469 53.2950 -0.0314 0.4073 0.0028 0.9128
48.2514 332.0464 0.2005 53.9645 -0.0310 0.4104 0.0036 0.9114
48.3550 332.7771 0.2400 54.5760 -0.0321 0.4131 0.0040 0.9101
48.4588 333.5220 0.2845 55.2304 -0.0325 0.4164 0.0042 0.9086
48.5626 334.2676 0.3234 55.8823 -0.0331 0.4190 0.0048 0.9074
48.6662 335.0329 0.3741 56.5370 -0.0341 0.4216 0.0043 0.9061
48.7699 335.7898 0.4276 57.1879 -0.0354 0.4239 0.0032 0.9050
48.8736 336.5574 0.4676 57.8436 -0.0360 0.4264 0.0024 0.9038
48.9773 337.3229 0.5134 58.4579 -0.0364 0.4285 0.0013 0.9028
49.0809 338.0981 0.5463 59.0912 -0.0367 0.4306 0.0007 0.9018
49.1847 338.8753 0.6081 59.7325 -0.0367 0.4326 0.0000 0.9008
49.2883 339.6667 0.6421 60.3707 -0.0368 0.4345 -0.0001 0.8999
49.3920 340.4528 0.6929 61.0012 -0.0371 0.4362 -0.0003 0.8991
49.4958 341.2576 0.7382 61.6226 -0.0375 0.4378 -0.0005 0.8983
49.5994 342.0548 0.7836 62.2493 -0.0386 0.4394 -0.0015 0.8974
49.7032 342.8590 0.8321 62.8823 -0.0391 0.4413 -0.0014 0.8965
49.8068 343.6295 0.8692 63.4609 -0.0391 0.4428 -0.0014 0.8958
49.9106 344.4522 0.9114 64.1075 -0.0386 0.4445 -0.0022 0.8950
50.0142 345.2524 0.9676 64.7267 -0.0380 0.4457 -0.0019 0.8944
50.1180 346.0323 1.0125 65.3134 -0.0392 0.4464 0.0003 0.8940
50.2216 346.8578 1.0821 65.9309 -0.0416 0.4466 0.0041 0.8938
50.3253 347.6555 1.1413 66.5238 -0.0433 0.4473 0.0067 0.8933
50.4290 348.4665 1.1994 67.1512 -0.0426 0.4474 0.0068 0.8933
50.5327 349.2882 1.2485 67.7669 -0.0397 0.4477 0.0059 0.8933
50.6365 350.0642 1.2833 68.3507 -0.0363 0.4483 0.0053 0.8931
50.7402 350.8919 1.3344 68.9751 -0.0345 0.4490 0.0053 0.8929
50.8440 351.7024 1.3789 69.5767 -0.0345 0.4496 0.0070 0.8926
50.9476 352.5068 1.4448 70.1874 -0.0357 0.4501 0.0089 0.8922
51.0512 353.3270 1.4884 70.7573 -0.0366 0.4501 0.0117 0.8921
51.1549 354.1470 1.5495 71.3885 -0.0378 0.4504 0.0126 0.8919
51.2586 354.9587 1.6083 71.9825 -0.0379 0.4506 0.0130 0.8918
51.3623 355.7791 1.6606 72.5861 -0.0371 0.4506 0.0128 0.8918
51.4659 356.5854 1.7071 73.1927 -0.0358 0.4504 0.0125 0.8920
51.5697 357.3920 1.7583 73.7892 -0.0358 0.4504 0.0130 0.8920
51.6733 358.2014 1.8307 74.3905 -0.0359 0.4507 0.0155 0.8918
51.7769 359.0008 1.8746 74.9765 -0.0355 0.4508 0.0172 0.8918
51.8807 359.8275 1.9319 75.6011 -0.0354 0.4510 0.0164 0.8917
51.9843 360.6515 1.9857 76.2109 -0.0343 0.4514 0.0170 0.8915
52.0881 361.4554 2.0514 76.7967 -0.0347 0.4514 0.0166 0.8915
52.1917 362.2639 2.1081 77.3896 -0.0344 0.4513 0.0184 0.8915
52.2954 363.0752 2.1637 77.9925 -0.0350 0.4513 0.0194 0.8915
52.3992 363.8958 2.2081 78.6002 -0.0346 0.4512 0.0215 0.8915
52.5029 364.7116 2.2724 79.1807 -0.0343 0.4510 0.0242 0.8915
52.6067 365.5099 2.3437 79.7688 -0.0336 0.4507 0.0269 0.8917
52.7104 366.3403 2.3921 80.3575 -0.0335 0.4502 0.0287 0.8918
52.8142 367.1510 2.4539 80.9530 -0.0329 0.4497 0.0314 0.8920
52.9179 367.9250 2.5236 81.5462 -0.0333 0.4493 0.0324 0.8922
53.0217 368.7191 2.5917 82.1471 -0.0338 0.4483 0.0335 0.8926
53.1254 369.4993 2.6533 82.7267 -0.0341 0.4476 0.0336 0.8929
53.2292 370.2526 2.7142 83.2970 -0.0341 0.4469 0.0339 0.8933
53.3329 370.9976 2.7761 83.8798 -0.0341 0.4462 0.0351 0.8936
53.4365 371.7466 2.8390 84.4363 -0.0342 0.4455 0.0374 0.8939
53.5403 372.4563 2.9051 84.9987 -0.0367 0.4447 0.0375 0.8942
53.6441 373.1820 2.9721 85.5619 -0.0401 0.4446 0.0377 0.8940
53.7478 373.8971 3.0338 86.1031 -0.0436 0.4449 0.0372 0.8938
53.8516 374.6013 3.1118 86.6603 -0.0470 0.4449 0.0345 0.8937
53.9553 375.2328 3.1852 87.1602 -0.0484 0.4454 0.0330 0.8934
54.0590 375.8849 3.2573 87.6740 -0.0495 0.4454 0.0311 0.8934
54.1628 376.5460 3.3294 88.1859 -0.0505 0.4458 0.0284 0.8932
54.2666 377.1856 3.3872 88.6657 -0.0512 0.4463 0.0257 0.8931
54.3702 377.8233 3.4630 89.1731 -0.0507 0.4466 0.0251 0.8929
54.4739 378.4296 3.5213 89.6218 -0.0497 0.4468 0.0265 0.8929
54.5776 379.0215 3.5752 90.0649 -0.0498 0.4472 0.0260 0.8927
54.6813 379.6674 3.6667 90.5318 -0.0506 0.4480 0.0244 0.8923
54.7851 380.2419 3.7093 90.9823 -0.0503 0.4496 0.0251 0.8915
54.8888 380.8497 3.7926 91.4242 -0.0517 0.4524 0.0235 0.8900
54.9927 381.3742 3.8429 91.8453 -0.0528 0.4556 0.0232 0.8883
55.0964 381.9708 3.9026 92.2520 -0.0520 0.4585 0.0232 0.8869
55.2002 382.5605 3.9727 92.6894 -0.0517 0.4617 0.0193 0.8853
55.3040 383.1459 4.0163 93.0682 -0.0508 0.4652 0.0159 0.8836
55.4078 383.7141 4.0665 93.4835 -0.0496 0.4699 0.0155 0.8812
55.5117 384.3400 4.1382 93.8922 -0.0509 0.4753 0.0145 0.8782
55.6154 384.9483 4.2133 94.2398 -0.0535 0.4800 0.0148 0.8755
55.7192 385.5419 4.2817 94.6284 -0.0568 0.4853 0.0156 0.8724
55.8229 386.1908 4.3433 95.0085 -0.0585 0.4902 0.0169 0.8695
55.9267 386.7968 4.4090 95.3428 -0.0587 0.4947 0.0176 0.8669
56.0304 387.4288 4.4701 95.7392 -0.0579 0.4997 0.0180 0.8640
56.1341 388.1155 4.5403 96.0843 -0.0551 0.5038 0.0189 0.8618
56.2378 388.7104 4.5865 96.4292 -0.0521 0.5069 0.0200 0.8602
56.3416 389.3595 4.6579 96.7810 -0.0497 0.5097 0.0222 0.8586
56.4453 390.0255 4.7110 97.1310 -0.0512 0.5120 0.0250 0.8571
56.5491 390.7574 4.8130 97.4935 -0.0554 0.5142 0.0303 0.8553
56.6529 391.4505 4.9221 97.8683 -0.0631 0.5161 0.0337 0.8535
56.7567 392.1490 5.0528 98.2324 -0.0680 0.5179 0.0371 0.8519
56.8604 392.8189 5.1161 98.5812 -0.0700 0.5204 0.0383 0.8502
56.9643 393.5122 5.2021 98.9324 -0.0712 0.5230 0.0368 0.8486
57.0681 394.1905 5.3022 99.2834 -0.0709 0.5255 0.0366 0.8470
57.1719 394.9029 5.4185 99.6308 -0.0707 0.5280 0.0399 0.8453
57.2756 395.6585 5.5497 99.9932 -0.0715 0.5304 0.0430 0.8436
57.3793 396.3692 5.6606 100.3005 -0.0717 0.5336 0.0467 0.8414
57.4831 397.1047 5.7746 100.6278 -0.0717 0.5362 0.0480 0.8397
57.5868 397.8006 5.8861 100.9519 -0.0721 0.5384 0.0473 0.8383
57.6906 398.4867 6.0033 101.2672 -0.0717 0.5411 0.0472 0.8366
57.7943 399.2089 6.1045 101.5901 -0.0699 0.5442 0.0496 0.8346
57.8982 399.9081 6.2338 101.8697 -0.0719 0.5477 0.0470 0.8322
58.0019 400.6310 6.3312 102.1717 -0.0715 0.5517 0.0479 0.8296
58.1058 401.2993 6.4377 102.4596 -0.0713 0.5558 0.0482 0.8268
58.2097 402.0710 6.5685 102.7734 -0.0713 0.5606 0.0484 0.8236
58.3134 402.7100 6.6712 103.0037 -0.0705 0.5649 0.0498 0.8206
58.4173 403.3559 6.7559 103.2336 -0.0697 0.5692 0.0502 0.8177
58.5211 404.0637 6.8539 103.4974 -0.0672 0.5741 0.0495 0.8145
58.6249 404.7360 6.9476 103.7049 -0.0661 0.5797 0.0439 0.8110
58.7287 405.4294 7.0377 103.9353 -0.0647 0.5858 0.0392 0.8069
58.8327 406.0956 7.1340 104.1414 -0.0636 0.5925 0.0358 0.8023
58.9366 406.7382 7.2240 104.3272 -0.0616 0.6001 0.0353 0.7968
59.0404 407.4304 7.3147 104.4941 -0.0588 0.6088 0.0348 0.7903
59.1443 408.1308 7.3937 104.6529 -0.0548 0.6173 0.0343 0.7840
59.2482 408.8037 7.4486 104.7770 -0.0514 0.6253 0.0336 0.7780
59.3521 409.5553 7.5212 104.9256 -0.0475 0.6337 0.0343 0.7714
59.4558 410.2548 7.5827 105.0043 -0.0459 0.6411 0.0355 0.7653
59.5596 410.9589 7.6626 105.1226 -0.0472 0.6476 0.0373 0.7596
59.6633 411.7037 7.7546 105.2201 -0.0499 0.6537 0.0400 0.7541
59.7669 412.5070 7.8374 105.3119 -0.0518 0.6585 0.0442 0.7495
59.8707 413.2629 7.9217 105.4209 -0.0541 0.6624 0.0462 0.7457
59.9743 414.0084 8.0149 105.5039 -0.0563 0.6655 0.0453 0.7429
60.0781 414.7382 8.1034 105.5769 -0.0582 0.6681 0.0455 0.7404
60.1818 415.5155 8.2020 105.6415 -0.0606 0.6710 0.0460 0.7375
60.2856 416.2890 8.3139 105.7195 -0.0618 0.6737 0.0450 0.7351
60.3893 417.0377 8.3947 105.7828 -0.0616 0.6763 0.0380 0.7331
60.4931 417.7990 8.4443 105.8590 -0.0573 0.6788 0.0299 0.7315
60.5968 418.5719 8.4940 105.9046 -0.0535 0.6807 0.0243 0.7302
60.7006 419.3125 8.5759 106.0070 -0.0553 0.6815 0.0218 0.7294
60.8042 420.1489 8.6983 106.0706 -0.0596 0.6814 0.0229 0.7291
60.9080 420.8539 8.8057 106.1198 -0.0613 0.6810 0.0227 0.7294
61.0116 421.6757 8.8396 106.1927 -0.0585 0.6804 0.0174 0.7303
61.1153 422.4198 8.8564 106.2511 -0.0505 0.6793 0.0090 0.7321
61.2189 423.1239 8.8915 106.3328 -0.0458 0.6769 0.0013 0.7347
61.3227 423.8795 8.9482 106.3902 -0.0461 0.6755 0.0006 0.7359
61.4264 424.6519 9.0379 106.4690 -0.0512 0.6748 0.0026 0.7362
61.5302 425.4017 9.0889 106.5276 -0.0536 0.6735 0.0048 0.7372
61.6338 426.0981 9.1144 106.6156 -0.0518 0.6725 0.0056 0.7383
61.7376 426.8345 9.1269 106.6880 -0.0472 0.6719 0.0032 0.7392
61.8413 427.5383 9.1486 106.7555 -0.0443 0.6707 0.0021 0.7404
61.9451 428.2098 9.2035 106.8461 -0.0420 0.6695 0.0026 0.7416
62.0488 428.9261 9.2339 106.8946 -0.0393 0.6697 0.0027 0.7416
62.1526 429.5756 9.2470 106.9633 -0.0375 0.6699 0.0004 0.7415
62.2564 430.2351 9.2635 107.0397 -0.0358 0.6710 -0.0011 0.7406
62.3601 430.8743 9.2957 107.1089 -0.0365 0.6718 -0.0045 0.7398
62.4640 431.5203 9.3051 107.1640 -0.0373 0.6738 -0.0068 0.7379
62.5679 432.1756 9.3216 107.2147 -0.0385 0.6785 -0.0093 0.7335
62.6718 432.7963 9.3243 107.2529 -0.0385 0.6846 -0.0105 0.7278
62.7758 433.4470 9.3315 107.2495 -0.0373 0.6911 -0.0104 0.7217
62.8798 434.0805 9.3493 107.2659 -0.0362 0.6981 -0.0096 0.7150
62.9837 434.7053 9.3573 107.2874 -0.0348 0.7044 -0.0090 0.7089
63.0876 435.3096 9.3579 107.2696 -0.0338 0.7107 -0.0091 0.7026
63.1914 435.8476 9.3598 107.2513 -0.0333 0.7167 -0.0088 0.6965
63.2954 436.4126 9.3637 107.2290 -0.0339 0.7233 -0.0089 0.6896
63.3993 436.9357 9.3780 107.1967 -0.0345 0.7298 -0.0087 0.6828
63.5032 437.4343 9.3805 107.1188 -0.0343 0.7361 -0.0094 0.6760
63.6071 437.8750 9.3854 107.0603 -0.0313 0.7417 -0.0103 0.6699
63.7108 438.2894 9.3561 106.9952 -0.0263 0.7471 -0.0113 0.6640
63.8147 438.6979 9.3437 106.9186 -0.0207 0.7522 -0.0132 0.6585
63.9184 439.0836 9.3314 106.8475 -0.0177 0.7562 -0.0164 0.6539
64.0222 439.4444 9.3309 106.7973 -0.0159 0.7598 -0.0189 0.6497
64.1260 439.7895 9.3263 106.7381 -0.0144 0.7629 -0.0205 0.6460
64.2297 440.1121 9.3149 106.6861 -0.0122 0.7656 -0.0197 0.6429
64.3333 440.4339 9.3108 106.6138 -0.0090 0.7679 -0.0171 0.6403
64.4371 440.7355 9.2695 106.5406 -0.0072 0.7698 -0.0144 0.6381
64.5407 440.9905 9.2765 106.4755 -0.0081 0.7714 -0.0139 0.6362
64.6444 441.2641 9.2601 106.4206 -0.0109 0.7729 -0.0153 0.6343
64.7481 441.4955 9.2724 106.3803 -0.0137 0.7741 -0.0161 0.6327
64.8517 441.7409 9.2686 106.3562 -0.0150 0.7751 -0.0167 0.6314
64.9553 441.9253 9.2499 106.3062 -0.0142 0.7759 -0.0163 0.6305
65.0591 442.0884 9.2374 106.2561 -0.0120 0.7764 -0.0157 0.6299
65.1627 442.2565 9.2292 106.2245 -0.0099 0.7767 -0.0147 0.6296
65.2663 442.4002 9.2083 106.2014 -0.0085 0.7765 -0.0152 0.6299
65.3701 442.5474 9.2102 106.1713 -0.0083 0.7759 -0.0164 0.6305
65.4737 442.7094 9.2218 106.1290 -0.0074 0.7752 -0.0151 0.6315
65.5774 442.8596 9.2011 106.1021 -0.0059 0.7739 -0.0115 0.6332
65.6811 442.9886 9.2086 106.0457 -0.0045 0.7722 -0.0087 0.6353
65.7848 443.1485 9.1962 106.0338 -0.0031 0.7709 -0.0085 0.6369
65.8886 443.2875 9.1982 106.0094 -0.0036 0.7696 -0.0102 0.6384
65.9922 443.4351 9.1952 105.9947 -0.0043 0.7681 -0.0117 0.6402
66.0959 443.5873 9.1849 105.9891 -0.0046 0.7663 -0.0130 0.6423
66.1997 443.7459 9.1832 105.9628 -0.0046 0.7644 -0.0133 0.6446
66.3033 443.9165 9.1696 105.9418 -0.0047 0.7625 -0.0132 0.6469
66.4071 444.1128 9.1608 105.9240 -0.0077 0.7601 -0.0145 0.6495
66.5107 444.3190 9.1727 105.9167 -0.0113 0.7572 -0.0158 0.6528
66.6143 444.5569 9.1889 105.9114 -0.0139 0.7543 -0.0169 0.6562
66.7181 444.7871 9.1691 105.8828 -0.0135 0.7512 -0.0154 0.6598
66.8217 445.0314 9.1617 105.8510 -0.0117 0.7475 -0.0126 0.6640
66.9254 445.2823 9.1373 105.8319 -0.0109 0.7436 -0.0113 0.6684
67.0291 445.5340 9.1603 105.8140 -0.0093 0.7385 -0.0088 0.6741
67.1328 445.8217 9.1161 105.8066 -0.0084 0.7330 -0.0087 0.6801
67.2364 446.0829 9.1411 105.7966 -0.0084 0.7270 -0.0074 0.6866
67.3401 446.3761 9.1256 105.7965 -0.0085 0.7197 -0.0070 0.6942
67.4437 446.6584 9.1286 105.8316 -0.0084 0.7122 -0.0068 0.7019
67.5473 446.9576 9.1063 105.8488 -0.0084 0.7044 -0.0082 0.7097
67.6511 447.2854 9.1183 105.8815 -0.0094 0.6962 -0.0113 0.7177
67.7547 447.6192 9.1047 105.9342 -0.0101 0.6877 -0.0143 0.7257
67.8583 447.9352 9.1317 105.9896 -0.0106 0.6786 -0.0143 0.7343
67.9621 448.2905 9.0927 106.0413 -0.0103 0.6689 -0.0129 0.7431
68.0657 448.6526 9.0917 106.1274 -0.0098 0.6595 -0.0114 0.7516
68.1693 449.0248 9.0928 106.1978 -0.0099 0.6495 -0.0111 0.7602
68.2731 449.4204 9.0841 106.2899 -0.0104 0.6396 -0.0112 0.7686
68.3767 449.8029 9.0915 106.4229 -0.0107 0.6297 -0.0113 0.7767
68.4803 450.2289 9.0827 106.5028 -0.0106 0.6195 -0.0114 0.7848
68.5841 450.6451 9.0810 106.6434 -0.0103 0.6099 -0.0109 0.7924
68.6878 451.0822 9.0754 106.7956 -0.0103 0.6010 -0.0105 0.7991
68.7916 451.5474 9.0742 106.9589 -0.0102 0.5924 -0.0096 0.8055
68.8953 452.0140 9.0666 107.1219 -0.0102 0.5848 -0.0095 0.8111
68.9991 452.5033 9.0685 107.3186 -0.0101 0.5769 -0.0097 0.8167
69.1028 453.0222 9.0638 107.5214 -0.0094 0.5696 -0.0089 0.8218
69.2066 453.5434 9.0618 107.7385 -0.0084 0.5620 -0.0069 0.8271
69.3103 454.0795 9.0546 107.9686 -0.0073 0.5540 -0.0056 0.8325
69.4139 454.5960 9.0482 108.2200 -0.0063 0.5460 -0.0041 0.8377
69.5177 455.1300 9.0493 108.4940 -0.0058 0.5388 -0.0035 0.8424
69.6214 455.6851 9.0449 108.7742 -0.0055 0.5318 -0.0041 0.8468
69.7253 456.2441 9.0384 109.0800 -0.0058 0.5256 -0.0051 0.8507
69.8291 456.8511 9.0340 109.3954 -0.0063 0.5200 -0.0045 0.8541
69.9328 457.4307 9.0320 109.7249 -0.0074 0.5151 -0.0043 0.8571
70.0367 458.0316 9.0434 110.0638 -0.0085 0.5113 -0.0037 0.8593
70.1406 458.6506 9.0326 110.4088 -0.0095 0.5083 -0.0033 0.8611
70.2443 459.2499 9.0389 110.7844 -0.0099 0.5058 -0.0035 0.8626
70.3482 459.8979 9.0374 111.1396 -0.0105 0.5041 -0.0039 0.8636
70.4519 460.5475 9.0421 111.5070 -0.0108 0.5025 -0.0043 0.8645
70.5558 461.2098 9.0415 111.9073 -0.0109 0.5011 -0.0050 0.8653
70.6596 461.8942 9.0397 112.2943 -0.0104 0.4997 -0.0044 0.8661
70.7633 462.5680 9.0392 112.7063 -0.0096 0.4983 -0.0042 0.8669
70.8672 463.2839 9.0325 113.1090 -0.0090 0.4973 -0.0047 0.8675
70.9708 463.9952 9.0340 113.5292 -0.0083 0.4960 -0.0048 0.8683
71.0747 464.7236 9.0271 113.9713 -0.0074 0.4949 -0.0050 0.8689
71.1784 465.4208 9.0232 114.3829 -0.0064 0.4938 -0.0039 0.8695
71.2822 466.1687 9.0149 114.8327 -0.0054 0.4929 -0.0030 0.8700
71.3859 466.8885 9.0182 115.2881 -0.0046 0.4921 -0.0021 0.8705
71.4896 467.6443 9.0101 115.7492 -0.0039 0.4911 -0.0031 0.8711
71.5933 468.4134 8.9944 116.2079 -0.0022 0.4909 -0.0036 0.8712
71.6972 469.1707 8.9710 116.6967 -0.0014 0.4906 -0.0044 0.8713
71.8010 469.9607 8.9711 117.1664 -0.0022 0.4904 -0.0051 0.8715
71.9047 470.7587 8.9598 117.6787 -0.0031 0.4903 -0.0039 0.8716
72.0085 471.5459 8.9583 118.1686 -0.0040 0.4901 -0.0032 0.8716
72.1122 472.3622 8.9430 118.6540 -0.0036 0.4898 -0.0029 0.8718
72.2160 473.1719 8.9344 119.1642 -0.0026 0.4895 -0.0022 0.8720
72.3197 474.0072 8.9195 119.6674 -0.0016 0.4891 -0.0010 0.8722
72.4235 474.8505 8.9130 120.1783 -0.0014 0.4887 -0.0005 0.8725
72.5272 475.6985 8.8919 120.7160 -0.0012 0.4884 0.0000 0.8726
72.6309 476.5524 8.8818 121.2545 -0.0011 0.4880 0.0006 0.8729
72.7347 477.4263 8.8736 121.7918 -0.0009 0.4879 0.0004 0.8729
72.8385 478.2890 8.8607 122.3436 -0.0006 0.4875 -0.0003 0.8731
72.9422 479.1561 8.8551 122.8887 -0.0009 0.4872 -0.0008 0.8733
73.0460 480.0785 8.8230 123.4483 -0.0014 0.4873 -0.0001 0.8732
73.1497 480.9517 8.8250 124.0121 -0.0027 0.4878 -0.0018 0.8730
73.2535 481.8713 8.8135 124.5817 -0.0028 0.4888 -0.0035 0.8724
73.3572 482.7825 8.7945 125.1602 -0.0022 0.4907 -0.0054 0.8713
73.4611 483.6821 8.7732 125.7231 -0.0026 0.4938 -0.0075 0.8695
73.5649 484.6344 8.7554 126.2903 -0.0033 0.4984 -0.0111 0.8669
73.6688 485.5633 8.7276 126.8414 -0.0036 0.5040 -0.0134 0.8636
73.7727 486.5263 8.7030 127.3775 -0.0045 0.5106 -0.0151 0.8597
73.8767 487.5010 8.6682 127.8874 -0.0059 0.5179 -0.0153 0.8553
73.9806 488.4657 8.6563 128.3856 -0.0080 0.5252 -0.0154 0.8508
74.0845 489.4468 8.6329 128.8746 -0.0089 0.5328 -0.0162 0.8460
74.1885 490.4791 8.5944 129.3336 -0.0080 0.5408 -0.0170 0.8409
74.2923 491.4606 8.5676 129.7791 -0.0072 0.5489 -0.0188 0.8356
74.3962 492.4859 8.5349 130.2439 -0.0067 0.5577 -0.0194 0.8298
74.5001 493.4953 8.5154 130.6399 -0.0077 0.5667 -0.0195 0.8237
74.6038 494.5587 8.4933 131.0000 -0.0077 0.5764 -0.0190 0.8169
74.7078 495.6158 8.4445 131.3548 -0.0067 0.5867 -0.0200 0.8095
74.8117 496.6495 8.4277 131.6970 -0.0056 0.5971 -0.0235 0.8018
74.9155 497.7431 8.3472 132.0089 -0.0036 0.6083 -0.0248 0.7933
75.0193 498.7953 8.3428 132.2780 -0.0041 0.6196 -0.0296 0.7844
75.1233 499.8664 8.2501 132.5040 -0.0018 0.6317 -0.0293 0.7746
75.2271 501.0015 8.2183 132.7072 -0.0022 0.6434 -0.0323 0.7648
75.3310 502.0651 8.1522 132.8898 0.0000 0.6545 -0.0326 0.7553
75.4348 503.1847 8.0643 133.0199 0.0027 0.6652 -0.0336 0.7459
75.5386 504.2835 7.9936 133.1373 0.0053 0.6747 -0.0338 0.7373
75.6422 505.4152 7.9043 133.1991 0.0067 0.6837 -0.0333 0.7290
75.7459 506.5537 7.8246 133.2636 0.0076 0.6922 -0.0331 0.7209
75.8496 507.6283 7.7529 133.2856 0.0079 0.6998 -0.0343 0.7135
75.9533 508.7391 7.6689 133.2975 0.0089 0.7078 -0.0357 0.7055
76.0570 509.8770 7.5718 133.2844 0.0095 0.7153 -0.0356 0.6978
76.1606 511.0020 7.4841 133.2319 0.0100 0.7215 -0.0332 0.6915
76.2642 512.1517 7.3901 133.1689 0.0117 0.7261 -0.0308 0.6868
76.3677 513.2853 7.2938 133.0987 0.0148 0.7295 -0.0294 0.6832
76.4713 514.4119 7.2010 133.0008 0.0163 0.7313 -0.0300 0.6812
76.5750 515.5435 7.1131 132.9288 0.0164 0.7331 -0.0303 0.6793
76.6786 516.6619 7.0318 132.8547 0.0164 0.7341 -0.0304 0.6782
76.7822 517.7864 6.9386 132.7703 0.0167 0.7353 -0.0314 0.6769
76.8859 518.9536 6.8322 132.6946 0.0183 0.7365 -0.0322 0.6754
76.9896 520.1348 6.7266 132.5659 0.0194 0.7374 -0.0328 0.6743
77.0932 521.2877 6.6163 132.4719 0.0195 0.7386 -0.0323 0.6730
77.1970 522.4701 6.5269 132.3587 0.0191 0.7398 -0.0307 0.6719
77.3006 523.6603 6.4409 132.2663 0.0177 0.7404 -0.0297 0.6713
77.4042 524.8516 6.3457 132.1549 0.0175 0.7408 -0.0307 0.6708
77.5078 526.0657 6.2327 132.0620 0.0183 0.7411 -0.0328 0.6704
77.6116 527.2565 6.1288 131.9429 0.0190 0.7408 -0.0339 0.6706
77.7152 528.4793 6.0147 131.8179 0.0200 0.7409 -0.0331 0.6705
77.8190 529.7128 5.9059 131.7155 0.0197 0.7407 -0.0334 0.6707
77.9227 530.9491 5.8064 131.5979 0.0195 0.7409 -0.0340 0.6705
78.0263 532.2052 5.6919 131.4934 0.0183 0.7412 -0.0357 0.6701
78.1301 533.4392 5.5848 131.3600 0.0181 0.7419 -0.0348 0.6693
78.2338 534.7236 5.4644 131.2407 0.0180 0.7427 -0.0347 0.6685
78.3375 535.9918 5.3490 131.1191 0.0180 0.7435 -0.0349 0.6676
78.4412 537.2585 5.2334 130.9819 0.0184 0.7442 -0.0350 0.6668
78.5448 538.5416 5.1321 130.8505 0.0181 0.7454 -0.0350 0.6655
78.6486 539.8204 4.9995 130.7180 0.0182 0.7465 -0.0348 0.6643
78.7523 541.1196 4.8956 130.5710 0.0171 0.7476 -0.0352 0.6630
78.8560 542.4152 4.7802 130.4288 0.0168 0.7489 -0.0346 0.6616
78.9597 543.7290 4.6660 130.2812 0.0164 0.7501 -0.0349 0.6602
79.0633 545.0632 4.5484 130.1071 0.0159 0.7510 -0.0358 0.6591
79.1671 546.3963 4.4293 129.9388 0.0162 0.7520 -0.0356 0.6581
79.2708 547.7175 4.3146 129.7603 0.0163 0.7527 -0.0356 0.6571
79.3745 549.0629 4.1891 129.5830 0.0164 0.7536 -0.0362 0.6561
79.4782 550.3999 4.0660 129.4096 0.0167 0.7547 -0.0364 0.6548
79.5820 551.7804 3.9415 129.2227 0.0162 0.7558 -0.0368 0.6536
79.6857 553.1084 3.8294 129.0224 0.0162 0.7570 -0.0366 0.6522
79.7895 554.4618 3.6960 128.8186 0.0162 0.7582 -0.0365 0.6508
79.8932 555.8704 3.5749 128.6140 0.0157 0.7595 -0.0368 0.6493
79.9970 557.2800 3.4459 128.4132 0.0167 0.7607 -0.0363 0.6479
80.1006 558.6728 3.3239 128.1946 0.0167 0.7614 -0.0365 0.6470
80.2043 560.0795 3.1883 127.9609 0.0173 0.7622 -0.0364 0.6461
80.3080 561.5108 3.0584 127.7366 0.0178 0.7629 -0.0362 0.6453
80.4117 562.8912 2.9275 127.4987 0.0171 0.7634 -0.0367 0.6447
80.5153 564.3305 2.7955 127.2740 0.0179 0.7638 -0.0361 0.6442
80.6191 565.7541 2.6694 127.0343 0.0185 0.7642 -0.0360 0.6437
80.7227 567.1830 2.5279 126.7949 0.0182 0.7646 -0.0364 0.6432
80.8264 568.6208 2.4037 126.5612 0.0189 0.7649 -0.0350 0.6429
80.9301 570.0631 2.2677 126.3100 0.0187 0.7651 -0.0354 0.6426
81.0338 571.4914 2.1362 126.0579 0.0189 0.7656 -0.0351 0.6421
81.1375 573.0108 2.0014 125.8028 0.0185 0.7659 -0.0345 0.6417
81.2412 574.4731 1.8714 125.5425 0.0176 0.7663 -0.0341 0.6414
81.3449 575.9496 1.7321 125.2954 0.0178 0.7666 -0.0339 0.6409
81.4486 577.4054 1.6030 125.0327 0.0181 0.7667 -0.0346 0.6409
81.5523 578.8873 1.4631 124.7827 0.0188 0.7666 -0.0341 0.6409
81.6561 580.4005 1.3211 124.5263 0.0180 0.7668 -0.0350 0.6407
81.7597 581.8485 1.1885 124.2636 0.0188 0.7668 -0.0341 0.6407
81.8635 583.3342 1.0551 124.0290 0.0187 0.7668 -0.0346 0.6407
81.9671 584.8409 0.9077 123.7587 0.0198 0.7666 -0.0349 0.6409
82.0708 586.2975 0.7635 123.5052 0.0204 0.7663 -0.0349 0.6413
82.1745 587.7619 0.6170 123.2365 0.0211 0.7657 -0.0342 0.6419
82.2782 589.3103 0.4611 122.9762 0.0218 0.7652 -0.0325 0.6426
82.3820 590.7689 0.3223 122.7374 0.0221 0.7646 -0.0315 0.6433
82.4857 592.2684 0.1794 122.4940 0.0211 0.7643 -0.0321 0.6437
82.5894 593.7374 0.0494 122.2488 0.0222 0.7640 -0.0310 0.6441
82.6931 595.2116 -0.0911 122.0051 0.0215 0.7638 -0.0318 0.6443
82.7969 596.6953 -0.2304 121.7485 0.0212 0.7636 -0.0323 0.6445
82.9006 598.1697 -0.3730 121.5065 0.0217 0.7633 -0.0315 0.6450
83.0042 599.6722 -0.5185 121.2876 0.0210 0.7632 -0.0322 0.6450
83.1078 601.1376 -0.6575 121.0470 0.0207 0.7629 -0.0321 0.6453
83.2116 602.6270 -0.7945 120.8018 0.0203 0.7629 -0.0316 0.6454
83.3152 604.0860 -0.9295 120.5710 0.0206 0.7628 -0.0302 0.6456
83.4190 605.5819 -1.0606 120.3157 0.0234 0.7625 -0.0274 0.6459
83.5226 607.0822 -1.2018 120.0679 0.0247 0.7621 -0.0275 0.6464
83.6262 608.5391 -1.3472 119.8360 0.0248 0.7620 -0.0291 0.6464
83.7300 609.9896 -1.4925 119.6153 0.0241 0.7619 -0.0301 0.6465
83.8336 611.4810 -1.6273 119.3858 0.0230 0.7615 -0.0300 0.6470
83.9373 612.9790 -1.7615 119.1467 0.0228 0.7612 -0.0301 0.6474
84.0410 614.4587 -1.8992 118.9147 0.0217 0.7609 -0.0313 0.6477
84.1447 615.9367 -2.0401 118.6901 0.0207 0.7607 -0.0321 0.6480
84.2484 617.4108 -2.1786 118.4578 0.0205 0.7605 -0.0320 0.6482
84.3521 618.8955 -2.3116 118.2444 0.0197 0.7605 -0.0319 0.6483
84.4557 620.3811 -2.4573 118.0138 0.0206 0.7606 -0.0315 0.6481
84.5594 621.8395 -2.5855 117.7849 0.0209 0.7607 -0.0315 0.6480
84.6630 623.2977 -2.7293 117.5390 0.0215 0.7605 -0.0309 0.6483
84.7667 624.7809 -2.8614 117.3114 0.0218 0.7602 -0.0295 0.6487
84.8703 626.2432 -2.9979 117.0867 0.0222 0.7597 -0.0300 0.6492
84.9740 627.6954 -3.1480 116.8673 0.0231 0.7591 -0.0319 0.6497
85.0777 629.1365 -3.2839 116.6679 0.0213 0.7590 -0.0329 0.6499
85.1813 630.5806 -3.4316 116.4498 0.0198 0.7585 -0.0332 0.6505
85.2851 632.0195 -3.5702 116.2516 0.0188 0.7582 -0.0326 0.6509
85.3887 633.4455 -3.7024 116.0426 0.0187 0.7583 -0.0310 0.6510
85.4925 634.8436 -3.8355 115.8233 0.0190 0.7582 -0.0298 0.6511
85.5961 636.2619 -3.9679 115.6374 0.0194 0.7582 -0.0296 0.6511
85.6997 637.6674 -4.0965 115.4368 0.0189 0.7584 -0.0305 0.6508
85.8034 639.0553 -4.2207 115.2219 0.0189 0.7587 -0.0301 0.6505
85.9071 640.4357 -4.3501 115.0139 0.0185 0.7589 -0.0304 0.6502
86.0108 641.7919 -4.4813 114.8092 0.0180 0.7589 -0.0306 0.6502
86.1145 643.1354 -4.6148 114.6130 0.0176 0.7594 -0.0305 0.6497
86.2182 644.4597 -4.7266 114.4201 0.0163 0.7597 -0.0295 0.6494
86.3218 645.7768 -4.8463 114.2197 0.0155 0.7600 -0.0285 0.6491
86.4256 647.0319 -4.9627 114.0300 0.0156 0.7602 -0.0289 0.6488
86.5292 648.2663 -5.0913 113.8585 0.0175 0.7603 -0.0300 0.6486
86.6330 649.4762 -5.2006 113.6813 0.0175 0.7603 -0.0306 0.6486
86.7367 650.6579 -5.3204 113.4802 0.0173 0.7602 -0.0296 0.6488
86.8403 651.8253 -5.4142 113.3102 0.0170 0.7599 -0.0285 0.6492
86.9441 652.9345 -5.5324 113.1301 0.0165 0.7593 -0.0283 0.6499
87.0477 653.9999 -5.6336 112.9864 0.0152 0.7587 -0.0286 0.6506
87.1514 655.0547 -5.7277 112.8202 0.0151 0.7580 -0.0270 0.6515
87.2550 656.0628 -5.8190 112.6910 0.0140 0.7575 -0.0254 0.6522
87.3587 657.0455 -5.8937 112.5611 0.0130 0.7570 -0.0253 0.6528
87.4625 657.9729 -5.9895 112.4186 0.0135 0.7569 -0.0252 0.6529
87.5662 658.8628 -6.0677 112.3003 0.0138 0.7566 -0.0260 0.6532
87.6699 659.7205 -6.1463 112.1898 0.0146 0.7565 -0.0261 0.6533
87.7736 660.5130 -6.2236 112.0652 0.0134 0.7564 -0.0271 0.6534
87.8773 661.2823 -6.2861 111.9551 0.0125 0.7574 -0.0280 0.6522
87.9812 662.0001 -6.3460 111.8666 0.0110 0.7603 -0.0296 0.6488
88.0852 662.6775 -6.4101 111.7649 0.0099 0.7656 -0.0310 0.6424
88.1892 663.3193 -6.4638 111.6272 0.0087 0.7730 -0.0326 0.6336
88.2933 663.9448 -6.5257 111.4732 0.0086 0.7820 -0.0340 0.6223
88.3975 664.5424 -6.5804 111.3253 0.0099 0.7924 -0.0348 0.6089
88.5016 665.1030 -6.6569 111.1236 0.0117 0.8040 -0.0348 0.5935
88.6058 665.6793 -6.7021 110.8997 0.0125 0.8171 -0.0346 0.5753
88.7101 666.2098 -6.7556 110.6659 0.0126 0.8313 -0.0345 0.5546
88.8143 666.7037 -6.8180 110.3870 0.0120 0.8456 -0.0338 0.5326
88.9186 667.2039 -6.8517 110.0754 0.0120 0.8600 -0.0334 0.5091
89.0228 667.6692 -6.9071 109.7654 0.0127 0.8750 -0.0337 0.4828
89.1271 668.1038 -6.9863 109.3926 0.0138 0.8894 -0.0343 0.4556
89.2313 668.4718 -7.0177 109.0473 0.0144 0.9039 -0.0359 0.4260
89.3356 668.8206 -7.0705 108.6262 0.0154 0.9172 -0.0382 0.3962
89.4396 669.1641 -7.1164 108.2472 0.0193 0.9296 -0.0386 0.3659
89.5437 669.4472 -7.2115 107.8365 0.0232 0.9410 -0.0376 0.3356
89.6478 669.7216 -7.2490 107.3491 0.0241 0.9512 -0.0373 0.3053
89.7518 669.9353 -7.2780 106.9421 0.0236 0.9607 -0.0374 0.2740
89.8558 670.1548 -7.3154 106.4454 0.0243 0.9690 -0.0372 0.2430
89.9597 670.3092 -7.3882 105.9784 0.0271 0.9764 -0.0364 0.2111
90.0637 670.4700 -7.4417 105.4817 0.0307 0.9825 -0.0375 0.1796
90.1676 670.5899 -7.4878 104.9594 0.0319 0.9877 -0.0406 0.1474
90.2715 670.6855 -7.5409 104.4672 0.0321 0.9919 -0.0440 0.1145
90.3755 670.7155 -7.5776 103.9108 0.0328 0.9951 -0.0454 0.0819
90.4793 670.7272 -7.6272 103.4105 0.0328 0.9972 -0.0451 0.0491
90.5831 670.7268 -7.6771 102.8455 0.0336 0.9983 -0.0446 0.0160
90.6870 670.6525 -7.7437 102.2419 0.0339 0.9982 -0.0455 -0.0175
90.7908 670.5788 -7.7902 101.6967 0.0343 0.9969 -0.0477 -0.0517
90.8946 670.4566 -7.8471 101.1173 0.0346 0.9945 -0.0501 -0.0851
90.9985 670.3003 -7.8993 100.5770 0.0347 0.9909 -0.0523 -0.1188
91.1021 670.0552 -7.9457 100.0005 0.0350 0.9864 -0.0540 -0.1512
91.2058 669.8080 -8.0177 99.4224 0.0368 0.9812 -0.0540 -0.1816
91.3095 669.5085 -8.0799 98.8911 0.0371 0.9753 -0.0546 -0.2107
91.4130 669.2165 -8.1403 98.3120 0.0382 0.9691 -0.0554 -0.2374
91.5166 668.8376 -8.2005 97.7542 0.0389 0.9629 -0.0563 -0.2609
91.6202 668.4585 -8.2604 97.1781 0.0393 0.9567 -0.0582 -0.2824
91.7237 668.0557 -8.3148 96.6253 0.0399 0.9512 -0.0593 -0.3003
91.8272 667.6045 -8.3878 96.1003 0.0408 0.9464 -0.0583 -0.3151
91.9306 667.1463 -8.4534 95.5145 0.0409 0.9423 -0.0557 -0.3276
92.0341 666.6816 -8.5174 94.9594 0.0396 0.9387 -0.0531 -0.3383
92.1377 666.1996 -8.5771 94.3798 0.0379 0.9354 -0.0510 -0.3477
92.2412 665.6853 -8.6398 93.8152 0.0368 0.9320 -0.0489 -0.3572
92.3449 665.1539 -8.7036 93.2671 0.0352 0.9286 -0.0463 -0.3666
92.4486 664.6184 -8.7615 92.6972 0.0319 0.9249 -0.0432 -0.3763
92.5522 664.0686 -8.8164 92.1382 0.0288 0.9210 -0.0396 -0.3866
92.6560 663.4984 -8.8627 91.6005 0.0276 0.9168 -0.0358 -0.3968
92.7597 662.8568 -8.9035 91.0471 0.0247 0.9121 -0.0309 -0.4080
92.8635 662.2663 -8.9505 90.5010 0.0222 0.9071 -0.0261 -0.4194
92.9672 661.6453 -8.9816 89.9830 0.0198 0.9017 -0.0234 -0.4312
93.0710 660.9804 -9.0247 89.5103 0.0183 0.8961 -0.0214 -0.4431
93.1747 660.3263 -9.0471 89.0240 0.0193 0.8900 -0.0201 -0.4552
93.2785 659.6412 -9.0737 88.5517 0.0203 0.8838 -0.0176 -0.4672
93.3821 658.9209 -9.0785 88.1146 0.0225 0.8778 -0.0158 -0.4782
93.4858 658.1992 -9.1102 87.6763 0.0249 0.8725 -0.0144 -0.4877
93.5895 657.4722 -9.1233 87.2436 0.0262 0.8681 -0.0128 -0.4955
93.6931 656.7473 -9.1357 86.8148 0.0265 0.8651 -0.0106 -0.5009
93.7967 655.9865 -9.1313 86.4176 0.0269 0.8634 -0.0081 -0.5038
93.9004 655.2571 -9.1439 85.9766 0.0270 0.8624 -0.0050 -0.5054
94.0040 654.4962 -9.1127 85.5180 0.0250 0.8624 -0.0019 -0.5056
94.1076 653.7174 -9.1039 85.0693 0.0223 0.8624 -0.0010 -0.5057
94.2113 652.9256 -9.1293 84.6066 0.0192 0.8631 -0.0025 -0.5047
94.3150 652.1346 -9.1601 84.1361 0.0158 0.8641 -0.0047 -0.5030
94.4186 651.3306 -9.1666 83.6561 0.0131 0.8657 -0.0067 -0.5004
94.5222 650.5572 -9.1656 83.1998 0.0141 0.8671 -0.0081 -0.4979
94.6260 649.7452 -9.1559 82.6991 0.0158 0.8685 -0.0084 -0.4954
94.7297 648.9406 -9.1777 82.1952 0.0139 0.8696 -0.0080 -0.4936
94.8335 648.1393 -9.2004 81.7060 0.0105 0.8700 -0.0089 -0.4929
94.9372 647.3148 -9.2600 81.2015 0.0074 0.8700 -0.0101 -0.4928
95.0410 646.4502 -9.2551 80.6638 0.0064 0.8703 -0.0098 -0.4924
95.1447 645.5814 -9.2763 80.1393 0.0057 0.8706 -0.0094 -0.4918
95.2484 644.7359 -9.2975 79.6081 0.0081 0.8709 -0.0094 -0.4913
95.3521 643.8906 -9.3362 79.1047 0.0081 0.8714 -0.0075 -0.4904
95.4559 643.0063 -9.3175 78.5699 0.0122 0.8721 -0.0081 -0.4891
95.5595 642.1498 -9.3582 78.0046 0.0104 0.8729 -0.0067 -0.4878
95.6631 641.2986 -9.3860 77.4688 0.0116 0.8737 -0.0074 -0.4863
95.7669 640.4396 -9.4089 76.9149 0.0113 0.8747 -0.0066 -0.4844
95.8705 639.5780 -9.4137 76.3952 0.0146 0.8758 -0.0079 -0.4824
95.9742 638.7629 -9.4523 75.8393 0.0160 0.8769 -0.0086 -0.4804
96.0779 637.9137 -9.4755 75.2821 0.0137 0.8779 -0.0087 -0.4785
96.1816 637.0685 -9.5016 74.7403 0.0120 0.8788 -0.0083 -0.4770
96.2853 636.2292 -9.4993 74.1815 0.0151 0.8793 -0.0087 -0.4760
96.3891 635.3984 -9.5279 73.6271 0.0146 0.8796 -0.0077 -0.4754
96.4929 634.5858 -9.5423 73.0603 0.0147 0.8800 -0.0084 -0.4747
96.5966 633.7622 -9.5984 72.5203 0.0129 0.8802 -0.0086 -0.4743
96.7004 632.9444 -9.5999 71.9755 0.0135 0.8803 -0.0082 -0.4741
96.8040 632.1536 -9.6147 71.4677 0.0137 0.8802 -0.0065 -0.4744
96.9077 631.3533 -9.6463 70.9236 0.0134 0.8805 -0.0058 -0.4738
97.0115 630.5705 -9.6731 70.4042 0.0124 0.8804 -0.0067 -0.4740
97.1151 629.7886 -9.6885 69.8857 0.0127 0.8807 -0.0073 -0.4735
97.2189 629.0408 -9.7129 69.3668 0.0132 0.8810 -0.0073 -0.4728
97.3225 628.2664 -9.7327 68.8386 0.0134 0.8815 -0.0076 -0.4719
97.4262 627.4884 -9.7677 68.3227 0.0129 0.8821 -0.0083 -0.4708
97.5300 626.7743 -9.7668 67.8287 0.0131 0.8829 -0.0075 -0.4693
97.6337 626.0542 -9.7922 67.3252 0.0134 0.8835 -0.0059 -0.4683
97.7375 625.3310 -9.8237 66.8319 0.0147 0.8843 -0.0061 -0.4667
97.8412 624.6283 -9.8423 66.3273 0.0125 0.8848 -0.0069 -0.4657
97.9451 623.9345 -9.8556 65.8418 0.0114 0.8854 -0.0068 -0.4646
98.0487 623.2564 -9.8765 65.3378 0.0114 0.8857 -0.0067 -0.4640
98.1525 622.6258 -9.9200 64.8955 0.0121 0.8859 -0.0065 -0.4637
98.2562 621.9605 -9.9266 64.4290 0.0099 0.8861 -0.0057 -0.4633
98.3600 621.3463 -9.9393 63.9799 0.0091 0.8864 -0.0058 -0.4628
98.4637 620.7613 -9.9612 63.5733 0.0105 0.8868 -0.0052 -0.4620
98.5675 620.1896 -9.9848 63.1611 0.0118 0.8874 -0.0042 -0.4609
98.6712 619.6262 -10.0014 62.7582 0.0121 0.8878 -0.0026 -0.4600
98.7749 619.1079 -10.0213 62.3824 0.0123 0.8882 -0.0020 -0.4592
98.8786 618.6010 -10.0355 62.0158 0.0120 0.8887 -0.0018 -0.4583
98.9823 618.1386 -10.0338 61.6719 0.0119 0.8892 -0.0018 -0.4573
99.0861 617.6803 -10.0528 61.3504 0.0117 0.8897 -0.0025 -0.4565
99.1897 617.2497 -10.0730 61.0341 0.0117 0.8899 -0.0032 -0.4560
99.2935 616.8517 -10.0733 60.7433 0.0124 0.8900 -0.0036 -0.4557
99.3972 616.4713 -10.0894 60.4681 0.0116 0.8902 -0.0043 -0.4554
99.5008 616.1392 -10.0968 60.2116 0.0109 0.8902 -0.0047 -0.4555
99.6046 615.8078 -10.1070 59.9559 0.0106 0.8902 -0.0039 -0.4554
99.7083 615.5215 -10.1156 59.7364 0.0115 0.8906 -0.0038 -0.4545
99.8120 615.2382 -10.1304 59.5444 0.0133 0.8909 -0.0046 -0.4541
99.9157 615.0016 -10.1433 59.3644 0.0129 0.8907 -0.0053 -0.4543
100.0193 614.7604 -10.1396 59.1695 0.0124 0.8909 -0.0055 -0.4540
100.1231 614.5467 -10.1548 58.9995 0.0122 0.8913 -0.0053 -0.4531
100.2267 614.3409 -10.1615 58.8638 0.0126 0.8913 -0.0050 -0.4531
100.3305 614.1437 -10.1707 58.7194 0.0133 0.8912 -0.0056 -0.4533
100.4341 613.9810 -10.1712 58.6034 0.0122 0.8913 -0.0068 -0.4531
100.5379 613.7946 -10.1748 58.4938 0.0127 0.8915 -0.0084 -0.4528
100.6415 613.6354 -10.1894 58.3623 0.0127 0.8914 -0.0089 -0.4529
100.7452 613.4626 -10.1996 58.2203 0.0125 0.8914 -0.0090 -0.4529
100.8489 613.3109 -10.2074 58.0981 0.0129 0.8916 -0.0091 -0.4525
100.9526 613.1424 -10.2101 57.9942 0.0134 0.8916 -0.0090 -0.4526
101.0562 612.9658 -10.2144 57.8538 0.0128 0.8914 -0.0093 -0.4529
101.1600 612.8082 -10.2159 57.7235 0.0117 0.8913 -0.0096 -0.4531
101.2636 612.6445 -10.2232 57.6066 0.0114 0.8915 -0.0095 -0.4528
101.3674 612.4947 -10.2303 57.4902 0.0120 0.8915 -0.0092 -0.4528
101.4710 612.3234 -10.2380 57.3675 0.0125 0.8916 -0.0088 -0.4526
101.5747 612.1569 -10.2415 57.2627 0.0129 0.8915 -0.0091 -0.4528
101.6784 611.9967 -10.2486 57.1549 0.0129 0.8915 -0.0090 -0.4527
101.7821 611.8422 -10.2484 57.0278 0.0131 0.8915 -0.0091 -0.4526
101.8859 611.6915 -10.2494 56.9215 0.0123 0.8916 -0.0090 -0.4526
101.9896 611.5464 -10.2529 56.8171 0.0126 0.8915 -0.0093 -0.4527
102.0932 611.4011 -10.2655 56.7131 0.0137 0.8914 -0.0091 -0.4528
102.1970 611.2580 -10.2707 56.6177 0.0144 0.8914 -0.0088 -0.4528
102.3007 611.1406 -10.2723 56.5116 0.0141 0.8915 -0.0092 -0.4528
102.4045 611.0479 -10.2789 56.4328 0.0129 0.8915 -0.0088 -0.4528
102.5083 610.9092 -10.2830 56.3305 0.0119 0.8915 -0.0089 -0.4528
102.6119 610.7875 -10.2821 56.2514 0.0131 0.8915 -0.0096 -0.4527
102.7156 610.6872 -10.2895 56.1893 0.0140 0.8914 -0.0101 -0.4529
102.8194 610.5704 -10.2967 56.0973 0.0142 0.8913 -0.0101 -0.4530
102.9230 610.4442 -10.2923 55.9996 0.0141 0.8914 -0.0091 -0.4529
103.0267 610.3495 -10.2844 55.9279 0.0131 0.8914 -0.0071 -0.4529
103.1305 610.2492 -10.2894 55.8524 0.0116 0.8915 -0.0065 -0.4528
103.2341 610.1255 -10.3042 55.7595 0.0122 0.8914 -0.0083 -0.4529
103.3379 610.0221 -10.3145 55.6786 0.0115 0.8915 -0.0087 -0.4528
103.4415 609.9174 -10.3115 55.6032 0.0116 0.8915 -0.0087 -0.4528
103.5452 609.8290 -10.3209 55.5146 0.0114 0.8915 -0.0088 -0.4528
103.6490 609.7047 -10.3149 55.4139 0.0109 0.8917 -0.0088 -0.4525
103.7526 609.5909 -10.3248 55.3544 0.0102 0.8917 -0.0093 -0.4525
103.8564 609.4585 -10.3281 55.2756 0.0101 0.8919 -0.0113 -0.4519
103.9601 609.3221 -10.3406 55.1406 0.0097 0.8923 -0.0132 -0.4512
104.0637 609.1571 -10.3377 55.0275 0.0093 0.8926 -0.0147 -0.4506
104.1674 608.9747 -10.3424 54.8883 0.0089 0.8932 -0.0153 -0.4494
104.2710 608.7561 -10.3562 54.7152 0.0082 0.8942 -0.0159 -0.4474
104.3746 608.5324 -10.3589 54.5398 0.0079 0.8953 -0.0166 -0.4451
104.4782 608.2761 -10.3708 54.3476 0.0085 0.8967 -0.0175 -0.4423
104.5820 608.0274 -10.3746 54.1132 0.0089 0.8980 -0.0193 -0.4395
104.6857 607.7421 -10.3784 53.8780 0.0079 0.9001 -0.0190 -0.4353
104.7894 607.4491 -10.4011 53.6426 0.0085 0.9021 -0.0197 -0.4311
104.8930 607.1365 -10.4088 53.3776 0.0101 0.9041 -0.0204 -0.4267
104.9967 606.7993 -10.4381 53.0950 0.0112 0.9063 -0.0199 -0.4220
105.1005 606.4584 -10.4500 52.7807 0.0127 0.9085 -0.0189 -0.4173
105.2041 606.1206 -10.4696 52.4510 0.0116 0.9107 -0.0200 -0.4123
105.3077 605.7437 -10.4901 52.1022 0.0106 0.9129 -0.0198 -0.4076
105.4115 605.3544 -10.4992 51.7525 0.0131 0.9148 -0.0186 -0.4033
105.5153 604.9331 -10.5231 51.3737 0.0154 0.9166 -0.0174 -0.3991
105.6189 604.5487 -10.5399 50.9917 0.0153 0.9185 -0.0163 -0.3948
105.7226 604.1359 -10.5395 50.5634 0.0148 0.9199 -0.0139 -0.3915
105.8265 603.7154 -10.5791 50.1258 0.0149 0.9211 -0.0120 -0.3888
105.9302 603.2602 -10.5880 49.6657 0.0120 0.9222 -0.0108 -0.3864
106.0341 602.8030 -10.5967 49.2092 0.0112 0.9225 -0.0097 -0.3857
106.1379 602.3593 -10.5974 48.7230 0.0096 0.9228 -0.0080 -0.3851
106.2417 601.8716 -10.6181 48.2548 0.0099 0.9234 -0.0079 -0.3837
106.3455 601.3877 -10.6200 47.7686 0.0099 0.9237 -0.0079 -0.3828
106.4492 600.8706 -10.6478 47.2377 0.0106 0.9238 -0.0083 -0.3825
106.5530 600.3810 -10.6684 46.7062 0.0069 0.9244 -0.0100 -0.3812
106.6568 599.8605 -10.6716 46.1667 0.0039 0.9246 -0.0126 -0.3807
106.7605 599.3058 -10.7015 45.5906 0.0025 0.9249 -0.0149 -0.3799
106.8642 598.7514 -10.7241 45.0530 0.0049 0.9253 -0.0156 -0.3790
106.9680 598.1936 -10.7615 44.4639 0.0058 0.9254 -0.0140 -0.3786
107.0718 597.6329 -10.7965 43.8390 0.0049 0.9257 -0.0125 -0.3781
107.1755 597.0271 -10.8231 43.2317 0.0049 0.9261 -0.0115 -0.3770
107.2791 596.4199 -10.8407 42.6079 0.0035 0.9266 -0.0109 -0.3760
107.3829 595.8458 -10.8679 41.9781 0.0067 0.9271 -0.0111 -0.3745
107.4865 595.2295 -10.8774 41.3421 0.0068 0.9279 -0.0104 -0.3725
107.5902 594.5928 -10.9083 40.6695 0.0061 0.9288 -0.0101 -0.3703
107.6939 593.9662 -10.9384 39.9887 0.0077 0.9299 -0.0098 -0.3677
107.7976 593.3441 -10.9625 39.3165 0.0094 0.9309 -0.0091 -0.3651
107.9012 592.7281 -11.0012 38.6294 0.0107 0.9318 -0.0096 -0.3628
108.0050 592.1323 -11.0115 37.9472 0.0103 0.9325 -0.0107 -0.3609
108.1087 591.5168 -11.0421 37.2685 0.0096 0.9330 -0.0120 -0.3596
108.2125 590.9012 -11.0766 36.5767 0.0070 0.9332 -0.0124 -0.3590
108.3162 590.3023 -11.1123 35.8989 0.0067 0.9331 -0.0132 -0.3592
108.4200 589.6930 -11.1534 35.1934 0.0058 0.9328 -0.0132 -0.3600
108.5237 589.0738 -11.1939 34.5080 0.0043 0.9325 -0.0128 -0.3608
108.6275 588.4585 -11.2168 33.8413 0.0043 0.9323 -0.0124 -0.3615
108.7312 587.8390 -11.2472 33.1611 0.0052 0.9320 -0.0126 -0.3623
108.8351 587.2100 -11.2880 32.4673 0.0061 0.9314 -0.0126 -0.3637
108.9389 586.5911 -11.3174 31.8026 0.0052 0.9311 -0.0131 -0.3646
109.0426 585.9632 -11.3595 31.0930 0.0054 0.9305 -0.0143 -0.3661
109.1464 585.3167 -11.3901 30.4419 0.0051 0.9301 -0.0141 -0.3670
109.2501 584.7085 -11.4210 29.7617 0.0054 0.9295 -0.0144 -0.3684
109.3539 584.0575 -11.4608 29.0748 0.0051 0.9290 -0.0143 -0.3697
109.4576 583.4194 -11.5051 28.3696 0.0053 0.9285 -0.0148 -0.3710
109.5612 582.7743 -11.5442 27.6955 0.0055 0.9281 -0.0156 -0.3721
109.6650 582.1183 -11.5843 27.0217 0.0049 0.9276 -0.0167 -0.3732
109.7687 581.4629 -11.6352 26.3065 0.0052 0.9274 -0.0164 -0.3738
109.8724 580.8075 -11.6802 25.6273 0.0053 0.9273 -0.0165 -0.3740
109.9761 580.1325 -11.7101 24.9155 0.0056 0.9272 -0.0158 -0.3741
110.0797 579.4617 -11.7524 24.2347 0.0052 0.9272 -0.0160 -0.3741
110.1835 578.8051 -11.8064 23.5340 0.0052 0.9274 -0.0163 -0.3737
110.2872 578.1351 -11.8438 22.8204 0.0044 0.9274 -0.0168 -0.3737
110.3909 577.4759 -11.8820 22.1196 0.0048 0.9278 -0.0164 -0.3727
110.4946 576.8180 -11.9257 21.4274 0.0044 0.9280 -0.0165 -0.3721
110.5982 576.1463 -11.9673 20.6926 0.0036 0.9282 -0.0173 -0.3718
110.7020 575.4825 -12.0232 19.9763 0.0029 0.9285 -0.0187 -0.3708
110.8056 574.8237 -12.0777 19.2862 0.0029 0.9289 -0.0192 -0.3698
110.9092 574.1506 -12.1315 18.5482 0.0035 0.9293 -0.0180 -0.3688
111.0129 573.5072 -12.1688 17.8187 0.0039 0.9298 -0.0164 -0.3676
111.1166 572.8606 -12.2107 17.1314 0.0042 0.9303 -0.0152 -0.3664
111.2202 572.1933 -12.2543 16.4152 0.0044 0.9307 -0.0156 -0.3655
111.3240 571.5481 -12.3036 15.6975 0.0036 0.9311 -0.0159 -0.3644
111.4276 570.9184 -12.3535 15.0104 0.0043 0.9315 -0.0165 -0.3634
111.5314 570.2791 -12.4018 14.3033 0.0052 0.9320 -0.0174 -0.3620
111.6350 569.6528 -12.4463 13.6156 0.0043 0.9323 -0.0181 -0.3613
111.7387 569.0077 -12.5027 12.8938 0.0035 0.9325 -0.0191 -0.3605
111.8424 568.3746 -12.5538 12.1628 0.0039 0.9330 -0.0188 -0.3594
111.9461 567.7675 -12.6013 11.4798 0.0036 0.9333 -0.0162 -0.3588
112.0497 567.1595 -12.6264 10.7851 0.0041 0.9336 -0.0146 -0.3580
112.1535 566.5512 -12.6856 10.0846 0.0036 0.9336 -0.0141 -0.3581
112.2571 565.9158 -12.7415 9.4064 0.0010 0.9333 -0.0149 -0.3588
112.3609 565.3150 -12.7732 8.7208 -0.0003 0.9330 -0.0159 -0.3595
112.4646 564.7139 -12.8198 8.0497 0.0015 0.9325 -0.0174 -0.3606
112.5682 564.1007 -12.8571 7.4028 0.0041 0.9322 -0.0180 -0.3616
112.6720 563.4784 -12.9098 6.7342 0.0044 0.9316 -0.0186 -0.3630
112.7756 562.8871 -12.9546 6.0621 0.0054 0.9313 -0.0192 -0.3638
112.8794 562.2899 -12.9939 5.4266 0.0063 0.9310 -0.0195 -0.3644
112.9830 561.7116 -13.0489 4.7833 0.0055 0.9305 -0.0200 -0.3656
113.0867 561.1457 -13.0801 4.1671 0.0042 0.9300 -0.0220 -0.3669
113.1905 560.5855 -13.1615 3.5523 0.0018 0.9295 -0.0249 -0.3678
113.2941 560.0558 -13.2275 2.9534 -0.0006 0.9291 -0.0273 -0.3689
113.3978 559.5002 -13.2853 2.3381 -0.0016 0.9287 -0.0281 -0.3697
113.5015 558.9424 -13.3414 1.7710 -0.0018 0.9285 -0.0269 -0.3702
113.6052 558.4568 -13.3784 1.2652 0.0017 0.9283 -0.0264 -0.3709
113.7090 557.9306 -13.4459 0.7164 0.0015 0.9282 -0.0264 -0.3711
113.8126 557.4861 -13.4761 0.2369 0.0034 0.9281 -0.0281 -0.3712
113.9164 557.0499 -13.5601 -0.2149 0.0041 0.9280 -0.0307 -0.3714
114.0201 556.6027 -13.6086 -0.7018 0.0038 0.9280 -0.0323 -0.3712
114.1239 556.1671 -13.6506 -1.1703 0.0035 0.9280 -0.0322 -0.3711
114.2276 555.7802 -13.6943 -1.5675 0.0031 0.9281 -0.0314 -0.3711
114.3314 555.3839 -13.7473 -2.0037 0.0030 0.9282 -0.0308 -0.3707
114.4350 555.0395 -13.7879 -2.3779 0.0031 0.9281 -0.0317 -0.3710
114.5387 554.6747 -13.8427 -2.7530 -0.0004 0.9280 -0.0327 -0.3711
114.6425 554.3391 -13.8791 -3.1409 -0.0018 0.9280 -0.0332 -0.3711
114.7463 554.0076 -13.9243 -3.5115 -0.0024 0.9280 -0.0325 -0.3712
114.8500 553.6568 -13.9580 -3.8641 -0.0020 0.9280 -0.0319 -0.3713
114.9538 553.3324 -14.0002 -4.2132 -0.0014 0.9279 -0.0310 -0.3715
115.0574 553.0166 -14.0373 -4.5670 -0.0025 0.9278 -0.0301 -0.3719
115.1611 552.7097 -14.0734 -4.9015 -0.0028 0.9277 -0.0300 -0.3722
115.2649 552.4106 -14.1081 -5.2087 -0.0031 0.9276 -0.0300 -0.3724
115.3686 552.1123 -14.1486 -5.5089 -0.0010 0.9274 -0.0309 -0.3727
115.4724 551.8158 -14.1726 -5.8149 -0.0005 0.9274 -0.0312 -0.3727
115.5761 551.5206 -14.2097 -6.1120 -0.0002 0.9274 -0.0315 -0.3728
115.6797 551.2505 -14.2385 -6.4029 0.0000 0.9273 -0.0317 -0.3729
115.7835 550.9678 -14.2735 -6.6846 0.0001 0.9273 -0.0321 -0.3730
115.8871 550.7278 -14.2983 -6.9500 0.0002 0.9275 -0.0325 -0.3724
115.9909 550.4577 -14.3270 -7.2224 0.0002 0.9275 -0.0331 -0.3724
116.0946 550.2319 -14.3678 -7.4814 0.0001 0.9276 -0.0337 -0.3721
116.1983 549.9913 -14.3937 -7.7245 -0.0004 0.9276 -0.0351 -0.3718
116.3020 549.7747 -14.4303 -7.9472 0.0011 0.9279 -0.0377 -0.3709
116.4056 549.5429 -14.4607 -8.1712 0.0032 0.9281 -0.0393 -0.3702
116.5094 549.3231 -14.4896 -8.3913 0.0034 0.9286 -0.0398 -0.3689
116.6133 549.1351 -14.5103 -8.6303 0.0032 0.9293 -0.0403 -0.3672
116.7167 548.9564 -14.5304 -8.8365 0.0008 0.9297 -0.0400 -0.3661
116.8205 548.7751 -14.5547 -9.0342 -0.0013 0.9303 -0.0396 -0.3647
116.9242 548.6167 -14.5798 -9.2279 -0.0018 0.9307 -0.0395 -0.3636
117.0280 548.4639 -14.6014 -9.3846 -0.0021 0.9313 -0.0393 -0.3622
117.1316 548.3152 -14.6256 -9.5559 -0.0018 0.9317 -0.0395 -0.3611
117.2354 548.1686 -14.6535 -9.7046 -0.0003 0.9321 -0.0401 -0.3601
117.3391 548.0532 -14.6678 -9.8419 -0.0002 0.9323 -0.0406 -0.3594
117.4429 547.9291 -14.6932 -9.9905 -0.0006 0.9324 -0.0414 -0.3591
117.5467 547.8009 -14.7054 -10.1241 -0.0012 0.9323 -0.0421 -0.3592
117.6504 547.6982 -14.7251 -10.2461 -0.0017 0.9321 -0.0429 -0.3596
117.7540 547.6148 -14.7371 -10.3463 -0.0017 0.9320 -0.0433 -0.3599
117.8577 547.5061 -14.7541 -10.4451 -0.0019 0.9319 -0.0439 -0.3600
117.9615 547.4264 -14.7665 -10.5531 -0.0021 0.9319 -0.0444 -0.3599
118.0651 547.3443 -14.7741 -10.6474 -0.0023 0.9321 -0.0446 -0.3595
118.1689 547.2716 -14.7864 -10.7190 -0.0023 0.9322 -0.0446 -0.3591
118.2725 547.1951 -14.8049 -10.8047 -0.0025 0.9322 -0.0451 -0.3591
118.3763 547.1280 -14.8150 -10.8973 -0.0027 0.9322 -0.0452 -0.3590
118.4799 547.0731 -14.8328 -10.9429 -0.0033 0.9324 -0.0454 -0.3585
118.5836 547.0152 -14.8377 -11.0092 -0.0037 0.9325 -0.0456 -0.3583
118.6872 546.9591 -14.8498 -11.0948 -0.0035 0.9325 -0.0457 -0.3582
118.7910 546.9045 -14.8579 -11.1436 -0.0035 0.9326 -0.0459 -0.3580
118.8948 546.8325 -14.8624 -11.2143 -0.0034 0.9326 -0.0459 -0.3579
118.9985 546.8033 -14.8728 -11.2572 -0.0038 0.9328 -0.0464 -0.3575
119.1021 546.7510 -14.8806 -11.3136 -0.0039 0.9327 -0.0466 -0.3576
119.2059 546.7273 -14.8851 -11.3429 -0.0040 0.9327 -0.0465 -0.3575
119.3096 546.6873 -14.8804 -11.3652 -0.0041 0.9329 -0.0468 -0.3571
119.4132 546.6501 -14.8886 -11.4232 -0.0042 0.9329 -0.0470 -0.3571
119.5170 546.6271 -14.8986 -11.4677 -0.0042 0.9329 -0.0472 -0.3571
119.6207 546.5923 -14.8966 -11.4964 -0.0043 0.9330 -0.0471 -0.3568
119.7244 546.5622 -14.9002 -11.5242 -0.0044 0.9330 -0.0474 -0.3567
119.8281 546.5121 -14.9075 -11.5742 -0.0044 0.9330 -0.0474 -0.3568
119.9319 546.5176 -14.9108 -11.5813 -0.0044 0.9331 -0.0475 -0.3565
120.0355 546.4895 -14.9115 -11.5960 -0.0044 0.9331 -0.0474 -0.3565
120.1392 546.4692 -14.9112 -11.6230 -0.0047 0.9331 -0.0477 -0.3565
120.2429 546.4508 -14.9189 -11.6458 -0.0047 0.9330 -0.0478 -0.3566
120.3466 546.4498 -14.9184 -11.6523 -0.0046 0.9332 -0.0476 -0.3563
120.4502 546.4422 -14.9184 -11.6493 -0.0049 0.9332 -0.0479 -0.3562
120.5540 546.4419 -14.9136 -11.6765 -0.0051 0.9331 -0.0481 -0.3563
120.6576 546.4370 -14.9214 -11.6694 -0.0052 0.9332 -0.0484 -0.3561
120.7614 546.4186 -14.9291 -11.6875 -0.0053 0.9332 -0.0487 -0.3561
120.8650 546.4091 -14.9339 -11.7045 -0.0056 0.9331 -0.0491 -0.3562
120.9686 546.3852 -14.9324 -11.7186 -0.0056 0.9331 -0.0491 -0.3563
121.0724 546.3686 -14.9448 -11.7477 -0.0055 0.9331 -0.0491 -0.3562
121.1760 546.3547 -14.9368 -11.7626 -0.0055 0.9331 -0.0491 -0.3562
121.2797 546.3242 -14.9414 -11.7770 -0.0055 0.9332 -0.0489 -0.3560
121.3834 546.2950 -14.9453 -11.8196 -0.0055 0.9331 -0.0489 -0.3562
121.4871 546.2908 -14.9520 -11.8421 -0.0055 0.9331 -0.0490 -0.3561
121.5909 546.2515 -14.9565 -11.8852 -0.0055 0.9330 -0.0489 -0.3564
121.6945 546.2243 -14.9585 -11.8994 -0.0055 0.9331 -0.0488 -0.3563
121.7982 546.1820 -14.9632 -11.9608 -0.0053 0.9331 -0.0486 -0.3563
121.9020 546.1577 -14.9696 -11.9925 -0.0053 0.9331 -0.0483 -0.3562
122.0056 546.1241 -14.9853 -12.0327 -0.0055 0.9332 -0.0487 -0.3561
122.1094 546.0934 -14.9836 -12.0728 -0.0055 0.9332 -0.0485 -0.3560
122.2131 546.0390 -14.9945 -12.1103 -0.0055 0.9333 -0.0486 -0.3557
122.3168 545.9883 -15.0053 -12.1724 -0.0055 0.9332 -0.0487 -0.3559
122.4205 545.9295 -15.0118 -12.2404 -0.0056 0.9332 -0.0488 -0.3560
122.5243 545.8725 -15.0208 -12.2939 -0.0056 0.9332 -0.0489 -0.3559
122.6280 545.8062 -15.0272 -12.3653 -0.0057 0.9333 -0.0489 -0.3558
122.7316 545.7427 -15.0379 -12.4428 -0.0056 0.9333 -0.0488 -0.3557
122.8352 545.6899 -15.0492 -12.5159 -0.0054 0.9333 -0.0487 -0.3558
122.9390 545.6214 -15.0648 -12.5904 -0.0053 0.9333 -0.0484 -0.3558
123.0426 545.5496 -15.0714 -12.6701 -0.0054 0.9334 -0.0482 -0.3556
123.1462 545.4650 -15.0798 -12.7573 -0.0055 0.9333 -0.0483 -0.3557
123.2500 545.4015 -15.0892 -12.8310 -0.0056 0.9333 -0.0486 -0.3557
123.3536 545.3287 -15.1095 -12.9243 -0.0054 0.9333 -0.0486 -0.3559
123.4574 545.2642 -15.1280 -13.0042 -0.0040 0.9332 -0.0494 -0.3558
123.5610 545.1785 -15.1393 -13.0981 -0.0030 0.9333 -0.0494 -0.3558
123.6648 545.1014 -15.1474 -13.1797 -0.0022 0.9332 -0.0490 -0.3560
123.7685 545.0104 -15.1671 -13.2660 -0.0019 0.9332 -0.0492 -0.3559
123.8721 544.9662 -15.1742 -13.3310 -0.0018 0.9333 -0.0489 -0.3557
123.9759 544.8839 -15.1863 -13.4077 -0.0019 0.9333 -0.0488 -0.3558
124.0796 544.8056 -15.1971 -13.4818 -0.0021 0.9332 -0.0490 -0.3559
124.1832 544.7607 -15.2126 -13.5574 -0.0019 0.9334 -0.0488 -0.3556
124.2870 544.7214 -15.2189 -13.5804 -0.0016 0.9336 -0.0483 -0.3551
124.3906 544.6534 -15.2294 -13.6619 -0.0016 0.9336 -0.0479 -0.3552
124.4944 544.6055 -15.2396 -13.7268 -0.0016 0.9336 -0.0476 -0.3550
