1.000000000000000000e+00 -3.306050084167601550e-19 -2.270457535318767223e-19 -8.673617379884035472e-19 7.546676715296109287e-19 1.000000000000000000e+00 6.237773588823049983e-19 1.387778780781445676e-17 -3.447385680526250622e-20 4.770700176052009879e-20 1.000000000000000222e+00 5.551115123125782702e-17
2.186207726749682390e-01 -3.009590839140831829e-03 9.758102125659133819e-01 -7.547271984179104720e+00 -2.293796445934342260e-02 9.997030316128406868e-01 8.223532578251703876e-03 -3.075751742612631290e-02 -9.755451209160337367e-01 -2.418850591599784605e-02 2.184869425011698174e-01 4.893842924625681157e+00
7.748616134082969564e-02 -4.192428958189229130e-03 9.969818284885444415e-01 -4.085313096333861083e+00 -3.522588781629411997e-02 9.993550824173530467e-01 6.942299620461997618e-03 7.268685486981341093e-03 -9.963679200997394014e-01 -3.567381500526035920e-02 7.728874568702688574e-02 1.335260402308418115e+01
-4.949005459589038147e-01 -2.402200889195976394e-02 8.681935726912862750e-01 2.869819639895745955e-01 -4.966926846806536677e-02 9.987650855262855121e-01 -7.117879870215844396e-04 2.739946223734478492e-01 -8.671042426131908565e-01 -4.347094855144226222e-02 -4.954823383726185693e-01 1.981622988554625664e+01
-6.093218777184447044e-01 -1.746353630598007634e-02 7.932494595306583962e-01 6.705807931470163297e+00 -4.793681844888614263e-02 9.987407452894524473e-01 -1.480526700862411574e-02 4.928540726871232236e-01 -7.919920347521085535e-01 -4.705353814425554393e-02 -6.093918952771540942e-01 2.153099877219891312e+01
-9.527007357215639960e-01 -3.474133880342720332e-02 3.037152135592657287e-01 1.213198078160839088e+01 -4.291980044093483826e-02 9.988721722771775058e-01 -2.031270902682254242e-02 4.799324305815489411e-01 -3.026672504731331426e-01 -3.237998817793263928e-02 -9.531172611787214199e-01 2.103832047510196190e+01
-9.734078807079922235e-01 -2.954803384014220366e-02 2.218901781644735671e-01 1.600493957047842031e+01 -3.526992162897089889e-02 9.991363258898067201e-01 -2.193404296561422481e-02 4.612667704116663048e-01 -2.210502413400802224e-01 -2.920285459636904821e-02 -9.736087728833831001e-01 1.718098532154357727e+01
-9.843932254578666718e-01 -3.139927991540148594e-02 1.727047967675810203e-01 1.988887852816304047e+01 -3.492806209597312805e-02 9.992379313479217151e-01 -1.742168160986513545e-02 4.369782037706706479e-01 -1.720259025328665925e-01 -2.319930882561749980e-02 -9.847394726976113066e-01 1.258311043305189081e+01
-8.619976057288645244e-01 -3.254711935354821783e-02 -5.061104954039044035e-01 2.289829876310015777e+01 -2.467529689340276430e-02 9.994478755638914746e-01 -2.225827514121976256e-02 3.977256234020761783e-01 5.065554417020079470e-01 -6.692848167922952826e-03 -8.623247662949879988e-01 7.155092131026700386e+00
-5.707393421720509119e-01 -2.227372075432159163e-02 -8.204575191330942818e-01 2.199928403799439991e+01 -1.342313159938374537e-02 9.997517212205895287e-01 -1.776293527326735025e-02 3.546748907400015804e-01 8.206496864694822202e-01 8.640813754423685425e-04 -5.708966463787084056e-01 1.579858269870027421e+00
-1.873633557584025722e-01 -3.109505778122060096e-03 -9.823203237027650081e-01 1.909042955640811812e+01 1.287969491230127675e-03 9.999934026038658219e-01 -3.404752307543580051e-03 2.428369113385311917e-01 9.823245803834391721e-01 -1.901454888897512359e-03 -1.873580708513530868e-01 -2.719146149843619131e+00
8.477081540862461961e-02 5.470917694751947433e-03 -9.963649874475832835e-01 1.527848956506269928e+01 9.828408155799849000e-03 9.999316354877091362e-01 6.327794598152218161e-03 2.086984732613502147e-01 9.963316580926093735e-01 -1.032954109670500276e-02 8.471123490231138864e-02 -4.706017816893528050e+00
5.328041674666503802e-01 1.399308263562651714e-02 -8.461405525320846444e-01 1.208893536470037411e+01 9.582859539207426100e-03 9.996993208086035754e-01 2.256828410935294432e-02 1.576163367126449943e-01 8.462021805387073270e-01 -2.013049011747332362e-02 5.325099203856349384e-01 -5.172572050531854870e+00
5.284193642610537367e-01 1.967484300456042237e-02 -8.488306658117462655e-01 1.015404699097686425e+01 1.128878206701615025e-02 9.994801068254268728e-01 3.019296162132139097e-02 1.817977143506629145e-01 8.489835346012557515e-01 -2.553580770037039080e-02 5.279226629314638375e-01 -3.932062891519191083e+00
7.117378398552878238e-01 2.168228285046339826e-02 -7.022094629995765391e-01 9.557595140837383596e+00 9.314049361900013022e-03 9.991443417879978250e-01 4.029829142597338848e-02 1.896180960580267083e-01 7.024824851135583748e-01 -3.522174574015806553e-02 7.109268956195929912e-01 -2.803430824097351337e+00
6.344772024115425957e-01 2.242171559052032540e-02 -7.724511918997980509e-01 9.632667358578054007e+00 1.561274319166713366e-02 9.990034568893301214e-01 4.180418188111631461e-02 1.928858955460749647e-01 7.726188254378805187e-01 -3.858300932655622795e-02 6.334948627404481947e-01 -2.866723126901074004e+00
7.784804375243404850e-01 1.912567503328576127e-02 -6.275206173950108601e-01 9.337657565582839325e+00 1.327010055568036799e-02 9.988106911462779625e-01 4.692375525441824097e-02 2.115440596004852791e-01 6.276718293054639464e-01 -4.485592292637788359e-02 7.773008250838069344e-01 -2.282276711832628369e+00
7.219146395234763425e-01 1.762730538892809742e-02 -6.917808298178574899e-01 9.190923734673530632e+00 1.950952177933637163e-02 9.987596040230062311e-01 4.580296162718486969e-02 2.155829299708955926e-01 6.917303238893190986e-01 -4.655996016732225767e-02 7.206752628316913656e-01 -2.276797008895986796e+00
8.462070352238532100e-01 1.514843161382959866e-02 -5.326129305170447248e-01 8.984087517690900526e+00 1.382586429658912847e-02 9.986350654454484443e-01 5.037599739853553665e-02 2.352983475444856420e-01 5.326491000770523510e-01 -4.999174146742715180e-02 8.448426479802957356e-01 -1.599970766021957314e+00
8.012987302059638717e-01 1.972287606610841071e-02 -5.977636154552020686e-01 8.943250740118536157e+00 1.353903927527374748e-02 9.986026956555598133e-01 5.108792662205630802e-02 2.448007378812813162e-01 5.979356344671327150e-01 -4.903282276799323519e-02 7.999120950468321389e-01 -1.758494501014551181e+00
8.977036868323203800e-01 1.897891080105145595e-02 -4.402075317042639102e-01 8.639065705792512873e+00 6.312372746281950421e-03 9.984153027703398520e-01 5.591013510759101912e-02 2.798924358880859331e-01 4.405714191135313706e-01 -5.296664396673779474e-02 8.961615055641186656e-01 -7.527154233555235496e-01
8.534068128884009230e-01 1.938960718656762908e-02 -5.208670556080997605e-01 8.555628149228835966e+00 1.020284780602584082e-02 9.984950294368482027e-01 5.387549193795761193e-02 2.987824081482497451e-01 5.211278679951737436e-01 -5.129119083105462135e-02 8.519247043437574440e-01 -7.932057075919466405e-01
9.359073755268666472e-01 1.816762256679783569e-02 -3.517062485330113564e-01 8.320861481778489832e+00 3.004724767262346389e-03 9.982209743663562618e-01 5.954135980933748101e-02 3.173896787388483798e-01 3.521624259275179525e-01 -5.678071896831601850e-02 9.341878236602444430e-01 1.507375303640083042e-01
8.976147938487393230e-01 1.964740199463431772e-02 -4.402370079680532622e-01 8.177864601982305359e+00 5.848935094828720815e-03 9.983872730920410055e-01 5.646299588923695684e-02 3.498734308740832910e-01 4.406363914268477400e-01 -5.325621001599570303e-02 8.960522882037206260e-01 1.229412832953386825e-01
9.617507470651224244e-01 1.772081860798057837e-02 -2.733060202991933196e-01 8.035391533415133125e+00 -1.514399751499222483e-03 9.982340624648302629e-01 5.935710422390529095e-02 3.717509035603343004e-01 2.738756198759214611e-01 -5.667175877929177263e-02 9.600791629431919549e-01 1.127808554521582352e+00
9.515289141960528996e-01 1.380459519186083561e-02 -3.072371540142080915e-01 7.970377999517567424e+00 2.768923125765319990e-03 9.985672185188021466e-01 5.343342570129461233e-02 3.961051472308442234e-01 3.075347434820561721e-01 -5.169299274842392017e-02 9.501273608611948696e-01 1.241051746844024528e+00
9.783645240177849534e-01 9.440411136405577053e-03 -2.065988839938917299e-01 7.860097848307441737e+00 1.272698148295178062e-03 9.986649141804517793e-01 5.162330278858067584e-02 4.307025973378859063e-01 2.068105806517093748e-01 -5.076846308775767591e-02 9.770464346998652960e-01 2.228738074082215803e+00
9.738167979180740730e-01 7.189747811251257816e-03 -2.270908706025124013e-01 7.797684644403729770e+00 4.100257068567378718e-03 9.987817393877510552e-01 4.914786341300662192e-02 4.533916024617311580e-01 2.271675677042013786e-01 -4.879225035106605352e-02 9.726008926830365109e-01 2.513074020919517704e+00
9.870541481431863717e-01 4.730488271432288679e-03 -1.602358066631134892e-01 7.698086790006071212e+00 3.193991015867280771e-03 9.987870143783594834e-01 4.910321212985178235e-02 4.810206328085241956e-01 1.602737687233295738e-01 -4.897920233584596161e-02 9.858416840246274626e-01 3.372970019527124830e+00
9.883115806040899676e-01 3.015330766358647642e-03 -1.523116222980719636e-01 7.569940449909650759e+00 4.073821688865632111e-03 9.989250566169696199e-01 4.614234830413720123e-02 5.231170650264079791e-01 1.522870403177394305e-01 -4.622336060829876359e-02 9.872368391888527439e-01 3.933341531456596041e+00
9.907568399405319859e-01 1.706551111672581283e-03 -1.355263739362699560e-01 7.530773695442845472e+00 5.108422576773750771e-03 9.987422442283812041e-01 4.982911041662026197e-02 5.402715125509699456e-01 1.354407419137720336e-01 -5.006120487869823027e-02 9.895019014534931490e-01 4.618464077369480059e+00
9.914601419426974926e-01 2.404108375661226805e-03 -1.302524710398230701e-01 7.437693549403106452e+00 3.975262120235389593e-03 9.988081940077456755e-01 4.858658006892896397e-02 5.833203779696954916e-01 1.302140161480852543e-01 -4.868955265086535866e-02 9.902690189956935285e-01 5.242816929174431095e+00
9.923972992873054677e-01 4.088116391415403707e-03 -1.228863910753192484e-01 7.415292344805784808e+00 2.006316465627861530e-03 9.987779379123622459e-01 4.933207505907914042e-02 6.063743356932187467e-01 1.229380296029735226e-01 -4.920332352245018748e-02 9.911763639241421009e-01 5.933472273256078289e+00
9.930619363978330227e-01 4.476719260547461741e-03 -1.173689473392726806e-01 7.332167419619324278e+00 1.283556948167321934e-03 9.988028138785004506e-01 4.882106394809071492e-02 6.405320153301017339e-01 1.174473196740091901e-01 -4.863236651015541423e-02 9.918674732344090472e-01 6.579794134814816786e+00
9.932293476934860310e-01 5.297581264446636455e-03 -1.159751421094823570e-01 7.306129555741482484e+00 5.637746197643225040e-04 9.987280950995855999e-01 5.036826053862689112e-02 6.717410921885271780e-01 1.160946925914289884e-01 -5.009220796618353566e-02 9.919629525812265758e-01 7.298628448459581364e+00
9.933385497692248656e-01 5.664249704652114976e-03 -1.149496309294940483e-01 7.209598806790251224e+00 2.233011309841707436e-04 9.986945956643465960e-01 5.101421861292588372e-02 6.915731106669975592e-01 1.150889279511187607e-01 -5.069923009801100694e-02 9.920405530870891608e-01 7.912335674333755620e+00
9.933631439154260168e-01 5.374228357826888770e-03 -1.147432454224522613e-01 7.182425052984557468e+00 6.249755821461422172e-04 9.986407886158837899e-01 5.204588372842164357e-02 7.205604012169855022e-01 1.148673428036407207e-01 -5.177140946457647191e-02 9.920096249027724467e-01 8.647871087083119690e+00
9.929868631483611541e-01 6.648492806412676856e-03 -1.179174091600389690e-01 7.126489745004151999e+00 -2.553185606269651911e-04 9.985356817420483200e-01 5.402270929885299305e-02 7.536986981594787638e-01 1.181044271909102994e-01 -5.361277903005036427e-02 9.915347156228963010e-01 9.351818912970779607e+00
9.922091774754155935e-01 8.008427190675153004e-03 -1.242486755126145093e-01 7.049337806638948045e+00 -7.992151678205314897e-04 9.983203094471980732e-01 5.786696000179093746e-02 7.868151884835532517e-01 1.245039518186198263e-01 -5.731595397371338357e-02 9.905490185934389125e-01 1.006605340994857301e+01
9.913383682147526299e-01 1.027970286162222836e-02 -1.307725376126687988e-01 7.078586035902383777e+00 -2.146676408106260731e-03 9.980670645026903376e-01 6.205880477703291237e-02 8.047951334191648654e-01 1.311583302003447304e-01 -6.123896415335313564e-02 9.894442167118786546e-01 1.074041415962209989e+01
9.917319983588032128e-01 9.254743246326408226e-03 -1.278917978455041404e-01 6.994453974648060068e+00 -1.300330787008727434e-03 9.980695465023010637e-01 6.205927232803200994e-02 8.428278303076808253e-01 1.282196928218087006e-01 -6.137884771584576488e-02 9.898295214612226056e-01 1.155019580997542405e+01
9.919004750718103391e-01 1.011417505208525754e-02 -1.265342513810468472e-01 6.951384842781193285e+00 -1.959601954950354087e-03 9.979246299116149022e-01 6.431736623959255494e-02 8.663847076064167263e-01 1.269228372987986075e-01 -6.354719645257972394e-02 9.898616320771217447e-01 1.226350329400029615e+01
9.927897371729393905e-01 8.798271764685323612e-03 -1.193339042266970407e-01 6.928046975353283621e+00 -1.455058697382084982e-03 9.981137413669395331e-01 6.127048278717432683e-02 9.118515422232290613e-01 1.196489080005522232e-01 -6.065303255171047153e-02 9.909298005929644271e-01 1.322317529271029279e+01
9.932983659244734032e-01 9.734300366819680084e-03 -1.149945984127423854e-01 6.893661804808685289e+00 -2.874179947385238111e-03 9.982192363864779150e-01 5.951477182767699048e-02 9.409400488845819366e-01 1.153699379592901114e-01 -5.878365540135976203e-02 9.915574799911425208e-01 1.390540547954780237e+01
9.936129238827651200e-01 9.921720510072942409e-03 -1.122166518057838569e-01 6.952147276956030630e+00 -3.346491563423534005e-03 9.982798367567577991e-01 5.843582451696596042e-02 9.761699925781669451e-01 1.126047606333659551e-01 -5.768444189348507362e-02 9.919369164654274762e-01 1.478291029953266644e+01
9.941749997151159146e-01 1.298548859436514380e-02 -1.068081317501231448e-01 6.970984320479828966e+00 -6.967511649652272966e-03 9.983820997837458133e-01 5.634303903663558794e-02 1.008970487177053288e+00 1.073688242190415504e-01 -5.526695841767102768e-02 9.926573723181550957e-01 1.576794908823447194e+01
9.947553087026541618e-01 1.375337320893321204e-02 -1.010796164478199449e-01 7.000623996359830237e+00 -8.332127723985397610e-03 9.985209634400006307e-01 5.357272353431379031e-02 1.056491059710124247e+00 1.016702439318925288e-01 -5.244332861317878292e-02 9.933993479363860679e-01 1.675228511260796438e+01
9.949990463180345968e-01 1.435349109120181987e-02 -9.863002896588927981e-02 7.009932308174771087e+00 -9.200790144453224045e-03 9.985842021677507896e-01 5.227506879629777864e-02 1.085020161848330833e+00 9.924338213084923921e-02 -5.110115332015253281e-02 9.937227503164000053e-01 1.788369060791899301e+01
9.954315125242578777e-01 1.454079383206269803e-02 -9.423192249279305210e-02 7.064443198626296549e+00 -9.831922640217302667e-03 9.986917802639414532e-01 5.011436240232962358e-02 1.116962500993919472e+00 9.483901616997340855e-02 -4.895564864679938927e-02 9.942726961529935181e-01 1.874798796458736305e+01
9.960879367413202345e-01 1.322154209749461067e-02 -8.717772330712517115e-02 7.149588386271274132e+00 -9.157732609256806489e-03 9.988642760664299125e-01 4.664398524880023628e-02 1.138882945442471595e+00 8.769793027768273130e-02 -4.565859844014098085e-02 9.950783143071184611e-01 1.986866680978298305e+01
9.969002143373594249e-01 1.210674215687740883e-02 -7.748003428607913579e-02 7.164996840358413444e+00 -8.874818747026353566e-03 9.990867136221625033e-01 4.166676465607153240e-02 1.168842715582195213e+00 7.791638616803209239e-02 -4.084477800048675472e-02 9.960979328421754042e-01 2.066423720582445611e+01
9.977027665246068766e-01 1.105585388587274759e-02 -6.654142370599473721e-02 7.181377393766172901e+00 -8.656518784131123079e-03 9.993107900683317890e-01 3.593154033997784935e-02 1.189589288489185659e+00 6.689587644176347991e-02 -3.526731341676894033e-02 9.971115711994200659e-01 2.165450524433510537e+01
9.982291301045235210e-01 9.563228118435256400e-03 -5.828918715258214756e-02 7.243788707224891432e+00 -7.703282830842038062e-03 9.994631787341071716e-01 3.162178706649543952e-02 1.201604494488086150e+00 5.856390055544028611e-02 -3.110984636136982298e-02 9.977679033920521245e-01 2.221831095307101833e+01
9.990472706009069226e-01 6.256749165031488293e-03 -4.249461138766445073e-02 7.233155780249812317e+00 -5.245227402030080109e-03 9.997095018296476843e-01 2.312750285577575005e-02 1.210608879352492506e+00 4.263133454425177549e-02 -2.287458122421522078e-02 9.987909136694519407e-01 2.310755400990882080e+01
9.993797007681435307e-01 4.323266230743888494e-03 -3.462843956318863853e-02 7.282356921307296282e+00 -3.658107696673309605e-03 9.998112169316295539e-01 1.889932068766036338e-02 1.209205749650080541e+00 3.470503173724258372e-02 -1.875832967665769582e-02 9.992070286579542993e-01 2.367116701861679573e+01
9.997752253861631466e-01 2.058044855662223994e-03 -1.989571154931601971e-02 7.315345091521405330e+00 -1.815381515390976884e-03 9.999318035905025992e-01 1.086815519263612841e-02 1.205322614368166345e+00 1.991933362273394861e-02 -1.082484114469184008e-02 9.997111700856821104e-01 2.459488598062275244e+01
9.998322779818604733e-01 1.235970137061547522e-03 -1.705404928109618273e-02 7.359670389669188850e+00 -1.054001098337192929e-03 9.999496488538023309e-01 9.314067512047018160e-03 1.200857698488639658e+00 1.706625662858521700e-02 -9.291660046778860496e-03 9.997835553039248202e-01 2.513059874690392448e+01
9.999711017257310042e-01 -2.121453665301078421e-04 3.839844430313504257e-03 7.425064216612739187e+00 2.435677430406588486e-04 9.999913233737748319e-01 -2.092287024923430040e-03 1.178735648453385521e+00 -3.837976925063594190e-03 2.095700294723341472e-03 9.999625922573669445e-01 2.603765467970518444e+01
9.995931684346455182e-01 -2.645680686870665894e-03 2.801064549746149629e-02 7.428638595021030078e+00 3.083467422119483357e-03 9.998767687805997229e-01 -1.518043037564448250e-02 1.146271593903109620e+00 -2.796585015548216230e-02 1.526281093519769004e-02 9.994783388276934355e-01 2.681722397251194323e+01
9.982609726583464571e-01 -5.700575815308222237e-03 5.837007594982241560e-02 7.484724726679253592e+00 7.570554710289549571e-03 9.994684750385010030e-01 -3.153844576928027665e-02 1.112201357568074922e+00 -5.815716289785673870e-02 3.192939767805482582e-02 9.977739779012974042e-01 2.768630573214491264e+01
9.963795151096064284e-01 -4.837361020427586797e-03 8.476665335713760852e-02 7.500245218732149333e+00 8.771766533071684302e-03 9.989009045670220743e-01 -4.596998144311757045e-02 1.073093538839645200e+00 -8.445017959575615296e-02 4.654871597033730796e-02 9.953269015857313384e-01 2.851583439348923221e+01
9.942669384770731478e-01 -5.427901408103666912e-03 1.066566291964395063e-01 7.634723642036492564e+00 1.164126180815379906e-02 9.982690970626060256e-01 -5.755863927511642442e-02 1.018011093997147842e+00 -1.061583378516682413e-01 5.847234757148007250e-02 9.926092352847535327e-01 2.935863913619014909e+01
9.928149041721363588e-01 -8.905056837882792398e-03 1.191899961364804167e-01 7.756928497855490434e+00 1.655160047236864038e-02 9.978606373352167935e-01 -6.318006909189990972e-02 9.585827482978166447e-01 -1.183707136928004305e-01 6.470233924935774039e-02 9.908386143573627569e-01 3.012112796441563134e+01
9.925084592447008802e-01 -8.971597665085279810e-03 1.217219135653299922e-01 7.938609172778050116e+00 1.682908072740849081e-02 9.978325761348153522e-01 -6.355851094466052897e-02 9.076264293037427100e-01 -1.208861672647177227e-01 6.513435323687877254e-02 9.905084690913095180e-01 3.088131508851769880e+01
9.928463020987553511e-01 -1.267725633835654377e-02 1.186283873579208614e-01 8.066450425602424090e+00 1.997208191637574876e-02 9.979707088446707619e-01 -6.039591636229843519e-02 8.468052227895669359e-01 -1.176201473217008131e-01 6.233632555708398804e-02 9.910851115541329248e-01 3.162494805107035489e+01
9.934477474016499832e-01 -1.663408557496945037e-02 1.129711799300002206e-01 8.224651667753525075e+00 2.307785420388712774e-02 9.981677281480260122e-01 -5.585986049890515059e-02 7.809209887440586861e-01 -1.118323629798637503e-01 5.810569525674071784e-02 9.920124994373542560e-01 3.235373440030399195e+01
9.928156613628225102e-01 -1.976282874425715902e-02 1.179122676130160419e-01 8.334895097577309286e+00 2.663953050780737755e-02 9.980193048192161909e-01 -5.694822122392413644e-02 7.147610927366866429e-01 -1.165516092599034048e-01 5.968414555925291576e-02 9.913763852126149523e-01 3.317775044036167031e+01
9.917097326141711688e-01 -2.187592044695612845e-02 1.264655385835129209e-01 8.449737217695890479e+00 2.969853294525627921e-02 9.977417300296891334e-01 -6.016064459056380542e-02 6.478191060740552398e-01 -1.248599683619759509e-01 6.342621564300279791e-02 9.901217275683896757e-01 3.398815713315062936e+01
9.911043243012523929e-01 -2.310448224299388106e-02 1.309849898363082965e-01 8.569376336178926579e+00 3.138815247279504173e-02 9.976133736609137381e-01 -6.147230313463353246e-02 5.847682346236433570e-01 -1.292504979653572583e-01 6.504116182566060944e-02 9.894649754921187590e-01 3.476032760738857519e+01
9.901243891482144344e-01 -1.708203400315585346e-02 1.390677708366974408e-01 8.703250125122000469e+00 2.645067699842626116e-02 9.974845167998642737e-01 -6.570174084715552087e-02 5.225411622555531377e-01 -1.375937325015873514e-01 6.873430494652832401e-02 9.880859888425709281e-01 3.557344210354386149e+01
9.899804519174978390e-01 -1.423579560143042357e-02 1.403869327862372618e-01 8.805857488324836169e+00 2.371375935418112632e-02 9.975359025859078521e-01 -6.598271657041358818e-02 4.625361877420482437e-01 -1.390998675664294193e-01 6.865469765546532155e-02 9.878790865518926045e-01 3.630572173515776058e+01
9.892756109631636319e-01 -1.638133243140172876e-02 1.450147672964746115e-01 8.947401412206936300e+00 2.633215337917511889e-02 9.974114358437033978e-01 -6.687369323119653208e-02 4.008719355185846878e-01 -1.435421600587138691e-01 6.997990195559730675e-02 9.871466333460261477e-01 3.710389578599123439e+01
9.883946374222833953e-01 -1.904644178946625355e-02 1.506630507600752455e-01 9.044420190858287967e+00 2.964815876064761171e-02 9.972159977413107557e-01 -6.837289711807256753e-02 3.232945119286995683e-01 -1.489393705827765924e-01 7.204950213494860922e-02 9.862081695773118328e-01 3.791382915121640451e+01
9.873358306150452623e-01 -1.967273379475461062e-02 1.572813053231059133e-01 9.192153833955952535e+00 3.116542313055311111e-02 9.969979615239006332e-01 -7.083687330335849963e-02 2.581668995280635981e-01 -1.554136268750549166e-01 7.484713114953744917e-02 9.849854322186593070e-01 3.874220298865453316e+01
9.873089256079730092e-01 -1.846378214871758489e-02 1.576818721382559907e-01 9.297548756898903477e+00 3.004837239168283922e-02 9.969960942329754161e-01 -7.135174237868223412e-02 1.759703284249714561e-01 -1.558888342988108966e-01 7.518843833866750703e-02 9.848988099243717320e-01 3.962420490874340118e+01
9.877351302970076574e-01 -2.102469186549523264e-02 1.546286071604675849e-01 9.459848688790232885e+00 3.215843258546958322e-02 9.970412077287056363e-01 -6.977991438866711083e-02 1.041241365909374439e-01 -1.527020431534096001e-01 7.390120554201301539e-02 9.854892292769906748e-01 4.049197510409936029e+01
9.885821706379052110e-01 -1.964748479864489306e-02 1.493427450688649960e-01 9.557755351871037419e+00 3.007742601826463372e-02 9.972399048658578957e-01 -6.784519412616196732e-02 2.461379771505069897e-02 -1.475960688909263574e-01 7.156516392521938830e-02 9.864449561658539256e-01 4.137696472736543996e+01
9.896842683846698296e-01 -1.742116912929234790e-02 1.421287461816311271e-01 9.670191116512839358e+00 2.696909838692196359e-02 9.974880615721988253e-01 -6.545366747697455023e-02 -5.258726149371775738e-02 -1.406293717276250466e-01 6.861563939512502208e-02 9.876686686927287351e-01 4.228695271321900151e+01
9.903815380058340612e-01 -1.586317998762410905e-02 1.373993495505933804e-01 9.772715071435920109e+00 2.488575851756160556e-02 9.976282480202652847e-01 -6.415336239440090627e-02 -1.280636019388750324e-01 -1.360549343386565635e-01 6.695761860741433757e-02 9.884274250105831161e-01 4.324508129503843890e+01
9.913327808932301810e-01 -1.332657422051277546e-02 1.305673558382863253e-01 9.884231857202472327e+00 2.159734794949689368e-02 9.978379179432481649e-01 -6.200089682221070903e-02 -2.026246685214176113e-01 -1.294569672426384432e-01 6.428701988290286273e-02 9.894774272888576805e-01 4.415052892735842249e+01
9.919834293859450813e-01 -9.841712650614044267e-03 1.258967113328742782e-01 9.989668686732009917e+00 1.761500346224969746e-02 9.979983541134344049e-01 -6.070098830917711880e-02 -2.763078624016873097e-01 -1.250463350103381832e-01 6.243424496534490109e-02 9.901713599065351534e-01 4.514745681337748096e+01
9.922340794353116111e-01 -5.411359820074805940e-03 1.241641841945457375e-01 1.009838723734455002e+01 1.303358510977751204e-02 9.980766090968856696e-01 -6.055551556007410241e-02 -3.316288383450706201e-01 -1.235967265235583257e-01 6.170548835164387652e-02 9.903961820236806268e-01 4.607300928939277895e+01
9.924465063018902411e-01 -2.479412398876437804e-03 1.225003196123339994e-01 1.021225034603679660e+01 9.924798904274454228e-03 9.981413275869214230e-01 -6.006621099736237507e-02 -4.040381715298671517e-01 -1.221228155062793752e-01 6.083029833487831051e-02 9.906263317987497041e-01 4.706668995095890295e+01
9.922795438430066506e-01 -8.125053447823591714e-04 1.239169965951963520e-01 1.032197393238959116e+01 8.407182325120726371e-03 9.981190910068110655e-01 -6.066792566171065604e-02 -4.705338491354121300e-01 -1.236342309730491945e-01 6.124209170731458735e-02 9.904197559964350583e-01 4.805874920494213853e+01
9.923172455120754520e-01 -9.985982045736677484e-04 1.236245423777878188e-01 1.043343158281470195e+01 8.517228069466762155e-03 9.981464696468304032e-01 -6.018370533161861852e-02 -5.371546105553569594e-01 -1.233347740900482686e-01 6.077507561790546770e-02 9.904862231383660953e-01 4.904950232872435123e+01
9.924178147498842195e-01 -6.060897407110159372e-04 1.227836499892517030e-01 1.056390517070851232e+01 7.986144523097604003e-03 9.981926773499397720e-01 -5.951569750429482053e-02 -6.114432330460406462e-01 -1.225252135381955793e-01 6.004609053385131373e-02 9.906291843757012439e-01 5.007858067207241248e+01
9.924332894150760254e-01 -9.087581798310369590e-04 1.226316242129184969e-01 1.068426397562842745e+01 8.237579046064973098e-03 9.982123589520844886e-01 -5.911844225895613453e-02 -6.880126111352816709e-01 -1.223580076013956464e-01 5.968266200054883619e-02 9.906668649842801377e-01 5.111957743301612567e+01
9.925128780183622990e-01 -2.963591189407267876e-04 1.219946391028954025e-01 1.079723331264263209e+01 7.506424789860632017e-03 9.982546356048850322e-01 -5.851380448409958940e-02 -7.643555204713864404e-01 -1.217639173797394891e-01 5.899248755499484492e-02 9.907831798887157815e-01 5.214494065548709756e+01
9.925725454995389940e-01 1.839747962766134044e-03 1.215306684729738351e-01 1.090782676258262462e+01 5.282701655646373888e-03 9.982905828583655827e-01 -5.815370869760497219e-02 -8.443343641006891831e-01 -1.214297084537658000e-01 5.836425208164524453e-02 9.908663194837400434e-01 5.321201737970793033e+01
9.925074968820809529e-01 2.255252238973629638e-03 1.219888246227641554e-01 1.101565113280824804e+01 4.889652259828345879e-03 9.982954953279048471e-01 -5.808457098751991510e-02 -9.228390530777287326e-01 -1.219116400537897521e-01 5.824645875415679352e-02 9.908048621563169123e-01 5.422976649055786424e+01
9.926838380584399602e-01 3.460117862710796431e-03 1.205886971557791759e-01 1.113460315289106362e+01 3.485707028021011507e-03 9.983514132676076791e-01 -5.724894471447004168e-02 -1.009185921354786686e+00 -1.205880190807868957e-01 5.725041769143450476e-02 9.910353138976465415e-01 5.529562332728244911e+01
9.929860308701426996e-01 3.858805052558674301e-03 1.180994973340704357e-01 1.126353244515440899e+01 2.774548356875347795e-03 9.984314560114900816e-01 -5.587475921053983163e-02 -1.084836598867324309e+00 -1.181299368761130619e-01 5.581038891880856639e-02 9.914179251438192120e-01 5.632789911119765947e+01
9.934226235484776568e-01 3.126978012919004717e-03 1.143928033899048041e-01 1.138278512889404581e+01 3.049724590425591849e-03 9.985500326437177776e-01 -5.370820061436775567e-02 -1.163221441141468748e+00 -1.143949005823374082e-01 5.370374260781692055e-02 9.919725347143295568e-01 5.736454761498776378e+01
9.938692194943826719e-01 2.357446545466798920e-03 1.103101129560090793e-01 1.151716607887671628e+01 3.368606764350726493e-03 9.986628913882059644e-01 -5.147595842743069028e-02 -1.237916890364526790e+00 -1.102838247587932113e-01 5.153229375756305380e-02 9.925322168342392004e-01 5.841906964434714666e+01
9.941389867815889625e-01 2.769538876932317335e-03 1.078375731800376297e-01 1.161214534979023938e+01 2.689156227409774443e-03 9.987291288421780155e-01 -5.022225090153885352e-02 -1.318157845131407546e+00 -1.078395672601245026e-01 5.021797754384772772e-02 9.928680160443241753e-01 5.944196882653365321e+01
9.942440717122550398e-01 2.319346598112346450e-03 1.069118112224501232e-01 1.171088012837774706e+01 3.047134317863331530e-03 9.987491271903365941e-01 -4.981405055310777347e-02 -1.396664310038453483e+00 -1.068935720921955629e-01 4.985324205794593178e-02 9.929931530642666093e-01 6.047000642382960223e+01
9.944351068830010743e-01 2.567978131619892343e-03 1.052339819396101439e-01 1.182366457979662044e+01 2.623602402043465846e-03 9.987891969053256380e-01 -4.908737505236997894e-02 -1.476600326219397186e+00 -1.052326216633169276e-01 4.909030698896012929e-02 9.932242225941197988e-01 6.150978915313821460e+01
9.943275880134879730e-01 3.723624590935436032e-03 1.061360768493360834e-01 1.191163834131244315e+01 1.590691176162560647e-03 9.987546495505564836e-01 -4.979173581718657204e-02 -1.549205663134773925e+00 -1.061894955509739835e-01 4.967773352703271778e-02 9.930832859650086109e-01 6.250559073079506334e+01
9.939331177769373804e-01 5.392416446976532746e-03 1.096487537092928066e-01 1.201954607730639957e+01 3.132191688993383061e-04 9.986546956604285263e-01 -5.176233842774473348e-02 -1.622806884306865038e+00 -1.097808335209925906e-01 5.148161407334612277e-02 9.925941142436035536e-01 6.350870870835009896e+01
9.935254286540693425e-01 6.787062694830771868e-03 1.133542684671439843e-01 1.215103508419556988e+01 -6.788489894823894867e-04 9.985507559937660815e-01 -5.376019365343547712e-02 -1.693715642020204637e+00 -1.135553616254297710e-01 5.333441021857215220e-02 9.920901990954510419e-01 6.453678861543832568e+01
9.929945839575532451e-01 6.976394063305002211e-03 1.178314796878831422e-01 1.227991652782153409e+01 -4.222213862799295602e-04 9.984586166017441755e-01 -5.543789566626047827e-02 -1.759396156580369963e+00 -1.180371167721946113e-01 5.499877744731745954e-02 9.914670288756699534e-01 6.557021069085618592e+01
9.925929543208545924e-01 3.723064127313620471e-03 1.213033767269931229e-01 1.242967069061482199e+01 3.051444694267047442e-03 9.984509543531069342e-01 -5.550908761946165421e-02 -1.828450161652777517e+00 -1.213221353748561299e-01 5.546810280673760557e-02 9.910440611060069571e-01 6.659972571960814491e+01
9.920976390491825780e-01 7.982771426926301220e-03 1.252059267821016009e-01 1.255428040465535311e+01 -9.741951762656941719e-04 9.984339364432007757e-01 -5.593453367171486584e-02 -1.903958694466326262e+00 -1.254563765482518412e-01 5.537052848223789764e-02 9.905519368138304692e-01 6.757854489630518913e+01
9.913270580380032504e-01 6.715768394122985548e-03 1.311811104663660743e-01 1.266556773258217561e+01 7.664507940783268653e-04 9.983809906117339095e-01 -5.685424762017853018e-02 -1.993179442744851926e+00 -1.313506757305406836e-01 5.646145586425571627e-02 9.897169048109564216e-01 6.859627846843729060e+01
9.906094210274861700e-01 5.837666394547318463e-03 1.365111908191716794e-01 1.278856261697119834e+01 2.159581254083902616e-03 9.982953636557401200e-01 -5.831112435483574996e-02 -2.065573484543267835e+00 -1.366188701885495405e-01 5.805833100808509284e-02 9.889082803688064027e-01 6.959295261169208402e+01
9.898492440008836990e-01 9.274141604102862854e-03 1.416633500260572887e-01 1.291225380856730176e+01 -7.342844195346525478e-04 9.981889481476469150e-01 -6.010899547082589056e-02 -2.152633414674880896e+00 -1.419647421189109970e-01 5.939346345770076668e-02 9.880635639473559495e-01 7.055190324977209571e+01
9.895085099560531061e-01 9.947619262596624559e-03 1.440363442340978628e-01 1.304686516170579047e+01 -1.224946698128749666e-03 9.981684702227693329e-01 -6.043242244315540773e-02 -2.234421133353778455e+00 -1.443742834384200424e-01 5.962073217781670847e-02 9.877085069007982554e-01 7.155226414620071296e+01
9.889859698602561089e-01 9.706149877505261883e-03 1.475470453210654953e-01 1.320630587037559422e+01 -6.476645293364164399e-04 9.981216861011746877e-01 -6.119861324443260503e-02 -2.306339719038937641e+00 -1.478643142091711216e-01 6.042806292284548519e-02 9.871346140313976836e-01 7.254049248919842796e+01
9.890858171456908821e-01 7.682073085074778152e-03 1.470479033050111350e-01 1.336373882394076062e+01 7.756738343569068595e-04 9.983544916401312364e-01 -5.729841805116028114e-02 -2.383023317384215023e+00 -1.472464100637412565e-01 5.678643708567603088e-02 9.874523074861508709e-01 7.352940212059631619e+01
9.892156557756199842e-01 6.536541796941059898e-03 1.462278432524974359e-01 1.349869347952974152e+01 8.571282316725684688e-04 9.987281792439937078e-01 -5.038798676778818986e-02 -2.454872229083823854e+00 -1.463712923537145716e-01 4.996972085301434191e-02 9.879519870285736749e-01 7.452080951714715695e+01
9.883782797659246278e-01 5.505025939737937836e-03 1.518656526490433645e-01 1.365322545766069595e+01 1.236144947785170227e-03 9.990199317227510534e-01 -4.422434725308661829e-02 -2.524925929354687959e+00 -1.519604064085411654e-01 4.389777275985073252e-02 9.874027924442775328e-01 7.547555817202594142e+01
9.881371425951551712e-01 6.253798327929444532e-03 1.533989906729169017e-01 1.380361027252867245e+01 7.218925126142633399e-04 9.989702684105133956e-01 -4.534932718970977050e-02 -2.608217720847920695e+00 -1.535247857573718844e-01 4.492166397645964981e-02 9.871151894543840344e-01 7.643940397963632449e+01
9.879064147673056739e-01 6.989884687308146188e-03 1.547839146468836524e-01 1.393934970318287014e+01 5.941498981005802118e-04 9.988053426145468983e-01 -4.882992431185080584e-02 -2.686305308801274716e+00 -1.549404948100999990e-01 4.833070418503784826e-02 9.867219756045978452e-01 7.740022809283382799e+01
9.876209921124928792e-01 2.548620317847190763e-04 1.567333146021351320e-01 1.409748970017720282e+01 7.727770924486934180e-03 9.987052425091952346e-01 -5.025582726376191106e-02 -2.741516048257856220e+00 -1.565428927928728953e-01 5.084608464235172015e-02 9.863403865865031372e-01 7.836190792126005533e+01
9.878123936312670494e-01 -2.534629587771067543e-03 1.554590578579254645e-01 1.426258249214221685e+01 1.045896135472049182e-02 9.986883607572916155e-01 -5.007425799875033640e-02 -2.811239099660734375e+00 -1.551276670619230746e-01 5.109199276649890875e-02 9.865432834303501375e-01 7.929815660717173387e+01
9.881645239515400858e-01 -2.517915147201560747e-03 1.532622678226679136e-01 1.441336982999264471e+01 1.005606464099927967e-02 9.987777528883573508e-01 -4.834738720566641307e-02 -2.877409234740958777e+00 -1.529527895863487807e-01 4.931763244747485592e-02 9.869821215823439964e-01 8.027193134957015275e+01
9.882022036188385927e-01 -2.441185366586814086e-03 1.530719959661004659e-01 1.455939158677163370e+01 9.500179818012851121e-03 9.989245130026865871e-01 -4.535500458369145366e-02 -2.924459362215797054e+00 -1.527963374231846305e-01 4.627503003783693669e-02 9.871625814360313056e-01 8.123097937330217633e+01
9.885247124822627018e-01 -1.881335120931073787e-03 1.508991759378453812e-01 1.470735019733111848e+01 8.235579779109276910e-03 9.991064978219085235e-01 -4.141104103369268319e-02 -2.973827307359656835e+00 -1.506860491619356757e-01 4.218003412396537782e-02 9.876568827858863697e-01 8.217906545139848618e+01
9.887164405414580193e-01 8.021996912639202046e-03 1.495700137845672184e-01 1.482845915438428186e+01 -2.233876406435642177e-03 9.992436160236241038e-01 -3.880692030712365459e-02 -3.052385992930452208e+00 -1.497682663255489877e-01 3.803495623918828200e-02 9.879864890358091012e-01 8.312514044634033894e+01
9.887308243554282505e-01 1.373752997805565736e-02 1.489596386893475843e-01 1.494588864189678112e+01 -8.265249926912427575e-03 9.992710802565245576e-01 -3.723662164456793128e-02 -3.091303351658993837e+00 -1.493632693694189051e-01 3.558326742931293418e-02 9.881237529464886871e-01 8.408617415177876353e+01
9.892645117941463173e-01 1.222873524575256339e-02 1.455307472936972490e-01 1.508326671406026875e+01 -7.176328733343340961e-03 9.993555801953805107e-01 -3.515935704851621407e-02 -3.158961154072366551e+00 -1.458672222203502289e-01 3.373589960604574112e-02 9.887147649974727948e-01 8.502334437015268520e+01
9.895804859702418410e-01 9.510188637164738654e-03 1.436483513548014179e-01 1.522191322385721968e+01 -4.586288747448903982e-03 9.993918633936609286e-01 -3.456076010235247659e-02 -3.230126516239068213e+00 -1.438898428856846823e-01 3.354125302699582922e-02 9.890222714361158740e-01 8.595416810621061643e+01
9.904289833813800792e-01 7.451819376687621350e-03 1.376558355405010092e-01 1.534267941599828156e+01 -2.739106939680692465e-03 9.994059840164811748e-01 -3.431368031524849316e-02 -3.275554192507923457e+00 -1.378302442379164550e-01 3.360645276102748602e-02 9.898610083826262507e-01 8.690878275490388205e+01
9.917413881845444923e-01 3.522590926608924061e-03 1.281139907266807543e-01 1.545729571266779701e+01 7.006116437955759498e-04 9.994590548646826722e-01 -3.285704929382370076e-02 -3.334294018665716841e+00 -1.281605436628766304e-01 3.267517925194522027e-02 9.912022988598000461e-01 8.784021758014525005e+01
9.927342636036293744e-01 -4.115026951904174335e-03 1.201099997328520935e-01 1.557744533298721734e+01 7.950706272285685411e-03 9.994741969136057280e-01 -3.139930690675554747e-02 -3.387803636951918218e+00 -1.199172203997588976e-01 3.212795571444496123e-02 9.922450387999343091e-01 8.877039694658459723e+01
9.940123046591267109e-01 -2.376104725473552302e-03 1.091376267426944352e-01 1.566700564429024389e+01 5.660650201379457958e-03 9.995409299281597937e-01 -2.974093883801704613e-02 -3.439435141715463828e+00 -1.090166561463418032e-01 3.018148887916334566e-02 9.935693011182801238e-01 8.971591733716212502e+01
9.952947863556738106e-01 1.395941089292008185e-03 9.665829704584978643e-02 1.573205577682070277e+01 1.270919296098661994e-03 9.996220454736247651e-01 -2.740373345165719038e-02 -3.477962060794768107e+00 -9.666004414581449988e-02 2.739769014805567074e-02 9.949167019345873664e-01 9.064311867011009838e+01
9.965395138201588177e-01 2.928148233749261475e-04 8.286391219206999670e-02 1.580717784281981331e+01 1.695642084255120485e-03 9.997140935741876122e-01 -2.377985617463871174e-02 -3.527209293350351604e+00 -8.284710916509163692e-02 2.383845618280371059e-02 9.962540291527424152e-01 9.158559568567459053e+01
9.973796274418884611e-01 8.267712400320152222e-04 7.204461195846530164e-02 1.586492851847596519e+01 7.055985693369633055e-04 9.997759608554651622e-01 -2.107052784631665773e-02 -3.567595174096311883e+00 -7.204595739408947708e-02 2.106612968228250421e-02 9.971554463820596625e-01 9.252897215986280344e+01
9.981930699406665886e-01 1.445342738079111351e-03 5.966463762603848447e-02 1.589770775391202662e+01 -3.716088316020706227e-04 9.998399764615426566e-01 -1.775992158197108040e-02 -3.604222547200190085e+00 -5.968101705117104944e-02 1.770488681493644079e-02 9.980338815076421621e-01 9.344347360505501854e+01
9.989110811020507352e-01 1.390631150090664047e-04 4.604448726780884654e-02 1.593807371040717413e+01 5.206983813653981311e-04 9.999000351337848924e-01 -1.394824658563976506e-02 -3.652205914911587747e+00 -4.604175697364937259e-02 1.395727429326714709e-02 9.988111352747847116e-01 9.439423716239242879e+01
9.993991359586916756e-01 3.487839553961352766e-04 3.404037820797966435e-02 1.594309304804271221e+01 2.659769842293116946e-05 9.999413491547733956e-01 -1.063928022887954128e-02 -3.691772776562741498e+00 -3.404216201562487720e-02 1.063360073785227580e-02 9.993404640976560893e-01 9.530708733611787409e+01
9.996828038399714345e-01 8.223794288362587751e-05 2.451561447095160218e-02 1.595911685653120138e+01 1.224028094800818126e-04 9.999669715144630100e-01 -7.906876218721950456e-03 -3.708243148602823780e+00 -2.451544572891031087e-02 7.907394267571444049e-03 9.996498104648102734e-01 9.621176498659778531e+01
9.999153278966926850e-01 2.426246848147325767e-04 1.166438773313097609e-02 1.596029501534830253e+01 -1.871821160288199184e-04 9.999908807324284776e-01 -3.826440820967832741e-03 -3.728755270740790717e+00 -1.166540472889471269e-02 3.823324912069381298e-03 9.999063943677052313e-01 9.714802560960782785e+01
9.999809065707511158e-01 1.062338520259682631e-05 1.342638339097765223e-03 1.594073150173648834e+01 1.834436911918261138e-06 9.999979355969262906e-01 -4.403500546225027528e-04 -3.745120210786104131e+00 -1.342671345237718980e-03 4.402269838263648269e-04 9.999788981391770637e-01 9.807595145083388388e+01
9.998647927352501963e-01 3.808800739225280912e-04 -1.488145133942425126e-02 1.592740214035427115e+01 -2.936142303240453022e-04 9.999858014248834692e-01 4.812957352016653326e-03 -3.762292776365150360e+00 1.488343588413930385e-02 -4.806836439012865218e-03 9.998508461741867359e-01 9.900663744683926382e+01
9.997361511212384810e-01 5.028077691482342243e-04 -2.172195083585454559e-02 1.589363006899333897e+01 -3.347442547961522138e-04 9.999730983036565490e-01 6.931522770411428953e-03 -3.766368812003852096e+00 2.172519175132726910e-02 -6.921358624360480702e-03 9.997094860792556936e-01 9.993193648738476043e+01
9.995837503642209798e-01 9.169240718406210765e-04 -2.787927771633696636e-02 1.583662435152838022e+01 -6.569898747671489838e-04 9.999589966082483850e-01 8.728342719594812602e-03 -3.781679217038041774e+00 2.788661548991988592e-02 -8.704878440695611175e-03 9.995435138231242300e-01 1.008324738377818619e+02
9.994370266024201754e-01 1.766143518690044224e-03 -3.282184016797425052e-02 1.579955874899000889e+01 -1.426250492567077404e-03 9.999473773494403916e-01 9.961888218117576424e-03 -3.794587834500268819e+00 3.283837112109774109e-02 -9.907272194269079943e-03 9.993869059007396416e-01 1.017609368642769851e+02
9.993035882823060323e-01 2.487195391381431375e-03 -3.651943406306720763e-02 1.575040370457629102e+01 -2.083128232259033250e-03 9.999384997340099446e-01 1.068346510691350199e-02 -3.811045953373314088e+00 3.654471388849537400e-02 -1.059668238935970556e-02 9.992475302850758467e-01 1.026989139115850236e+02
9.991878076954271437e-01 2.941956870232617215e-03 -3.972465060003251697e-02 1.570371213928868137e+01 -2.487456175044469239e-03 9.999324682429565625e-01 1.122781240535767645e-02 -3.816716083483867372e+00 3.975571552227654543e-02 -1.111732258952960982e-02 9.991276455284437974e-01 1.036181828315164068e+02
9.989166832437210708e-01 3.528199240825851107e-03 -4.602626897152556351e-02 1.564347890838323885e+01 -2.941491147790879432e-03 9.999148943944334844e-01 1.260544155439009308e-02 -3.811370570568700877e+00 4.606748229234731984e-02 -1.245399396445672976e-02 9.988422318901966079e-01 1.045535114214953722e+02
9.984791818487359638e-01 4.142302466795609595e-03 -5.448487325235281536e-02 1.558516854833715470e+01 -3.334969975814321835e-03 9.998852619579370327e-01 1.464085080438018438e-02 -3.811555083963968027e+00 5.454026446153349000e-02 -1.443316681821363301e-02 9.983787584027998818e-01 1.054872465029428525e+02
9.981146588298271949e-01 4.318482486341142061e-03 -6.078150806959985858e-02 1.554885144420287446e+01 -3.326883481207710061e-03 9.998617583454980640e-01 1.617137309595263056e-02 -3.806160852423603913e+00 6.084382961083047853e-02 -1.593531164065195918e-02 9.979911497916856833e-01 1.064123190974824382e+02
9.977045634172918565e-01 4.485262023535483734e-03 -6.729027304487825156e-02 1.548252055779884984e+01 -3.276237678289804084e-03 9.998328113542884754e-01 1.791929774714807327e-02 -3.802002028345262019e+00 6.735997326905138194e-02 -1.765552239906377496e-02 9.975524541964680969e-01 1.073502352909298452e+02
9.972961911383720901e-01 5.006503067142888293e-03 -7.304997514549843585e-02 1.539441059874899942e+01 -3.609160070495359262e-03 9.998095310895216414e-01 1.910718395184902302e-02 -3.797481469772362672e+00 7.313234950222009811e-02 -1.878954155522124039e-02 9.971243097392696875e-01 1.082683812130213994e+02
9.967191709879354988e-01 6.781559292456000761e-03 -8.033828193532256690e-02 1.531757015799469990e+01 -5.162786397470318749e-03 9.997812113696080694e-01 2.018299781854949668e-02 -3.799181425516101829e+00 8.045854310341206406e-02 -1.969819609531733157e-02 9.965363646212163085e-01 1.091081084857480334e+02
9.960160619217529598e-01 7.935564018082369789e-03 -8.844160181390063602e-02 1.522802054938832406e+01 -6.115187760049637170e-03 9.997657365692367293e-01 2.067254259299041927e-02 -3.815213488588860891e+00 8.858606086834817928e-02 -2.004419347317162176e-02 9.958315895705339704e-01 1.100539307759014775e+02
9.954134282696356362e-01 8.192187830156598058e-03 -9.495115192790180847e-02 1.514295614576846027e+01 -6.334267478482681624e-03 9.997840672368304427e-01 1.970270599918041640e-02 -3.827570737570637149e+00 9.509318858454228474e-02 -1.900555431341140883e-02 9.952506813543435804e-01 1.109564646653558810e+02
9.945772054797066275e-01 7.809076858908077338e-03 -1.034516773818497937e-01 1.505554528757804533e+01 -5.951987675275082108e-03 9.998164577307410150e-01 1.816468156816592253e-02 -3.815800500388188521e+00 1.035751195948922260e-01 -1.744693908833754720e-02 9.944413735441608448e-01 1.118579036947469092e+02
9.935801368596673955e-01 8.219698668446778073e-03 -1.126334261203414538e-01 1.495044883614563602e+01 -6.003677341520725561e-03 9.997824588170443061e-01 1.993946133434627149e-02 -3.804779386707104027e+00 1.127732801082832331e-01 -1.913246033816440317e-02 9.934135774380652428e-01 1.127834052362128716e+02
9.928061595668523642e-01 9.993401633797851721e-03 -1.191073353626058290e-01 1.482707819802885751e+01 -7.362115249151528207e-03 9.997201526036141317e-01 2.243953069972360465e-02 -3.797735093506091619e+00 1.192988442373434793e-01 -2.139790201168897260e-02 9.926021501441396611e-01 1.136856667098335691e+02
9.919950139042026382e-01 1.066225844892174437e-02 -1.256707154378817748e-01 1.471075104772424424e+01 -7.886775131077546769e-03 9.997147588398734852e-01 2.250707422439050809e-02 -3.802039711603935501e+00 1.258754355445839135e-01 -2.133265460116850684e-02 9.917963107443885651e-01 1.145675379726443452e+02
9.911967219441957244e-01 9.129199198835121279e-03 -1.318818399135814057e-01 1.458247008069581874e+01 -6.543940707765789379e-03 9.997785766118133521e-01 1.996751096772386713e-02 -3.806873833772914661e+00 1.320353289424637810e-01 -1.892581250766682543e-02 9.910371521390290983e-01 1.154891263229246903e+02
9.901688709692416657e-01 8.718740340580743292e-03 -1.395631587885381719e-01 1.444036178062430231e+01 -6.333843205483717306e-03 9.998263992354410323e-01 1.751482660240478301e-02 -3.789927870778581731e+00 1.396916742662266120e-01 -1.645831765256787135e-02 9.900523133753347249e-01 1.163665765446358336e+02
9.892117609287152113e-01 1.005856017316212637e-02 -1.460792055833577407e-01 1.430092366723103758e+01 -7.435447023836598904e-03 9.998013902210580728e-01 1.847017519035250646e-02 -3.789303514436597187e+00 1.462362243730748468e-01 -1.718335276145251111e-02 9.890902481269604474e-01 1.172585786268794266e+02
9.877475087784746144e-01 7.834117764332678563e-03 -1.557555689310647085e-01 1.416622510538645230e+01 -4.807243019198937685e-03 9.997925867022227076e-01 1.977105361680855239e-02 -3.791358387252472983e+00 1.558783689837093256e-01 -1.877868454493384492e-02 9.875805085575415365e-01 1.181625490777119438e+02
9.866004687382096128e-01 3.269814525177910502e-03 -1.630334988881649849e-01 1.401999428786397317e+01 -1.872202429300416824e-06 9.997992929072325730e-01 2.001829903045028100e-02 -3.792910505125715925e+00 1.630662684568862653e-01 -1.974951528763685751e-02 9.864025197342578544e-01 1.190458948559397356e+02
9.854169957629005383e-01 2.451541297345902464e-03 -1.700381607155001806e-01 1.387151875936704570e+01 9.748009356070275666e-04 9.997984145250810029e-01 2.004049322252278789e-02 -3.798497446808151157e+00 1.700530374895333763e-01 -1.991384937555942466e-02 9.852160367411327835e-01 1.199378107348149882e+02
9.841062001317791852e-01 7.854926128035446750e-03 -1.772666232165229783e-01 1.370341982816615278e+01 -4.496794607631833009e-03 9.998031067280667150e-01 1.930892361075381425e-02 -3.788780060748221157e+00 1.773836054605485157e-01 -1.820306978934161865e-02 9.839478751660639677e-01 1.208230663317557116e+02
9.829489737690779716e-01 1.110323413545476028e-02 -1.834073079228779601e-01 1.352078825936809459e+01 -7.612660629911657817e-03 9.997766150718064848e-01 1.969062503156270710e-02 -3.780185118991151949e+00 1.835853476438197851e-01 -1.795577943538331778e-02 9.828141645961582240e-01 1.217511866560053591e+02
9.819831646290035909e-01 9.512148287981659137e-03 -1.885936335781970841e-01 1.334581328717458781e+01 -5.578276521867556181e-03 9.997561247950793595e-01 2.135412425627679356e-02 -3.790483021377340389e+00 1.887509744670206324e-01 -1.991541568380783903e-02 9.817968538788347521e-01 1.226597803169080834e+02
9.809602104008807721e-01 5.535015658356201920e-03 -1.940292758071839596e-01 1.317616461137594897e+01 -1.635011962759491070e-03 9.997936587103655182e-01 2.023278598190326322e-02 -3.770907498812869907e+00 1.941013253450434017e-01 -1.952966313716059457e-02 9.807669815471705688e-01 1.235199234658250873e+02
9.798414897937429702e-01 3.602377155642322304e-03 -1.996756736565594992e-01 1.299440920304884806e+01 2.540156708981520964e-04 9.998140276562043072e-01 1.927071963238318614e-02 -3.769768954023238194e+00 1.997080255247211944e-01 -1.893263399617413703e-02 9.796585904449502946e-01 1.244209312643449010e+02
9.785815189456723573e-01 3.979840203681418958e-04 -2.057906217245100977e-01 1.282411796634458767e+01 4.378428901782496080e-03 9.997316614546686298e-01 2.273365407490700318e-02 -3.768087044645232364e+00 2.057444801140949076e-01 -2.314780528345955837e-02 9.783171687588999577e-01 1.253198168575252396e+02
9.774886525105450641e-01 -8.844219876687070547e-03 -2.106572141320897928e-01 1.264128024643786397e+01 1.430606746844228887e-02 9.995997773587798063e-01 2.437912761561562489e-02 -3.748246665217529028e+00 2.103568918353936890e-01 -2.684736272668818841e-02 9.772241926778252319e-01 1.262057307695472588e+02
9.760446106703717373e-01 -1.060208355710443202e-02 -2.172007152185715662e-01 1.244685633577279127e+01 1.670845966007504166e-02 9.995148296969486035e-01 2.626933160438253700e-02 -3.755257617193411335e+00 2.168165364362563408e-01 -2.927175769455118981e-02 9.757484524320574337e-01 1.270938648428600857e+02
9.753238824340320079e-01 -9.071853177765291584e-03 -2.205379971268441042e-01 1.224924084715772743e+01 1.477310095705350323e-02 9.995975588673084999e-01 2.420536178018555667e-02 -3.736811791373792158e+00 2.202295538846452128e-01 -2.686804511471915097e-02 9.750657317791039391e-01 1.279615279905322609e+02
9.745119198914454772e-01 -8.935441929102389338e-03 -2.240515379646664806e-01 1.203271964287613294e+01 1.418956139405516161e-02 9.996606612881256959e-01 2.183038204093531304e-02 -3.727212430104433594e+00 2.237802621853352825e-01 -2.445522777283103133e-02 9.743083229227547104e-01 1.288271228287189842e+02
9.741544291970020142e-01 -6.168505734154840561e-03 -2.257345438650151248e-01 1.182104252070277717e+01 1.152933254771029183e-02 9.996818674678973338e-01 2.242135168833864906e-02 -3.727621170167779052e+00 2.255243258184127519e-01 -2.444539678482024123e-02 9.739157618411130590e-01 1.297062630464285746e+02
9.737291964419126922e-01 -4.514362572506806781e-03 -2.275764951182233931e-01 1.161487430285682443e+01 1.020777670179322423e-02 9.996637092216494880e-01 2.382723329654018105e-02 -3.724969808674759797e+00 2.273922839341645241e-01 -2.552533473922520210e-02 9.734479170331239439e-01 1.305819092374248669e+02
9.736075118928099181e-01 -5.603767028743485840e-03 -2.280671522741824775e-01 1.140227822675110225e+01 1.253893091755655005e-02 9.995020051907452796e-01 2.894172277939432297e-02 -3.719712695810855507e+00 2.277911997784151099e-01 -3.103844168396744166e-02 9.731930160661641516e-01 1.314441067556388703e+02
9.732905493553395404e-01 -3.404503947949236164e-03 -2.294871381474422323e-01 1.119124857232034564e+01 1.149993439128555589e-02 9.993577844523789944e-01 3.393175992731621571e-02 -3.706877472741400226e+00 2.292241081279815518e-01 -3.566563137862811123e-02 9.727046973507290639e-01 1.323129407343959087e+02
9.730028645982947699e-01 -3.401824796382354067e-03 -2.306542994247302580e-01 1.098844380033667889e+01 1.203691513785360573e-02 9.992784231123530425e-01 3.600642177706237651e-02 -3.694236638400036021e+00 2.303651280652545819e-01 -3.781258195214846213e-02 9.723420037818145678e-01 1.331851915553075116e+02
9.726621069393586172e-01 -4.576176173427050006e-03 -2.321009677106835867e-01 1.077626506481939828e+01 1.251889443212660276e-02 9.993852090330914706e-01 3.273425474324366535e-02 -3.679325997879657528e+00 2.318082755549549789e-01 -3.474652481813435972e-02 9.721215497082446033e-01 1.340295619922915193e+02
9.727882644032455062e-01 -5.092646220897892144e-03 -2.315516184545649558e-01 1.056680266500156407e+01 1.193849078074513126e-02 9.995319915532024924e-01 2.814355380033389809e-02 -3.673444384277837926e+00 2.312996028608216015e-01 -3.014441511822011852e-02 9.723939922239415168e-01 1.348780548230093359e+02
9.728092141092749001e-01 -3.333018980296213220e-03 -2.314897836687372923e-01 1.035412588890106811e+01 1.003930989280104810e-02 9.995634509915354293e-01 2.777152444644542112e-02 -3.654006808559832287e+00 2.312960182924658492e-01 -2.934124410440229133e-02 9.724182346527605603e-01 1.357372478549647781e+02
9.726155571186556603e-01 -1.263515618788475098e-03 -2.322762212229839696e-01 1.014049604714528385e+01 8.475533466561322934e-03 9.995129078208030426e-01 3.001712920878964533e-02 -3.646909206708952578e+00 2.321250975190127241e-01 -3.116447977442503639e-02 9.721525766827034953e-01 1.365821520956860127e+02
9.725026627923292200e-01 -5.332236168177025872e-03 -2.327265747407621932e-01 9.947038654663250767e+00 1.272298170104826757e-02 9.994611926764145338e-01 3.023343899680420999e-02 -3.639310992728726823e+00 2.324397221562727323e-01 -3.236486793013542557e-02 9.720466406707828355e-01 1.374313489696861552e+02
9.722110904174914303e-01 -5.551656324460637476e-03 -2.339186629551829599e-01 9.733773795880484414e+00 1.241918960751480817e-02 9.995341076093728905e-01 2.786987203168962007e-02 -3.639778577602088561e+00 2.336547469249296294e-01 -3.000273153365192250e-02 9.718272039735632584e-01 1.382848406518893398e+02
9.721422375780385261e-01 3.905891195187729138e-03 -2.342476709345658048e-01 9.520422388309036421e+00 2.163426898989509982e-03 9.996690357787983983e-01 2.562412024650695744e-02 -3.628855100728530569e+00 2.342702980602266172e-01 -2.541695552774224029e-02 9.718120310102288384e-01 1.391147063606419465e+02
9.719276867956946342e-01 7.840218462128883264e-03 -2.351045497316342769e-01 9.303057403980307782e+00 -2.538174550604488898e-03 9.997358200157957508e-01 2.283928375766832233e-02 -3.617872257798352642e+00 2.352215738440056603e-01 -2.160082632453359797e-02 9.716909210029934796e-01 1.399527778282362931e+02
9.722403607616734167e-01 5.645155401705652908e-03 -2.338480253204765491e-01 9.087722642561873343e+00 -1.067917054520439637e-03 9.998055259864178090e-01 1.968605153704726038e-02 -3.613729957916659075e+00 2.339137434909226432e-01 -1.888929959095559177e-02 9.720573542187060934e-01 1.407938095890507952e+02
9.718935663039974804e-01 4.012280096707462364e-03 -2.353725332261555336e-01 8.886328297699776613e+00 7.443326978070338371e-04 9.997973453475048622e-01 2.011044944457442141e-02 -3.619050833875518514e+00 2.354055501049176491e-01 -1.972017062942122215e-02 9.716937953225275315e-01 1.416211256113612080e+02
9.714541735181854154e-01 3.162547955590561035e-03 -2.371126406560207234e-01 8.680282624841764161e+00 1.300130224995831680e-03 9.998251572253680219e-01 1.865118022928921593e-02 -3.614448048196005736e+00 2.371302030199660404e-01 -1.842723006142939907e-02 9.712802095282058179e-01 1.424266685230822986e+02
9.711425780533459173e-01 -2.970086890634041272e-04 -2.384807661988081751e-01 8.466920501209086680e+00 5.450950871954636512e-03 9.997656458947216107e-01 2.094340690794352366e-02 -3.603351846976191375e+00 2.384186629276246749e-01 -2.163929030864387981e-02 9.709166890768350378e-01 1.432814776218148722e+02
9.704460298531422113e-01 -3.631620988206768486e-03 -2.412751876919134175e-01 8.259257092178577508e+00 1.007393114515620081e-02 9.996248261160322057e-01 2.546754628384797700e-02 -3.605527212677740678e+00 2.410921893893640533e-01 -2.714559532316008356e-02 9.701185056030915410e-01 1.441056263347201707e+02
9.700126849022016051e-01 -4.357415554768654525e-03 -2.429821497441593259e-01 8.051129267409999457e+00 1.248763280397849861e-02 9.994122464805154094e-01 3.191962168194298344e-02 -3.597657235905247219e+00 2.427001908181344036e-01 -3.399733878001610921e-02 9.694969374184001509e-01 1.449283244848492416e+02
9.692160315906951373e-01 -6.057148636402869685e-03 -2.460035840561310139e-01 7.837703038527191524e+00 1.455789695814975991e-02 9.993580494493600197e-01 3.271468042764399259e-02 -3.585714747154213011e+00 2.456473151001171695e-01 -3.529058373149014660e-02 9.686820763581690530e-01 1.457243017932468661e+02
9.679766404225081944e-01 -8.434755146790276492e-03 -2.508023788936722398e-01 7.618695917321091748e+00 1.615369100051423229e-02 9.994568501736063038e-01 2.870933137089053122e-02 -3.599428878892023675e+00 2.504237914031140488e-01 -3.184342885093534303e-02 9.675871945998085755e-01 1.465098787337333874e+02
9.664278982293457165e-01 -9.735909469424852344e-03 -2.567415408547990552e-01 7.385117580462971176e+00 1.699780380852097122e-02 9.995152173613018887e-01 2.606648029451613668e-02 -3.581139204755133143e+00 2.563630868176130506e-01 -2.955635309048287168e-02 9.661249939216817184e-01 1.473601301954388418e+02
9.641443300678369521e-01 -9.850661864099018172e-03 -2.652094447124173637e-01 7.155175132665057447e+00 1.708999063856131428e-02 9.995411510309955005e-01 2.500376865751377520e-02 -3.559910454248441880e+00 2.648415110861917499e-01 -2.863991143644795123e-02 9.638701395714865949e-01 1.481519455359211861e+02
9.614713779381627301e-01 -9.300243897200159357e-03 -2.746601115284573735e-01 6.925692153233152126e+00 1.802823381402917161e-02 9.994091649940930466e-01 2.925109264486645821e-02 -3.550844190921089716e+00 2.742256533442885003e-01 -3.307746657300793258e-02 9.610710490362807112e-01 1.489440782723813470e+02
9.586419929933707174e-01 -9.481968650684641925e-03 -2.844480425296718740e-01 6.683424820904167341e+00 1.941437924578215748e-02 9.992954276561247795e-01 3.211526210913366597e-02 -3.551662702431336971e+00 2.839429453894966593e-01 -3.631108811753909482e-02 9.581508028078411510e-01 1.497183532657259946e+02
9.545787401044161236e-01 -1.200371307500286942e-02 -2.976908525913393722e-01 6.419083711882890064e+00 2.207245319688634286e-02 9.992914382065881673e-01 3.046890706224182621e-02 -3.545944908676680107e+00 2.971139619038306590e-01 -3.565731461655120144e-02 9.541675437997442222e-01 1.505226184586241232e+02
9.499202891534934690e-01 -1.422782304401174445e-02 -3.122097981488317076e-01 6.155157396986711937e+00 2.451552596043093599e-02 9.992770071775297636e-01 2.905265401483427684e-02 -3.530709987389859972e+00 3.115706488645837435e-01 -3.525126537101749141e-02 9.495824535392772825e-01 1.513191648111669849e+02
9.455535374922551251e-01 -1.405940809150998602e-02 -3.250763594069808193e-01 5.887696793891989522e+00 2.521166719440974882e-02 9.992286940189945010e-01 3.011310370051906854e-02 -3.525981637087234777e+00 3.244022057183773566e-01 -3.667190553159317690e-02 9.451787727459527444e-01 1.520598833062664710e+02
9.410841624224659530e-01 -1.714176873346021437e-02 -3.376167757635469280e-01 5.616586896410519891e+00 2.825891470028223801e-02 9.992076085081762482e-01 2.802614456921583702e-02 -3.521715958229645338e+00 3.368685802984151545e-01 -3.592048099231952285e-02 9.408230695768654561e-01 1.527917392345840426e+02
9.361775038510483649e-01 -1.895985370695998234e-02 -3.509932945932410231e-01 5.322944252851657509e+00 2.858528563833463709e-02 9.993434220462309447e-01 2.226045895810651806e-02 -3.526541527033411505e+00 3.503406466874476322e-01 -3.087553139930732798e-02 9.361050935805652617e-01 1.535588585982119412e+02
9.314586994823423893e-01 -1.754050013378366177e-02 -3.634442350294643242e-01 5.026018711960251295e+00 2.391315610494441218e-02 9.996290012407091918e-01 1.304294768912269038e-02 -3.520302675087000122e+00 3.630805462265301875e-01 -2.084019960962191914e-02 9.315327125803241071e-01 1.542712843709983019e+02
9.266824757334607421e-01 -1.426711586857515139e-02 -3.756024997825473943e-01 4.738875485203613458e+00 1.671796966012772945e-02 9.998548637577021614e-01 3.266330440997753520e-03 -3.525873940136484030e+00 3.755013842561110704e-01 -9.307813079155841454e-03 9.267867757851740995e-01 1.549170510952633322e+02
