1.000000000000000000e+00 -3.306050084167601550e-19 -2.270457535318767223e-19 -8.673617379884035472e-19 7.546676715296109287e-19 1.000000000000000000e+00 6.237773588823049983e-19 1.387778780781445676e-17 -3.447385680526250622e-20 4.770700176052009879e-20 1.000000000000000222e+00 5.551115123125782702e-17
9.991212578318219295e-01 2.809624898868530972e-03 4.181593815262345248e-02 3.948175680470281113e-02 -2.801363803154381400e-03 9.999960209813083534e-01 -2.560626994375221036e-04 8.042979220975673971e-03 -4.181649330295615641e-02 1.386887460115665245e-04 9.991252186310228822e-01 1.145884195613000589e-02
9.993647041581498192e-01 3.957750064229479704e-03 3.540798937451013206e-02 2.661773065955507639e-02 -3.948932088624612473e-03 9.999921440579889742e-01 -3.188491927839752623e-04 -4.042791373917331565e-03 -3.540897969682703372e-02 1.787491091857291894e-04 9.993724403618949870e-01 2.651446489291723885e-01
9.979718922887740318e-01 5.279973661658629233e-03 6.344807415595928035e-02 5.518100200185405840e-02 -5.372464075868743985e-03 9.999847366945980864e-01 1.287882085925137190e-03 -7.566944012068949066e-03 -6.344030686780230410e-02 -1.626074749627124619e-03 9.979850099631614180e-01 4.137193379357186340e-01
9.955038895871130000e-01 5.813262253987700259e-03 9.456157096460743317e-02 1.245934937346425131e-01 -6.077603153982546330e-03 9.999783654873362071e-01 2.507765576156161750e-03 9.379974814749780787e-03 -9.454495102749777002e-02 -3.070997033859813180e-03 9.955177415876907965e-01 5.366393921462330185e-01
9.909456042150711630e-01 2.772726059505360805e-03 1.342396569918324067e-01 1.888382747627204150e-01 -3.506392456009681073e-03 9.999801690272783761e-01 5.228871484954913419e-03 1.786842378176403678e-03 -1.342225069066924903e-01 -5.652308466217362444e-03 9.909356988874724603e-01 7.859962084394354065e-01
9.851249319217850742e-01 -3.972474572914944796e-04 1.718652471783306546e-01 2.570176390539611888e-01 -6.320962310193466247e-04 9.999821605475694986e-01 5.934301907439198769e-03 3.700842650420685387e-03 -1.718645682468112335e-01 -5.954680122664156999e-03 9.851071552341978954e-01 9.470514659740987273e-01
9.761256107335507526e-01 -9.254618998636078174e-04 2.171638427825184625e-01 3.459803748044134042e-01 -6.949003064231694220e-04 9.999724959971746374e-01 7.381750729434252874e-03 3.650056657264297288e-03 -2.171647225821266014e-01 -7.356398648522383468e-03 9.760981336943846953e-01 1.178603332171240581e+00
9.642713455786664500e-01 1.315573224881018703e-04 2.649121168308251617e-01 4.358503286092142437e-01 -2.693246153235935927e-03 9.999530917013862430e-01 9.304228502463580616e-03 1.433029036180155646e-02 -2.648985004527446563e-01 -9.685079303741990844e-03 9.642264451547924997e-01 1.396248236533921494e+00
9.502473678502345589e-01 -4.456207126495475776e-03 3.115421037732787890e-01 5.657176392155546241e-01 -6.279882173611151149e-04 9.998682278558442826e-01 1.622088134282426153e-02 1.712844429359378084e-02 -3.115733669493989111e-01 -1.560981153857795602e-02 9.501193419617680602e-01 1.625352976976427222e+00
9.333362085638660099e-01 -1.413358180088485072e-02 3.587949603324408487e-01 6.966466305863968644e-01 5.778742734013127096e-03 9.996867365970169006e-01 2.435361529728036212e-02 5.862260620357329088e-03 -3.590268193003343655e-01 -2.065682954155010839e-02 9.331255266713927021e-01 1.845405842041606403e+00
9.114638583636374136e-01 -2.000989516045830960e-02 4.108427286751834551e-01 8.578290694795409621e-01 8.328885636769638168e-03 9.995091877477866316e-01 3.019969079442691787e-02 4.178006719319143913e-03 -4.112453989366990914e-01 -2.410342986451274871e-02 9.111832043654134461e-01 2.068293042146990057e+00
8.863741448283254387e-01 -2.192419986927049078e-02 4.623550307560069794e-01 1.049663124035362660e+00 6.959444268250781357e-03 9.993961662105049770e-01 3.403834048012431557e-02 1.118939232819489427e-02 -4.628222456521745576e-01 -2.695107575692141932e-02 8.859915831872438030e-01 2.311744432098598701e+00
8.585458586871810294e-01 -2.426807122876108169e-02 5.120904244118980042e-01 1.224314537915069501e+00 4.958887981662532876e-03 9.992255549152915250e-01 3.903422297368243366e-02 2.685955386263476352e-02 -5.126411062897793247e-01 -3.097314417868115427e-02 8.580012747863522415e-01 2.559211232514003065e+00
8.275062550307946685e-01 -2.879907366176519268e-02 5.607232839212213937e-01 1.461450585631497434e+00 5.462166832948806353e-03 9.990492571595945837e-01 4.325422021235252740e-02 3.243235484871596908e-02 -5.614359538416041628e-01 -3.272875788032778011e-02 8.268768570417885932e-01 2.740668668696653487e+00
7.902310914926006236e-01 -3.464444203404492412e-02 6.117678156368218101e-01 1.686006325606898004e+00 7.830650230031510964e-03 9.988899617221274063e-01 4.645733945285379640e-02 3.360024803364326101e-02 -6.126981145931092998e-01 -3.192017585151488840e-02 7.896253848117005258e-01 2.943887161741432834e+00
7.531186165466374760e-01 -3.947338106249261014e-02 6.568123104589036476e-01 1.950790318157080039e+00 9.376959522272243497e-03 9.987409718922268809e-01 4.927316513718125318e-02 4.939884002740982383e-02 -6.579308625783129028e-01 -3.094821260415808739e-02 7.525406052523895273e-01 3.190223825657863443e+00
7.134166288686204505e-01 -4.243343264421304412e-02 6.995046145486708555e-01 2.230443625975758959e+00 1.006172120842543233e-02 9.986821461047944437e-01 5.033241031647626984e-02 5.212822716546853391e-02 -7.007185289792063898e-01 -2.887002372968384273e-02 7.129035615286605232e-01 3.365312661878127720e+00
6.723774287798363058e-01 -4.414016920717937775e-02 7.389221709779684177e-01 2.550784258525265802e+00 9.660872205847661001e-03 9.986587732609120138e-01 5.086348171836229531e-02 7.120055843392705808e-02 -7.401763416102333792e-01 -2.706186560113399073e-02 6.719019230927661956e-01 3.575893810634380721e+00
6.284772149053656776e-01 -4.429103011653969663e-02 7.766657746138391216e-01 2.872711345695995178e+00 4.552427247190215728e-03 9.985699138837261790e-01 5.325543780983300196e-02 8.730499534080538027e-02 -7.779143778271909726e-01 -2.993207551920269369e-02 6.277799533680433752e-01 3.785932957020363698e+00
5.818222453124746174e-01 -4.486948594998292628e-02 8.120989886201525065e-01 3.077721919051839006e+00 1.151445592627604398e-03 9.985217895945920352e-01 5.434049374610493144e-02 1.003059607711611761e-01 -8.133363996599839441e-01 -3.068904897031778795e-02 5.810134274990919057e-01 3.987453387988068698e+00
5.484922782970358401e-01 -4.682038894447244914e-02 8.347660573927511152e-01 3.584176993926417421e+00 -5.732676778657691844e-04 9.984096028578928195e-01 5.637781214401933749e-02 1.224017496212145562e-01 -8.360780962422753593e-01 -3.139931847130440074e-02 5.475933557186980494e-01 4.193388017291337810e+00
5.054728873289141555e-01 -4.919250056691241296e-02 8.614624076697622312e-01 3.940087463395318679e+00 -1.393371959633959338e-03 9.983260113780119127e-01 5.780779759854337563e-02 1.371592195244584200e-01 -8.628640527890449885e-01 -3.042474025108522773e-02 5.045576128859390330e-01 4.405652840681536730e+00
4.709210050494477273e-01 -4.862868332267445554e-02 8.806821995559545035e-01 4.416671463586844482e+00 -4.765547323963617403e-03 9.983244213129635058e-01 5.767810582230870758e-02 1.570940685743039411e-01 -8.820113200187719160e-01 -3.135564112452145918e-02 4.699006751123507852e-01 4.586331526663776970e+00
4.354933069165698445e-01 -4.734149342945648958e-02 8.990040088046395983e-01 4.890948050211783915e+00 -5.663199707586243775e-03 9.984520021493794584e-01 5.532719893150284118e-02 1.835088503269649007e-01 -9.002326078050422176e-01 -2.917359698569392534e-02 4.345515261658318695e-01 4.788661644232377057e+00
4.015588523627564022e-01 -4.683435682049763571e-02 9.148463848375303353e-01 5.381389808995657553e+00 -4.768721602880234521e-03 9.985711346255907728e-01 5.322021238821138950e-02 2.016479012212155086e-01 -9.160324810715568811e-01 -2.572566998689287607e-02 4.007618296277112857e-01 4.980363800015140008e+00
3.710576059887568667e-01 -4.515493605194356719e-02 9.274575785308977194e-01 5.906972229890644854e+00 -2.245237720798941555e-03 9.987701852787729262e-01 4.953025551523353859e-02 2.297987262107277773e-01 -9.285538671723935211e-01 -2.045404804532319903e-02 3.705002226294122902e-01 5.161932208452784998e+00
3.464559731945487386e-01 -4.425685578624307531e-02 9.371010458545557809e-01 6.450267887328021033e+00 -1.101599958177560280e-03 9.988665800466701716e-01 4.758399388589970580e-02 2.512598400581604885e-01 -9.381451230907349448e-01 -1.751204451309370733e-02 3.460146447778089662e-01 5.349411120547491905e+00
3.247256129730255458e-01 -4.372354290795361226e-02 9.447237273500175281e-01 7.034594864161839212e+00 -1.467354735146475736e-04 9.989291184131459111e-01 4.627396705473529881e-02 2.793319251936182135e-01 -9.457343132489203219e-01 -1.518326008707579847e-02 3.243706919021739354e-01 5.515461260421107959e+00
3.100769625123123152e-01 -4.420319639598210143e-02 9.496513842234024505e-01 7.637706400243482463e+00 4.293031951801874616e-04 9.989252391027579892e-01 4.634842139954031826e-02 3.069343239737056805e-01 -9.506792836487830689e-01 -1.397015774673225283e-02 3.097623478787194795e-01 5.707871104801220064e+00
2.969659822594246101e-01 -4.501073767104931539e-02 9.538003469344612517e-01 8.259902636631068162e+00 1.888514378502501034e-03 9.989144705529606760e-01 4.654772769976216196e-02 3.286856993976187136e-01 -9.548597435049049897e-01 -1.202945126184551405e-02 2.967282374494557562e-01 5.901349826357845885e+00
2.889472231166418381e-01 -4.692360473548963518e-02 9.563012580807300766e-01 8.913866361088826906e+00 1.758756235735324427e-04 9.988006446831253493e-01 4.896785800322492332e-02 3.577527748989428602e-01 -9.574520788321990716e-01 -1.398148159413124467e-02 2.886089902152934594e-01 6.111798252283498378e+00
2.768404479289308662e-01 -4.759060922881725580e-02 9.598326865482013082e-01 9.589269909720183449e+00 -1.626758903215490748e-03 9.987480935765647994e-01 4.998711522267022811e-02 3.885402045734187571e-01 -9.610107866416151001e-01 -1.539106760699040892e-02 2.764164514563881014e-01 6.315725461753173064e+00
2.663175134843839831e-01 -5.034708985883570853e-02 9.625794064930583982e-01 1.029556640960315228e+01 -1.867996301189500880e-03 9.986060138127484942e-01 5.275176293863738375e-02 4.211457770977908854e-01 -9.638936123296282243e-01 -1.584529699370639325e-02 2.658522581490346259e-01 6.498240785932010155e+00
2.569326101229164050e-01 -5.229655449353303592e-02 9.650053883989661019e-01 1.101655614889364898e+01 -2.415691945690147911e-03 9.984967985047462635e-01 5.475569387007145350e-02 4.513613892102248393e-01 -9.664187861388482403e-01 -1.639123317358907525e-02 2.564202927769089757e-01 6.691152771900220841e+00
2.462836496187467694e-01 -5.458228427484499573e-02 9.675482996377777756e-01 1.175284004595130760e+01 -3.381123559160290320e-03 9.983589323964294771e-01 5.718431981527898056e-02 4.851285710469200319e-01 -9.690803128146117107e-01 -1.737440014184241446e-02 2.456944768866107243e-01 6.884138699276048712e+00
2.362546948445503892e-01 -5.515409480743139331e-02 9.701286223336166303e-01 1.251626006949793002e+01 -4.872563040340319521e-03 9.983078168520932438e-01 5.794434219487180210e-02 5.187820735275646689e-01 -9.716832845785456918e-01 -1.841124363668601716e-02 2.355863944150737299e-01 7.070177977959680504e+00
2.266503173927854053e-01 -5.849095357555762070e-02 9.721760169441986399e-01 1.329167094628832757e+01 -5.197637492030384061e-03 9.981080978184264652e-01 6.127492788928177309e-02 5.558240871974595709e-01 -9.739203281888241248e-01 -1.894573650546295743e-02 2.259177726616749815e-01 7.245455479921758979e+00
2.157746433207668735e-01 -6.162098825025003057e-02 9.745463793466020430e-01 1.408249900173850655e+01 -6.648705687021155657e-03 9.978909424976815101e-01 6.455856730377658448e-02 6.008160919938760891e-01 -9.764701695499707901e-01 -2.039859684918944246e-02 2.149099001262996245e-01 7.433114568135461120e+00
2.005988409779671244e-01 -6.633507866305578260e-02 9.774676134014392836e-01 1.489324698780050404e+01 -8.015932841507136461e-03 9.975607641233285028e-01 6.935813147579081295e-02 6.391813304607842916e-01 -9.796826707167660686e-01 -2.176910811397286122e-02 1.995773317063369579e-01 7.601622231970975641e+00
1.877607675860840097e-01 -6.768268064880429702e-02 9.798477830131079314e-01 1.569736625440324929e+01 -8.467805227418774908e-03 9.974751539888404572e-01 7.051468394713240884e-02 6.738220672948193046e-01 -9.821448630649604050e-01 -2.155879230930127580e-02 1.867126633392831025e-01 7.755419534709083962e+00
1.736910016390708356e-01 -6.824759159912292816e-02 9.824094110885245312e-01 1.651044571221979851e+01 -9.178074726205775677e-03 9.974399270124140182e-01 7.091817002481098919e-02 7.135699564966209163e-01 -9.847349630036099644e-01 -2.132725501173255225e-02 1.726203975518615374e-01 7.900191734117749220e+00
1.595551168313581181e-01 -6.732310486139611583e-02 9.848709248499872837e-01 1.732353762780244466e+01 -1.047526499359659885e-02 9.974996173526359255e-01 6.991696102359626352e-02 7.570933955790938308e-01 -9.871147196251153222e-01 -2.148008326989959971e-02 1.584516793949932445e-01 8.031144311471617669e+00
1.427458208679034946e-01 -6.603472668410975688e-02 9.874857324082294552e-01 1.814166640241608874e+01 -1.138866257519479362e-02 9.975968833845861861e-01 6.835842813429228448e-02 7.936361581671877996e-01 -9.896244895694166210e-01 -2.103387079494831863e-02 1.416500143248953791e-01 8.149384902344161574e+00
1.227006896972421962e-01 -6.547960847890191283e-02 9.903014398520355588e-01 1.896997313742463120e+01 -1.431118219748527508e-02 9.976004814250386543e-01 6.772059886094475289e-02 8.332868228321750337e-01 -9.923611045967571931e-01 -2.246135695227716861e-02 1.214693422334512801e-01 8.252357113875092409e+00
9.863573615879756007e-02 -6.392383181451227747e-02 9.930848433004827447e-01 1.979451603091293777e+01 -1.778811353204794860e-02 9.976621679945828491e-01 6.597011562943692897e-02 8.801809040455690347e-01 -9.949809355381319387e-01 -2.416648412196869058e-02 9.726776997276792569e-02 8.333012246993666494e+00
6.707181327955466510e-02 -6.333423290863411659e-02 9.957171193497548201e-01 2.064206964402172062e+01 -2.186388074890781644e-02 9.976510347363416464e-01 6.491505574847401816e-02 9.163488809249824563e-01 -9.974884522409193099e-01 -2.614331905078666821e-02 6.552879802597390280e-02 8.376800040988648277e+00
3.312588693899551351e-02 -6.338611927404359803e-02 9.974415058884424923e-01 2.149420546567102264e+01 -2.551429894180034033e-02 9.976087642523225885e-01 6.423312994625179906e-02 9.572053096964698859e-01 -9.991260909354127140e-01 -2.760524368748772106e-02 3.142864030770063655e-02 8.406451876301691328e+00
-2.074918805036009654e-06 -6.306110161419770099e-02 9.980097955020924561e-01 2.234783970920273788e+01 -2.707386769750652622e-02 9.976445472543953308e-01 6.302408689352058391e-02 9.910823049985632016e-01 -9.996320767473905189e-01 -2.704238021594214739e-02 -1.709954063860863287e-03 8.394056659494259165e+00
-3.629808964138914879e-02 -6.127587814718752496e-02 9.974689112487318265e-01 2.321389749603449459e+01 -2.716089931610901967e-02 9.978104527756546105e-01 6.029266460485869367e-02 1.021305475274325802e+00 -9.989796587726563759e-01 -2.490108276440306662e-02 -3.788322451555772158e-02 8.363193806652921225e+00
-6.616806431587256287e-02 -5.950189408818534059e-02 9.960496694546501217e-01 2.407096431287860483e+01 -2.941539512370517501e-02 9.979028432208063570e-01 5.766037766556805083e-02 1.050406760520877558e+00 -9.973917419786306748e-01 -2.548641399843344993e-02 -6.777968349458675379e-02 8.294900666218039120e+00
-9.849388689701109312e-02 -5.535353038344189430e-02 9.935961237704271642e-01 2.492780771731542799e+01 -3.218982289984412271e-02 9.981067928122129285e-01 5.239677343571597784e-02 1.086157721461588288e+00 -9.946152171593880542e-01 -2.682946396935644365e-02 -1.000894480304132250e-01 8.214081246800866154e+00
-1.353314155934757512e-01 -5.092031562517631421e-02 9.895359690917407969e-01 2.579142281324802966e+01 -2.860738158337644901e-02 9.984632174055776410e-01 4.747749660864106908e-02 1.109971402158780540e+00 -9.904318589607147283e-01 -2.190703523106106443e-02 -1.365803137702239767e-01 8.086977881738175000e+00
-1.633943862214085052e-01 -4.505020036284611978e-02 9.855533690136346614e-01 2.663506358862009193e+01 -2.434845547485920553e-02 9.988366472410590280e-01 4.163465509399148778e-02 1.125433706115027466e+00 -9.862823118724670657e-01 -1.719966295893279873e-02 -1.643011581096086859e-01 7.929860482662167698e+00
-1.972332858832605285e-01 -3.873378488131815067e-02 9.795336075338409998e-01 2.748636042831688187e+01 -1.791869310297414600e-02 9.991945439738455503e-01 3.590645262078086264e-02 1.139560687067813438e+00 -9.801354097323519143e-01 -1.046952668456692728e-02 -1.977684051166470058e-01 7.748038551081262604e+00
-2.244049914151210745e-01 -3.268616072197909339e-02 9.740459657184304954e-01 2.831966427784004026e+01 -1.209164198870663932e-02 9.994538164604997998e-01 3.076364482513382556e-02 1.148935344455636720e+00 -9.745191291484165408e-01 -4.892419345924371027e-03 -2.246777593095617975e-01 7.542862806140983700e+00
-2.516151673382324150e-01 -2.647085310248878387e-02 9.673511031100584523e-01 2.915090275383448670e+01 -3.695496853162201847e-03 9.996446356867743077e-01 2.639264646423665830e-02 1.156811436618561562e+00 -9.677063924707514087e-01 3.081000225994798801e-03 -2.516233602075963471e-01 7.310741738520402322e+00
-2.783488873653544027e-01 -1.621520589901062973e-02 9.602898639522176039e-01 2.997981297181438265e+01 2.747175224390822467e-03 9.998398513132877863e-01 1.767567468799805669e-02 1.151754999673224367e+00 -9.604230124133298352e-01 7.563736400932503066e-03 -2.782597091318779747e-01 7.062277427153946796e+00
-3.021094403040184284e-01 -6.045744667549592024e-04 9.532423562500926817e-01 3.078203583393597143e+01 8.041246019490317504e-03 9.999626081109506126e-01 3.181845184269707118e-03 1.139636331179687989e+00 -9.532086681036092690e-01 8.629232401189314977e-03 -3.020932872641770017e-01 6.790854514850546586e+00
-3.262255409524926764e-01 1.619616966418553627e-02 9.451231225085413579e-01 3.157710484178860355e+01 8.511611859020570478e-03 9.998628712872386082e-01 -1.419883165786896446e-02 1.120239984984380488e+00 -9.452235585079663549e-01 3.409952536280353406e-03 -3.263186214381089689e-01 6.515982172018294882e+00
-3.527663203743031106e-01 3.152677003916921905e-02 9.349356670794995994e-01 3.237388831162942893e+01 8.606115839967558301e-03 9.994988669344145871e-01 -3.046193076382801984e-02 1.091430324481429404e+00 -9.354279841186742273e-01 -2.709559473998183858e-03 -3.528606967847971454e-01 6.218246890714159925e+00
-3.764048995725714497e-01 4.278423782869807818e-02 9.251509731946929715e-01 3.314789498340739726e+01 1.240677068853504421e-02 9.990758747891720359e-01 -4.115436132629987642e-02 1.053133216533766126e+00 -9.260567662572034564e-01 -4.013451319610127771e-03 -3.765876858317586118e-01 5.894709323252776301e+00
-4.014173262348860183e-01 4.710093852933359970e-02 9.146739577273945709e-01 3.393199229121152882e+01 1.637543284820966102e-02 9.988858011181748209e-01 -4.426301427952140932e-02 9.955448149381928014e-01 -9.157400156019986914e-01 -2.794075089180408748e-03 -4.017412755672641889e-01 5.555992659798805633e+00
-4.213629637778113501e-01 4.539718368039825924e-02 9.060055395596279260e-01 3.470466611145602798e+01 1.861537762547226318e-02 9.989693273420232611e-01 -4.140469926477204077e-02 9.493313616763783269e-01 -9.069507381173320670e-01 -5.579998024229326737e-04 -4.217740431124754608e-01 5.200415608649182175e+00
-4.426968045533145046e-01 4.386564380553449605e-02 8.959339677899088583e-01 3.546101389017309913e+01 2.399790814986773116e-02 9.990244896485857007e-01 -3.707982793200195054e-02 8.968855498859951147e-01 -8.966864006484402960e-01 5.095103317031553052e-03 -4.433176362289993344e-01 4.811070572804447387e+00
-4.617128472865950628e-01 4.185701535312083554e-02 8.862959903409213247e-01 3.620763293387093285e+01 3.138491324962681961e-02 9.990316475945254515e-01 -3.083193434513135933e-02 8.522990504929279787e-01 -8.867281370068804680e-01 1.358776047320436886e-02 -4.625794335381396283e-01 4.433587480886405530e+00
-4.720187394062629882e-01 4.215154169694008968e-02 8.806309791401101261e-01 3.695425516000000954e+01 3.390665541393862725e-02 9.989851253019856880e-01 -2.965069149572481869e-02 8.026295766194120329e-01 -8.809873396676163315e-01 1.585694333256767313e-02 -4.729688096589977908e-01 4.014497891846937172e+00
-4.813369300714279708e-01 4.540450828719651277e-02 8.751252686880868215e-01 3.766492860545235288e+01 3.755334023993799064e-02 9.988086967050578968e-01 -3.115531100495537095e-02 7.592174514550000808e-01 -8.754977598010865725e-01 1.785592554471039997e-02 -4.824684919544459660e-01 3.609701938907170948e+00
-4.931495093992234180e-01 4.811923929524140192e-02 8.685593597595441251e-01 3.836880030725028234e+01 3.857049064236396652e-02 9.986964665850808220e-01 -3.344113787041008701e-02 7.099600530355325567e-01 -8.690367982989075646e-01 1.700061197299591875e-02 -4.943625926285911132e-01 3.205806615157222872e+00
-5.023701090417016513e-01 4.815364004308604617e-02 8.629379844294562396e-01 3.907773643322362034e+01 3.281621175172476368e-02 9.987906605699516938e-01 -3.658984416569719539e-02 6.674154380816700316e-01 -8.636566155719487270e-01 9.926833157964319934e-03 -5.033429157631744699e-01 2.805895738703370057e+00
-5.142523435583565838e-01 4.520870467674807658e-02 8.562458412872336888e-01 3.977390243990159036e+01 3.064801012059140128e-02 9.989407367350462419e-01 -3.431031224181765177e-02 6.273668015448616853e-01 -8.568901191452242827e-01 8.594383086010157907e-03 -5.150932589184193944e-01 2.393872297794813697e+00
-5.222256554132714834e-01 4.711926665313107693e-02 8.509793503581600804e-01 4.047620562598557115e+01 3.375971029664044665e-02 9.988319139104514521e-01 -3.454771944417291130e-02 5.855035519928084575e-01 -8.516137050372176720e-01 1.067174748886213533e-02 -5.232065406894101933e-01 1.958529317058099073e+00
-5.302517871530211258e-01 4.977093395292798983e-02 8.465609646856835369e-01 4.118442124022200090e+01 3.599204343186324095e-02 9.986968870137139520e-01 -3.620487358484136137e-02 5.373991326828365667e-01 -8.472592860511165558e-01 1.129112973784148453e-02 -5.313521399798638578e-01 1.519741197223264617e+00
-5.340860230510652285e-01 5.385990691507336336e-02 8.442640337915151560e-01 4.188369931745762642e+01 3.865240895094455842e-02 9.984811575090551949e-01 -3.927753329902364948e-02 5.021145908143437309e-01 -8.450961390007634133e-01 1.169093360517930134e-02 -5.353567886442387458e-01 1.077128433609285008e+00
-5.316916523515295978e-01 5.453258418804129287e-02 8.448968748971502629e-01 4.262386807650086951e+01 3.766348710549984047e-02 9.984595499164851118e-01 -4.074591898939078360e-02 4.586411901279034975e-01 -8.458182611806385198e-01 1.013949743286449330e-02 -5.329261922426897780e-01 6.139425543436793919e-01
-5.288248458118338657e-01 5.582364321380754724e-02 8.474078903999197054e-01 4.337285811550665926e+01 3.996327521650375192e-02 9.983654515992362866e-01 -4.088076820807797634e-02 4.120052376918048043e-01 -8.483047761891200356e-01 1.225755340682242039e-02 -5.301913716832458157e-01 1.530639412310992320e-01
-5.236162403414668098e-01 5.278569522725692215e-02 8.506396240401841169e-01 4.413227452437967457e+01 3.717827249793857758e-02 9.985434163077876457e-01 -3.912557439593720293e-02 3.667225922925759218e-01 -8.514659069764780597e-01 1.114885598746339843e-02 -5.248159656200988010e-01 -3.004344925642454256e-01
-5.156352469984226694e-01 5.336787673727218240e-02 8.553971856851531053e-01 4.491761694805011729e+01 3.570884727254941549e-02 9.985297757202401536e-01 -4.078672829038861025e-02 3.161452091372530804e-01 -8.563162632763514637e-01 9.518080315028883132e-03 -5.167830475320897010e-01 -7.661337074194234376e-01
-5.076371569863233901e-01 5.127486546674972501e-02 8.598808828855246666e-01 4.571774499941279402e+01 3.346656165434808844e-02 9.986476487926262413e-01 -3.976637215673387710e-02 2.755715454389469077e-01 -8.607579284209898596e-01 8.570415161778843424e-03 -5.086666392863137265e-01 -1.223364989090665933e+00
-5.024946912302798996e-01 4.985059861638664602e-02 8.629339199623091705e-01 4.651624691987981208e+01 3.039436105486887849e-02 9.987379404869501931e-01 -3.997083086352784531e-02 2.262272246156545319e-01 -8.638377786590627494e-01 6.136905624965379585e-03 -5.033757198644277508e-01 -1.671810919044783850e+00
-4.959686223106808955e-01 4.720581780419641493e-02 8.670620018279381336e-01 4.735949286675193548e+01 2.638757697470806712e-02 9.988797406579006388e-01 -3.927253556273381518e-02 1.780186822949620939e-01 -8.679442145726774527e-01 3.406731165978424229e-03 -4.966588593311826449e-01 -2.134245942531197038e+00
-4.961250799797423117e-01 4.497848045511240733e-02 8.672442096678242285e-01 4.819676896091699803e+01 2.125207457021523541e-02 9.989873012569282507e-01 -3.965009219029464599e-02 1.289635084928319464e-01 -8.681494891118198831e-01 -1.245267611151909233e-03 -4.965786400203195394e-01 -2.594637047914965411e+00
-4.961474470695446670e-01 4.121214550520887338e-02 8.673920051331893699e-01 4.907334355575055440e+01 1.837995936207726180e-02 9.991478801183976133e-01 -3.695358336761177254e-02 7.610623197629033665e-02 -8.681755242553884644e-01 -2.386727023400203162e-03 -4.964823075147953846e-01 -3.072056865861073405e+00
-4.947813785756545735e-01 4.139692413931642112e-02 8.679424176558213633e-01 4.994406478982871533e+01 1.770662969337290574e-02 9.991379155000001955e-01 -3.753508355417594505e-02 2.859247755617888576e-02 -8.687480340183920680e-01 -3.212722672603878730e-03 -4.950880444640947120e-01 -3.555462451541247404e+00
-4.961818004579653385e-01 3.994204651843970277e-02 8.672794376819435991e-01 5.083080684656368931e+01 1.679392907386249509e-02 9.991957511668765335e-01 -3.640989525641111918e-02 -2.455738131193333645e-02 -8.680363599001504893e-01 -3.506888341776995700e-03 -4.964535356793854937e-01 -4.043904591644624347e+00
-4.961593078893751230e-01 3.855103403100133830e-02 8.678286340786789399e-01 5.172864252298001730e+01 1.645771767683740575e-02 9.992522664633444185e-01 -3.499711510673063353e-02 -7.583244237891405282e-02 -8.685282833808787295e-01 -3.058763763109077598e-03 -4.964230796143134783e-01 -4.555360541743637803e+00
-4.975361609375188454e-01 3.872376824896499314e-02 8.669251431024059817e-01 5.264294270808551346e+01 1.711537939433412786e-02 9.992471579512355317e-01 -3.482337963755924998e-02 -1.281434193335213301e-01 -8.676205352021387762e-01 -2.469308428833063163e-03 -4.978245059534596173e-01 -5.067494561538030240e+00
-4.947479764629193477e-01 3.754184577211881757e-02 8.683558315919746029e-01 5.355159300639171249e+01 1.614612460906042490e-02 9.992913202751331214e-01 -3.399713533028769774e-02 -1.788934967183359870e-01 -8.690167816620332220e-01 -2.797669321583026291e-03 -4.950036800205572796e-01 -5.571097481980755717e+00
-4.947914466883119866e-01 3.585686343416365912e-02 8.686595940231617297e-01 5.448618926719988309e+01 1.405589795040640411e-02 9.993481019261770681e-01 -3.324706656330622678e-02 -2.317612418775702454e-01 -8.692855382941073739e-01 -4.239012538604544980e-03 -4.949731224276538999e-01 -6.087636313856893189e+00
-4.961919209282385501e-01 3.512771113181949872e-02 8.679251600938903133e-01 5.538714001458224345e+01 1.359355783910459574e-02 9.993731435548000031e-01 -3.270065033506098368e-02 -2.831333060244500266e-01 -8.685296842687775243e-01 -4.408241229742672178e-03 -4.963583683460896512e-01 -6.577623504043944358e+00
-4.924225206453543002e-01 3.391097539025723917e-02 8.691900706288546719e-01 5.631902894919630853e+01 1.168551394726633635e-02 9.994077120855200391e-01 -3.235826997854122228e-02 -3.398934254583936276e-01 -8.697729588544131918e-01 -5.798931423536404089e-03 -4.925269523616439549e-01 -7.093534237399686582e+00
-4.910190538643612324e-01 3.282320307132859799e-02 8.704102781689927459e-01 5.724714263431197026e+01 1.114170515711149050e-02 9.994445556475016756e-01 -3.140424197288605584e-02 -3.927636298342804255e-01 -8.709578168514005014e-01 -5.730331946940840811e-03 -4.911119618012985133e-01 -7.608052589724067616e+00
-4.881335461829207634e-01 2.997109992495221656e-02 8.721545828351341401e-01 5.816153521111836255e+01 1.176678143222618239e-02 9.995451816962304115e-01 -2.775296166933117689e-02 -4.494781016013196795e-01 -8.725900179397366729e-01 -3.297182077366875123e-03 -4.882642909240761941e-01 -8.086942508245773098e+00
-4.856786602561806165e-01 2.929545986969636293e-02 8.738192076929404140e-01 5.909820002297345098e+01 1.253437637908209369e-02 9.995689427519267589e-01 -2.654839887886157115e-02 -4.973470734801910820e-01 -8.742202530408049732e-01 -1.936339740344287423e-03 -4.858366113741489078e-01 -8.615875472138485591e+00
-4.828863713779948941e-01 2.805469701203942151e-02 8.754527679354230374e-01 6.001604050123094680e+01 1.180632683124512028e-02 9.996046816030955684e-01 -2.551209107781462343e-02 -5.509274185913063393e-01 -8.758224612784615282e-01 -1.991054575113844049e-03 -4.830268443704557879e-01 -9.116413013145862720e+00
-4.818456587069470110e-01 2.871640667366209126e-02 8.757265777938825213e-01 6.093115089638434512e+01 1.296382443438867833e-02 9.995871404200754595e-01 -2.565462090077101631e-02 -5.987068527906975746e-01 -8.761014156688972099e-01 -9.947524807478965760e-04 -4.820188683784725758e-01 -9.608888135851646695e+00
-4.790741002401843196e-01 2.934589114177396998e-02 8.769485110332587707e-01 6.184923913138985796e+01 1.270902260927884997e-02 9.995680742290697918e-01 -2.649172022243275956e-02 -6.501740436043819127e-01 -8.773473942922979107e-01 -1.558304711643279834e-03 -4.792400198167511283e-01 -1.009944341673456236e+01
-4.804989204135289849e-01 3.079809733437023633e-02 8.760419695357144487e-01 6.273848759857652624e+01 1.270462535627740058e-02 9.995226749188036441e-01 -2.815616295867968272e-02 -6.950679378627077076e-01 -8.764911518714859628e-01 -2.408895157153791156e-03 -4.806608044186810869e-01 -1.057750396403839410e+01
-4.806451918037273896e-01 3.370289007127840603e-02 8.758314022235452745e-01 6.365731676708207942e+01 1.065474673192657110e-02 9.994114428092575331e-01 -3.259412419277474271e-02 -7.551113671588216558e-01 -8.764152605230897120e-01 -6.367031250434758427e-03 -4.807211724895236737e-01 -1.108418891474680379e+01
-4.872898066274451989e-01 3.265497944729793545e-02 8.728748885189382412e-01 6.454901985805001630e+01 8.989782031128532025e-03 9.994353057274256713e-01 -3.238691086520220641e-02 -8.087904409536200712e-01 -8.734392769605545670e-01 -7.918883393035263882e-03 -4.873083032267199743e-01 -1.156700082912980854e+01
-4.910549860370196917e-01 3.242231827471342420e-02 8.703259094301910581e-01 6.543726285233637441e+01 1.001795711750363797e-02 9.994511248544980520e-01 -3.157968103727843562e-02 -8.499637933064336792e-01 -8.708721215451321607e-01 -6.789224745203622721e-03 -4.911101361815225497e-01 -1.205728199344884466e+01
-4.961102808302310097e-01 2.949706176478081310e-02 8.682463272657874320e-01 6.633241293006726380e+01 1.244141471444398100e-02 9.995617683712297863e-01 -2.686583897598272472e-02 -9.111951753388308761e-01 -8.686582874726442860e-01 -2.514436642891428996e-03 -4.962599785325911284e-01 -1.257317907217460196e+01
-5.027857734571642423e-01 2.735975826625249713e-02 8.637689760175170095e-01 6.720777381110535487e+01 9.770277487446289016e-03 9.996147029465685119e-01 -2.597849936315412001e-02 -9.640750721081264851e-01 -8.641472466132064101e-01 -4.627197148671384659e-03 -5.028593102152648653e-01 -1.304982868926412465e+01
-5.042206031988214487e-01 2.940788758280411461e-02 8.624975978517500641e-01 6.808583553904998098e+01 1.004554411206041824e-02 9.995516555961553307e-01 -2.820054898501753865e-02 -1.014999593118546484e+00 -8.629407219608884461e-01 -5.571812447039353224e-03 -5.042898093210093080e-01 -1.355407986477761284e+01
-5.108894243813159042e-01 3.258209505875923201e-02 8.590845854243462920e-01 6.894605978792131395e+01 1.099281005589937583e-02 9.994473090490174627e-01 -3.137599900722030238e-02 -1.062671746567185549e+00 -8.596322327570969923e-01 -6.584209168934272542e-03 -5.109652375920484824e-01 -1.406228383598706166e+01
-5.148220390860729356e-01 3.273945865429798291e-02 8.563001614263314742e-01 6.978949716574413742e+01 8.821771396241982754e-03 9.994194064306064496e-01 -3.288959877081380767e-02 -1.114874837232136651e+00 -8.568807726706134664e-01 -9.413491388853617234e-03 -5.148118558508505416e-01 -1.455668124488165205e+01
-5.186715970191794201e-01 3.257755516275502583e-02 8.542887932529898976e-01 7.065462871304021064e+01 8.461792567640690627e-03 9.994205722246487511e-01 -3.296319199808592920e-02 -1.173963519775470310e+00 -8.548678292853190142e-01 -9.874625480698204921e-03 -5.186469196558478600e-01 -1.506934555442283674e+01
-5.228859373235495989e-01 3.196446617491618264e-02 8.520169224079583437e-01 7.149121175435088560e+01 7.980883247895155172e-03 9.994365431498299923e-01 -3.260687078475390382e-02 -1.227881987613455017e+00 -8.525790305403647684e-01 -1.023856530079621241e-02 -5.228464870976426981e-01 -1.556895949493384457e+01
-5.240641547313983351e-01 2.543934736484523493e-02 8.513171079344654668e-01 7.233931258995629321e+01 9.590009776873579389e-03 9.996666109257308364e-01 -2.397971905492636557e-02 -1.276759415033152489e+00 -8.516434166740752820e-01 -4.399408435281138008e-03 -5.241333924354824036e-01 -1.608982173316059772e+01
-5.249557001938129908e-01 1.503302644595935593e-02 8.507199614398208709e-01 7.318340096358384983e+01 9.258840743038072862e-03 9.998856718677130440e-01 -1.195000982520878254e-02 -1.323933215901780258e+00 -8.508025008305402093e-01 1.590646933072689022e-03 -5.250349473742783601e-01 -1.661958130518210908e+01
-5.263442387218146834e-01 1.215019909777499858e-02 8.497325191802924671e-01 7.402712214566830085e+01 8.869014551274851874e-03 9.999219596681193645e-01 -8.795734389335889414e-03 -1.361265232200530306e+00 -8.497732056776300391e-01 2.896904976824152440e-03 -5.264109204473423897e-01 -1.713035084665717633e+01
-5.291717546958681906e-01 1.820995491223663734e-02 8.485452798963760701e-01 7.485870392075581492e+01 1.030370977450044412e-02 9.998338784334503959e-01 -1.504550900632280371e-02 -1.392287308410130597e+00 -8.486782075971905925e-01 7.958992706868337104e-04 -5.292713709452235848e-01 -1.765281484358257202e+01
-5.292395684079178597e-01 2.404466717222992350e-02 8.480531958364513345e-01 7.567910660077609464e+01 1.091198133280443100e-02 9.997085804079263172e-01 -2.153315010124913845e-02 -1.428244415598553196e+00 -8.483238223673246203e-01 -2.138731403496658447e-03 -5.293476722020348246e-01 -1.816555493977147151e+01
-5.305192845275522595e-01 2.858974024003739858e-02 8.471582733034627166e-01 7.649680551761987601e+01 1.700672593833350496e-02 9.995887395132416753e-01 -2.309411334451734812e-02 -1.466995226218101633e+00 -8.474702392214051860e-01 2.153992582050406109e-03 -5.307872036276570782e-01 -1.868301204321258524e+01
-5.290464315787651861e-01 2.882671965267307596e-02 8.482723433851334649e-01 7.733472247196419858e+01 1.934672426982668100e-02 9.995728780423821513e-01 -2.190928107378843637e-02 -1.510738866824719917e+00 -8.485414236597011994e-01 4.830926926211130505e-03 -5.293781057615601915e-01 -1.919928062177370265e+01
-5.290042871103642907e-01 2.582499158661292690e-02 8.484211049618614053e-01 7.816170046470163868e+01 1.957062115035430178e-02 9.996422475512436456e-01 -1.823603020604823780e-02 -1.553677947287695593e+00 -8.485884846936719850e-01 6.964105848731579756e-03 -5.293203425476603607e-01 -1.971849641799716224e+01
-5.290144508178374894e-01 2.044394585557954974e-02 8.486207078981640173e-01 7.897977519060238194e+01 1.726906257202582076e-02 9.997620411741835467e-01 -1.333676981265668852e-02 -1.584723160485904669e+00 -8.486912042559874303e-01 7.611801654546589309e-03 -5.292417409949263796e-01 -2.021090019194749132e+01
-5.262065736125541848e-01 1.516033192314381224e-02 8.497708550806313266e-01 7.980570168837346046e+01 1.614367218713998881e-02 9.998389561996146035e-01 -7.831086397973200525e-03 -1.612777290188829760e+00 -8.497528128152367355e-01 9.593691836528481579e-03 -5.263665787731259815e-01 -2.072702543616923521e+01
-5.277709980805642687e-01 8.712337027638187431e-03 8.491481913913494495e-01 8.062190019124322760e+01 6.833521515893720491e-03 9.999586645828839604e-01 -6.014851924632573510e-03 -1.647662223830458572e+00 -8.491653893138761955e-01 2.630451611894930788e-03 -5.278086348441471953e-01 -2.120464356043238396e+01
-5.251338546858762557e-01 1.576251072621796248e-03 8.510142157251846529e-01 8.145295831568769529e+01 -2.666632531954674697e-03 9.999902963540466816e-01 -3.497485703113725492e-03 -1.668289046570678780e+00 -8.510116061549198863e-01 -4.112351668264412757e-03 -5.251246148859436413e-01 -2.169711978737534253e+01
-5.226261225209930528e-01 2.198102294177502625e-03 8.522181039306192529e-01 8.226932471666567892e+01 5.295269594433651408e-04 9.999973046794543574e-01 -2.254809513211272504e-03 -1.693757482749047805e+00 -8.522209212240157150e-01 -7.215208434981434200e-04 -5.226260087041766367e-01 -2.219556023715608362e+01
-5.197443340973607606e-01 5.283499721788604241e-03 8.541922266428837451e-01 8.309181968215075642e+01 4.985143055643149849e-03 9.999826154763966635e-01 -3.154828951785432298e-03 -1.722762099609164155e+00 -8.541942361476581036e-01 2.620385135385032427e-03 -5.197614656785051190e-01 -2.267948882697589852e+01
-5.144878397449228480e-01 8.707827615337766433e-03 8.576537070563970966e-01 8.390311893150783362e+01 6.675021357389457170e-03 9.999587882255015492e-01 -6.147259470590869627e-03 -1.742384619310564764e+00 -8.576721367304536159e-01 2.561937840725720186e-03 -5.145246961345396608e-01 -2.318017253474272366e+01
-5.049553177700359941e-01 1.139599089038943747e-02 8.628956170491998146e-01 8.472317396067319351e+01 1.221453758340816133e-02 9.999070406131536082e-01 -6.050959450585151507e-03 -1.769581303997228350e+00 -8.628846120815816256e-01 7.477964472086512382e-03 -5.050476767844628290e-01 -2.365861569444326662e+01
-4.996206485086574500e-01 1.352012908337489432e-02 8.667914970260490737e-01 8.553436125869095008e+01 1.919105732520008309e-02 9.998055699384051920e-01 -4.547642246963144556e-03 -1.800705072952609065e+00 -8.666844192314754336e-01 1.436232251571516530e-02 -4.997828881007377322e-01 -2.412712786369754170e+01
-4.878194299442234483e-01 1.294090402372626361e-02 8.731475225035993937e-01 8.636137615449021609e+01 1.756392886557563496e-02 9.998332190799019692e-01 -5.008287434261245175e-03 -1.827170020109522230e+00 -8.730668442225214543e-01 1.289263045899217627e-02 -4.879652521197635484e-01 -2.459022962242090671e+01
-4.774917567185560374e-01 8.984136477758836170e-03 8.782798769477262457e-01 8.720056971033744730e+01 1.280238904964977643e-02 9.999127216404635199e-01 -3.261734089314005918e-03 -1.842602280586555619e+00 -8.782326985088645399e-01 9.684483618931616702e-03 -4.775650126590290090e-01 -2.502148649342762354e+01
-4.646963823992437126e-01 6.456574062567521990e-03 8.851704338997962163e-01 8.804127598775792762e+01 1.475712123750829059e-02 9.998909171356153980e-01 4.578857179751575149e-04 -1.865584482869369509e+00 -8.850709240637382180e-01 1.327835541978796691e-02 -4.647408313328987295e-01 -2.546284734517213977e+01
-4.543654760305755880e-01 4.780440248067932031e-03 8.909043427195801890e-01 8.888931892828425418e+01 1.382535748887316236e-02 9.999030171500264963e-01 1.683778429909857420e-03 -1.886569184173711111e+00 -8.908100121751570954e-01 1.308238943963938548e-02 -4.543874957245535584e-01 -2.588244592924691290e+01
-4.426547647087941684e-01 4.160054629011732293e-03 8.965273108290572335e-01 8.973451791102350228e+01 1.370376747418351054e-02 9.999038245192504171e-01 2.128632266737482889e-03 -1.899585883297767008e+00 -8.964323453872309333e-01 1.322971455743365832e-02 -4.426691438100899822e-01 -2.628637784570850755e+01
-4.299434999422934722e-01 5.434248337543475839e-03 9.030510644215115068e-01 9.059302063424537721e+01 1.692305008672193023e-02 9.998547154363628398e-01 2.037060111946478388e-03 -1.924541892464673554e+00 -9.029088772840797583e-01 1.615591437110133061e-02 -4.299729504088489751e-01 -2.669752637479999891e+01
-4.172837421680881120e-01 9.633816815948851794e-03 9.088455729718623033e-01 9.144095410093018472e+01 1.704909806484740734e-02 9.998508053515947624e-01 -2.774823213710957831e-03 -1.935417988197591699e+00 -9.087367646453443637e-01 1.433862467974434361e-02 -4.173857243964279040e-01 -2.708370514312528243e+01
-4.063168882802443149e-01 1.839826203127464810e-02 9.136599663126612203e-01 9.228945943112094596e+01 1.867325959967790563e-02 9.997556373705905886e-01 -1.183127656469486720e-02 -1.962986805539571389e+00 -9.136544119413488874e-01 1.225372329528143060e-02 -4.065611407910910136e-01 -2.744995550366936499e+01
-3.914440647703336107e-01 2.123840430948869401e-02 9.197442964964982481e-01 9.313730360049684975e+01 1.754535294178104221e-02 9.997240577300210429e-01 -1.561158332528943433e-02 -1.994460189966611896e+00 -9.198222941065546943e-01 1.002609928096770062e-02 -3.917086023308726239e-01 -2.780746845309623438e+01
-3.819755726206149338e-01 1.857354014239316273e-02 9.240588129354737612e-01 9.400026054320774449e+01 1.580667339079009498e-02 9.997830091381461060e-01 -1.356430443927307029e-02 -2.016328589689758033e+00 -9.241103094633237314e-01 9.428472785113554272e-03 -3.821861331976000864e-01 -2.814348163225418631e+01
-3.688101033013344576e-01 1.426541136119417914e-02 9.294943503826950115e-01 9.486351196439929367e+01 1.502766272939829069e-02 9.998430014021044698e-01 -9.377853677786398418e-03 -2.050519083274985555e+00 -9.294822224121649379e-01 1.050957494755053873e-02 -3.689665338124399341e-01 -2.848140037760572696e+01
-3.591493573869400380e-01 1.572188984050868626e-02 9.332165163565295796e-01 9.572452479839263617e+01 1.294205945585739405e-02 9.998458817376367769e-01 -1.186753505028578966e-02 -2.081703932663837353e+00 -9.332593392370515106e-01 7.817349930738539537e-03 -3.592973935294686560e-01 -2.879889296558929601e+01
-3.519376959999511167e-01 1.832402425079878924e-02 9.356134701031235679e-01 9.659608079199819031e+01 7.037497551581576617e-03 9.998318169259855503e-01 -1.693025248553326964e-02 -2.118380194133730132e+00 -9.357665321379936563e-01 6.165494266220532043e-04 -3.520072467271209149e-01 -2.909749450262641446e+01
-3.448701621830504993e-01 2.403885225369535236e-02 9.383031557713086279e-01 9.747009932289186906e+01 5.176085840604521511e-04 9.996767346854948944e-01 -2.541738213013864517e-02 -2.151624432927233155e+00 -9.386108755311143304e-01 -8.279815403467005730e-03 -3.447710457499725822e-01 -2.941000062590922681e+01
-3.420095915807203069e-01 2.456237834460683195e-02 9.393948753564350662e-01 9.835000851001332478e+01 -2.672957673282733929e-03 9.996289353755516416e-01 -2.711798122421402515e-02 -2.197095502713714232e+00 -9.397121908903435239e-01 -1.176902778130999201e-02 -3.418171868696299187e-01 -2.971470203282591172e+01
-3.384371208726817959e-01 2.533457609849607342e-02 9.404025906892877762e-01 9.922236173699855044e+01 -4.664974703430896548e-03 9.995799698546238288e-01 -2.860125080357012878e-02 -2.237735743363629570e+00 -9.407323733058765569e-01 -1.407070882790748857e-02 -3.381766309872520360e-01 -3.000844942464476617e+01
-3.327814207186151618e-01 2.476322862724832791e-02 9.428316957621518668e-01 1.001101593190246462e+02 -6.385809046464570142e-03 9.995731089055698293e-01 -2.850010938289250159e-02 -2.289032533414573134e+00 -9.431353276736327285e-01 -1.551079426120112979e-02 -3.324813353846780006e-01 -3.030760214598414493e+01
-3.267849821974613267e-01 2.168206704613351993e-02 9.447160079186632808e-01 1.009822082297715582e+02 -7.082420856108089663e-03 9.996520974687721495e-01 -2.540266004501807659e-02 -2.323475584360748858e+00 -9.449384571617115425e-01 -1.500502691576088322e-02 -3.265173692824649976e-01 -3.060192868280894274e+01
-3.217365645156115006e-01 1.858404417890666821e-02 9.467152560090412727e-01 1.018755128952188045e+02 -7.938505493114266648e-03 9.997191656209362121e-01 -2.231307771384012650e-02 -2.361117035702776423e+00 -9.468644596168135363e-01 -1.470740455521874109e-02 -3.214987542024775324e-01 -3.090096273070152222e+01
-3.158187792896844925e-01 1.455964311196362646e-02 9.487061259715352524e-01 1.027603232828511324e+02 -1.054376413691760807e-02 9.997666526280949428e-01 -1.885451452492048485e-02 -2.411241774993567510e+00 -9.487593158342226829e-01 -1.595535895073119798e-02 -3.155915858590097045e-01 -3.118587215946911329e+01
-3.131005382799695314e-01 1.345144651324352986e-02 9.496116318937969369e-01 1.036419168680619265e+02 -1.766652758691589567e-02 9.996442977540443975e-01 -1.997715086524322683e-02 -2.444569240487414863e+00 -9.495425778900117297e-01 -2.302954416237050494e-02 -3.127517966120599846e-01 -3.145734407647353947e+01
-3.045892437401752639e-01 1.355223567323109689e-02 9.523997443025519205e-01 1.045083763011614337e+02 -2.602291265458351807e-02 9.994068239693061351e-01 -2.255461032872644461e-02 -2.475933928780725157e+00 -9.521406751753735964e-01 -3.164936135116122595e-02 -3.040558769763385127e-01 -3.171063789810533251e+01
-2.981344133170623079e-01 1.695270459445403707e-02 9.543896628397987580e-01 1.053866318706758278e+02 -2.645238264094703848e-02 9.993117707340686273e-01 -2.601309567346107507e-02 -2.525541481172584479e+00 -9.541736569610791419e-01 -3.298790048913712025e-02 -2.974810290154407122e-01 -3.197078980675539128e+01
-2.894544317836793557e-01 2.089250168060658233e-02 9.569960219645856636e-01 1.062534643909843766e+02 -2.201992446802227346e-02 9.993516686868315624e-01 -2.848281021797960735e-02 -2.570995332767147090e+00 -9.569709165758941705e-01 -2.931572047822085178e-02 -2.888066936330409562e-01 -3.223512276472317239e+01
-2.813008793530330509e-01 1.877083872117559643e-02 9.592946410563980564e-01 1.071393204430916484e+02 -2.289630260038121382e-02 9.993919376412843114e-01 -2.629640675862483443e-02 -2.607096433331835605e+00 -9.592050241397979127e-01 -2.936222210168409202e-02 -2.806995685440649146e-01 -3.248810924471541028e+01
-2.747702782301635893e-01 1.473109642778824314e-02 9.612252580404533342e-01 1.080087236887599431e+02 -2.549124699365140981e-02 9.994189866475371442e-01 -2.262584631427157558e-02 -2.647803693921833457e+00 -9.610002195992146667e-01 -3.071720002001692915e-02 -2.742348554873044741e-01 -3.272703041989234407e+01
-2.668421211327391407e-01 1.128387284335505801e-02 9.637822675310639964e-01 1.088926820088637299e+02 -2.615079820394380916e-02 9.994792126531873988e-01 -1.891846144002071184e-02 -2.686180464408360002e+00 -9.634937619084239513e-01 -3.024578808717287917e-02 -2.664087256223158229e-01 -3.296227288163970570e+01
-2.611876895027339107e-01 1.464921276441499831e-02 9.653470035834263996e-01 1.097918353748204794e+02 -2.802344820814984400e-02 9.993494698301920165e-01 -2.271603997751365026e-02 -2.724987578712903868e+00 -9.650516119495102796e-01 -3.297302693265235368e-02 -2.606080848871657474e-01 -3.320143237795819857e+01
-2.548241589499428694e-01 1.803961163733622253e-02 9.669708128557542581e-01 1.106637573306197453e+02 -2.849627462884137333e-02 9.992520315255740693e-01 -2.613515467318398150e-02 -2.762140629149544502e+00 -9.667192823631355347e-01 -3.421900862040454239e-02 -2.541198858393336479e-01 -3.341478158835457180e+01
-2.461563760826687708e-01 1.903437200781402105e-02 9.691047955505925904e-01 1.115429328028629499e+02 -2.864658771910235519e-02 9.992280433189818512e-01 -2.688641112822954746e-02 -2.792242669843213232e+00 -9.688685812847808165e-01 -3.437645823403156359e-02 -2.454216345968095736e-01 -3.362506442010058549e+01
-2.402878081017929823e-01 1.686403098670766210e-02 9.706161899171079632e-01 1.124221858090896546e+02 -2.838946066053263731e-02 9.992995100409842735e-01 -2.439339918218526998e-02 -2.828177326907877376e+00 -9.703476238310665414e-01 -3.340389691764192315e-02 -2.396409225440878088e-01 -3.382321765890213783e+01
-2.308729064584132407e-01 1.810884017079981284e-02 9.728101074937128834e-01 1.133062980004150546e+02 -2.569325816323811060e-02 9.993648214948872566e-01 -2.469387326055741405e-02 -2.870752363695908471e+00 -9.726394592816965945e-01 -3.069900959857695816e-02 -2.302610637438636532e-01 -3.402837550356188956e+01
-2.227453470908839217e-01 1.897425083657263561e-02 9.746781647132755078e-01 1.141962482991739734e+02 -2.147211191333476404e-02 9.994722561772091396e-01 -2.437120776433170100e-02 -2.913276739690012107e+00 -9.746261952249484217e-01 -2.635804449565139901e-02 -2.222202793808960297e-01 -3.423421528509972944e+01
-2.156359985348070551e-01 1.926837340428140533e-02 9.763826685371798098e-01 1.150900912939250418e+02 -2.038454271450335434e-02 9.994988788739275209e-01 -2.421269965203529453e-02 -2.957926407324575901e+00 -9.763600489379675729e-01 -2.512799603918918281e-02 -2.151353572506651546e-01 -3.443071931678010600e+01
-2.064267221306367861e-01 1.759898041825158632e-02 9.782387086105164276e-01 1.159793327101144911e+02 -2.722081703356885735e-02 9.993478702911615663e-01 -2.374036527433515467e-02 -2.997271681962757839e+00 -9.780183062524937521e-01 -3.151205337796056383e-02 -2.058129831348136929e-01 -3.460283825430922633e+01
-2.008496967858208471e-01 1.525145192201439112e-02 9.794126316847429070e-01 1.168870791653957468e+02 -3.166477892785509590e-02 9.992546364411520887e-01 -2.206256201916379292e-02 -3.035987779894527616e+00 -9.790192900076305493e-01 -3.545701690740375722e-02 -2.002165691890988586e-01 -3.477537288091536283e+01
-1.958969565962148385e-01 1.506346368397449946e-02 9.805519659894702533e-01 1.178038778823979413e+02 -2.913221194364376543e-02 9.993511580414488060e-01 -2.116610631315539448e-02 -3.076065718220378997e+00 -9.802347893472014295e-01 -3.272163684325717775e-02 -1.953309138866783368e-01 -3.495106469822097495e+01
-1.892849015792832656e-01 1.581319620753839778e-02 9.817023238337502233e-01 1.186976230510226742e+02 -2.718549622391783563e-02 9.994017856923093079e-01 -2.136646448543761539e-02 -3.110192989440124567e+00 -9.814530737768827340e-01 -3.073913169931758588e-02 -1.887410253293041462e-01 -3.513137162544026637e+01
-1.857175833603499360e-01 1.752196056403953692e-02 9.825335969858194352e-01 1.195998245910404449e+02 -2.451012599324993782e-02 9.994474546856654262e-01 -2.245733430144627660e-02 -3.145288721128528753e+00 -9.823840872881767217e-01 -2.824209498194059711e-02 -1.851856450365198525e-01 -3.529457468857832225e+01
-1.798285622135595285e-01 1.575135150660186487e-02 9.836397896194956081e-01 1.204795937559652685e+02 -1.996158507636481422e-02 9.996077432090655357e-01 -1.965136111519922082e-02 -3.175716987164665106e+00 -9.835633677804327402e-01 -2.315676010311884178e-02 -1.794438744702754329e-01 -3.547494528245658785e+01
-1.738658886868815201e-01 1.373159961458098738e-02 9.847175444398647004e-01 1.213697078860089391e+02 -1.207423810288279532e-02 9.997979674025428976e-01 -1.606782940942536042e-02 -3.216710710889981062e+00 -9.847391249740767849e-01 -1.468322116647799783e-02 -1.736650547946484158e-01 -3.563362102651503704e+01
-1.687836134047735748e-01 1.275580259408818674e-02 9.855383983527534753e-01 1.222715849743768786e+02 -9.295326451266098730e-03 9.998510567545900729e-01 -1.454298511943710390e-02 -3.248234079673040675e+00 -9.855770447683515068e-01 -1.161885939761959398e-02 -1.686396901397486936e-01 -3.577918357270225869e+01
-1.638984619292238321e-01 1.514974113412349312e-02 9.863780219932390958e-01 1.231646981841555544e+02 -1.118126000124111501e-02 9.997895545814383667e-01 -1.721593155962296631e-02 -3.277263665299113171e+00 -9.864309711995677965e-01 -1.383277390417126697e-02 -1.636947938145527637e-01 -3.591709483752281784e+01
-1.605071697039849588e-01 1.587474973510418635e-02 9.868900845955180801e-01 1.240448736547013766e+02 -1.314002374001128903e-02 9.997477411517824430e-01 -1.821552886111540981e-02 -3.306000396713162370e+00 -9.869303537363482981e-01 -1.589122836504854724e-02 -1.602581794943291060e-01 -3.605503379135663522e+01
-1.584097794750567723e-01 1.565142328427735971e-02 9.872823498256160235e-01 1.249314922791598264e+02 -1.496066088388918296e-02 9.997216682676839383e-01 -1.824541846990619665e-02 -3.336713876477946705e+00 -9.872930384346103594e-01 -1.765731915075335889e-02 -1.581316609169175214e-01 -3.618533412142804906e+01
-1.562574851314444679e-01 1.439438755452136093e-02 9.876348349303024632e-01 1.258165301445975359e+02 -1.561633789541581191e-02 9.997328088868828733e-01 -1.704778811343846817e-02 -3.371244184656113418e+00 -9.876162859188812870e-01 -1.808211885606772484e-02 -1.559909401723695854e-01 -3.631946766402491988e+01
-1.561365340579519423e-01 1.029500334829377625e-02 9.875988836204622201e-01 1.267053949379908602e+02 -1.380820229078205154e-02 9.998249589949261829e-01 -1.261626295426998730e-02 -3.401776582644266966e+00 -9.875559641288618185e-01 -1.561326546099401670e-02 -1.559669191758276396e-01 -3.645467783503398351e+01
-1.547856809998396921e-01 4.861222631577704310e-03 9.879998443092748994e-01 1.275891627522852332e+02 -1.466729814015163558e-02 9.998664310593873283e-01 -7.213897310186412511e-03 -3.433230403288327182e+00 -9.879030228128409252e-01 -1.560498033751717487e-02 -1.546938288921738680e-01 -3.658198024387802860e+01
-1.532558997460790329e-01 2.546596329922567060e-03 9.881799953817010929e-01 1.284718237687745273e+02 -1.428374731820560017e-02 9.998866752154276227e-01 -4.782616785849660469e-03 -3.456484419705858180e+00 -9.880800520522338148e-01 -1.485094249526897406e-02 -1.532021994767643891e-01 -3.671251496993625096e+01
-1.526199972870885269e-01 5.644008187338270602e-03 9.883234498629379639e-01 1.293347305490278245e+02 -1.373660962113631458e-02 9.998752039887699450e-01 -7.820080963465311091e-03 -3.479959360844098182e+00 -9.882441396360821528e-01 -1.477082346994532114e-02 -1.525235539650174610e-01 -3.684034577817404710e+01
-1.526353379462602466e-01 9.636496908895857486e-03 9.883128817817901091e-01 1.302016579970381258e+02 -1.259127219501513309e-02 9.998525071146445731e-01 -1.169034182442979693e-02 -3.507485686281641257e+00 -9.882797139301442435e-01 -1.422414609163182020e-02 -1.524914768961979639e-01 -3.697472251177988767e+01
-1.512328116771221032e-01 9.192595511129730140e-03 9.884027882639890850e-01 1.310733137141727980e+02 -1.591325235673445027e-02 9.998046911057992814e-01 -1.173427540083748707e-02 -3.530326527994553931e+00 -9.883176078420123911e-01 -1.748810249685616922e-02 -1.510571815193219314e-01 -3.709825861312332052e+01
-1.527650509469838103e-01 8.660014484147975783e-03 9.882354629276993707e-01 1.319359392105791642e+02 -1.738045168190776452e-02 9.997834562693007632e-01 -1.145086598663716017e-02 -3.552664655531592164e+00 -9.881206363714629681e-01 -1.892150469006754002e-02 -1.525814379494225825e-01 -3.721411640443025703e+01
-1.504332721024351782e-01 8.789728508030083404e-03 9.885134950585551250e-01 1.327945002764653850e+02 -1.097927646363106718e-02 9.998839423227340317e-01 -1.056600450455037060e-02 -3.581273821244783218e+00 -9.884916805304240217e-01 -1.244406801707999971e-02 -1.503191963214111915e-01 -3.735296282252716082e+01
-1.498521378924302094e-01 1.187221173494639771e-02 9.886192781058802392e-01 1.336524113933934359e+02 -1.214061433974011200e-02 9.998302951306617947e-01 -1.384811765285478419e-02 -3.614520629947867381e+00 -9.886161047639611121e-01 -1.409152995973163118e-02 -1.496822768013342519e-01 -3.746940918339220161e+01
-1.487240917440506016e-01 1.286160508884150351e-02 9.887115539811454079e-01 1.345178215162605397e+02 -2.266114694691084494e-02 9.996084583355279163e-01 -1.640799561710604149e-02 -3.637970372848522871e+00 -9.885354764308432740e-01 -2.485787364748690345e-02 -1.483742481069801611e-01 -3.759098382925652260e+01
-1.504423349896850670e-01 1.414773854100281197e-02 9.885792762217152641e-01 1.353798342531683829e+02 -2.777189972291313133e-02 9.994424086803623819e-01 -1.853264671952698298e-02 -3.662881814570675854e+00 -9.882903352002477826e-01 -3.024532110960155909e-02 -1.499654275372272194e-01 -3.770130704973802693e+01
-1.504806105322399334e-01 1.686717180785381534e-02 9.884971092344101429e-01 1.362246782661466966e+02 -2.706727813582945549e-02 9.994094044463288640e-01 -2.116035563565692515e-02 -3.699716500349817583e+00 -9.882705253932028144e-01 -2.994923475503600066e-02 -1.499352600643726607e-01 -3.781554222238052176e+01
-1.510022570763282224e-01 1.711610918079036620e-02 9.883404096972929764e-01 1.371137244699055202e+02 -2.367966056654767504e-02 9.995006978975587986e-01 -2.092454273528374792e-02 -3.741225448582213620e+00 -9.882050995918836289e-01 -2.655995054339101158e-02 -1.505216579032541413e-01 -3.794142929612109327e+01
-1.489546183592096729e-01 1.937913512064380270e-02 9.886329738854152671e-01 1.379158851475423830e+02 -2.473190869169331063e-02 9.994216394626901367e-01 -2.333190826298650253e-02 -3.769257036581344256e+00 -9.885136534938062658e-01 -2.793107804471471264e-02 -1.483887680727034031e-01 -3.805108048319318925e+01
-1.459016253416767772e-01 1.828606514042406539e-02 9.891248681073409044e-01 1.387887662320441393e+02 -1.891164573022573181e-02 9.995952629710845860e-01 -2.125999764881920592e-02 -3.804348853314474255e+00 -9.891133770164238781e-01 -2.179506599817299106e-02 -1.454972062310159742e-01 -3.818170400560746458e+01
-1.427882203131181083e-01 1.489533230758986054e-02 9.895486982989242231e-01 1.396283353346541105e+02 -1.127052232967009140e-02 9.997972052600347936e-01 -1.668155099080731452e-02 -3.840960889270760958e+00 -9.895967596348503870e-01 -1.353975891722581683e-02 -1.425912144419652083e-01 -3.830125695292222332e+01
-1.419783771524275040e-01 9.668918678295652588e-03 9.899040523944238057e-01 1.404742113979912403e+02 -7.933950169579402981e-03 9.999089505477112283e-01 -1.090001316018720558e-02 -3.876280220390543096e+00 -9.899195989786108152e-01 -9.402946475872302201e-03 -1.418888147387818988e-01 -3.842085275098480679e+01
-1.369505938148880830e-01 1.031451738845315554e-02 9.905464720596689476e-01 1.412994925308566110e+02 -3.495991802855421410e-03 9.999344931488303168e-01 -1.089447128627223267e-02 -3.899018516075432039e+00 -9.905941422348453207e-01 -4.950123758281909335e-03 -1.369056125669362300e-01 -3.852917664341534021e+01
-1.314151564882372336e-01 1.420210186629029987e-02 9.912747272717897795e-01 1.421345733755066192e+02 -3.306924616494648014e-03 9.998855487096779404e-01 -1.475543646318706187e-02 -3.936950400767519120e+00 -9.913710492618720282e-01 -5.215436249127426531e-03 -1.313532656373875840e-01 -3.863687484663199712e+01
-1.258890030951797245e-01 1.808123157414714965e-02 9.919008565691426194e-01 1.429594424073167431e+02 -2.771500286729268025e-03 9.998234790178104348e-01 -1.857617006985301869e-02 -3.962061462592088468e+00 -9.920619274759351347e-01 -5.093018244262950515e-03 -1.258166713953479954e-01 -3.873020279707734659e+01
-1.151307022552784665e-01 1.985662152819538465e-02 9.931321904736321038e-01 1.438454105812925832e+02 3.970330956684295365e-03 9.998013909354271922e-01 -1.953679095643684124e-02 -3.976307012307362054e+00 -9.933229119407991359e-01 1.699338946492182697e-03 -1.151867051634555411e-01 -3.883886610477578927e+01
-1.062255387286399066e-01 1.519705859544928477e-02 9.942296062308244586e-01 1.446249586630887336e+02 2.083288285574242619e-03 9.998844094749026468e-01 -1.506244325595596824e-02 -4.003039330141372254e+00 -9.943436983480850033e-01 4.666812024611793723e-04 -1.062449011102992447e-01 -3.891381309451670489e+01
-9.493173671340610076e-02 1.321221580461726976e-02 9.953708374661104363e-01 1.454096676274614879e+02 8.509806454622199229e-03 9.998861843914168546e-01 -1.246125906148867410e-02 -4.037397006158800927e+00 -9.954222039756217555e-01 7.287988338146316955e-03 -9.503330223886270745e-02 -3.898195442692946955e+01
-7.898631810860082259e-02 1.143876706914137391e-02 9.967925974988710580e-01 1.463141835363560688e+02 1.043584510376941235e-02 9.998888579710641933e-01 -1.065095393001189508e-02 -4.082270287554864652e+00 -9.968037674226805089e-01 9.560516606955379859e-03 -7.909690297968130501e-02 -3.905040590367487852e+01
-6.670649879501702739e-02 1.442128558585539094e-02 9.976816113218269777e-01 1.470141618991686983e+02 9.313116077092967182e-03 9.998609735250476582e-01 -1.382815029535028328e-02 -4.103330516114991333e+00 -9.977425372095598544e-01 8.369713126092005739e-03 -6.683158480598121176e-02 -3.908966603654555172e+01
-5.233843081676368969e-02 1.385653643985708568e-02 9.985672223521785407e-01 1.478678764548027118e+02 1.355687709244523045e-02 9.998214447732511889e-01 -1.316449161954959604e-02 -4.131413489011097617e+00 -9.985712754763755861e-01 1.285473243728503870e-02 -5.251699650162486993e-02 -3.912600570280039847e+01
-3.867543549487408028e-02 1.762175484018323537e-02 9.991043065883998819e-01 1.486129799705138339e+02 1.873895292131323720e-02 9.996815393595704924e-01 -1.690402652361932753e-02 -4.149157353722400465e+00 -9.990840516414442041e-01 1.806915927902562682e-02 -3.899337615707197668e-02 -3.915498949196658884e+01
-2.445887241597898693e-02 2.235956415821154994e-02 9.994375058246821597e-01 1.494353066355594990e+02 1.488974204479856338e-02 9.996470374949134596e-01 -2.200609951736641826e-02 -4.184752480824422527e+00 -9.995771888377922298e-01 1.433117525453906672e-02 -2.478315598803395789e-02 -3.916325116958925889e+01
-1.119259652193062629e-02 3.166116274743727838e-02 9.994378157594620005e-01 1.501835137145008332e+02 1.050925943879728493e-02 9.994470861347878321e-01 -3.155081718880108077e-02 -4.216147537926561384e+00 -9.998841490609311489e-01 1.014884020251327797e-02 -1.151897595552565413e-02 -3.914901196258969662e+01
1.841129634064115391e-03 4.055929409263985680e-02 9.991756059761514042e-01 1.509646568587358502e+02 3.939512824228450297e-03 9.991692552694098062e-01 -4.054928524467698442e-02 -4.248562025803943598e+00 -9.999906067617058136e-01 4.002827565420240610e-03 1.679632203469004362e-03 -3.912487406429634973e+01
