1.000000000000000000e+00 -3.306050084167601550e-19 -2.270457535318767223e-19 -8.673617379884035472e-19 7.546676715296109287e-19 1.000000000000000000e+00 6.237773588823049983e-19 1.387778780781445676e-17 -3.447385680526250622e-20 4.770700176052009879e-20 1.000000000000000222e+00 5.551115123125782702e-17
9.996246736164279278e-01 1.549615738124816757e-03 2.735637573623255978e-02 1.215003852814446478e-01 -1.546069269012730887e-03 9.999987963131384827e-01 -1.508500596120242274e-04 -6.188031939219323929e-03 -2.735657967787761408e-02 1.085140520046378582e-04 9.996258691741326530e-01 7.157783949625262654e-02
9.993328534160411669e-01 5.206365207708262173e-03 3.613682100668134944e-02 3.333993700917683989e-02 -5.264489648685958048e-03 9.999850165147032843e-01 1.513195184806616139e-03 2.094873100802890908e-04 -3.612840752784245851e-02 -1.702455712418905623e-03 9.993452574915886455e-01 2.594142398148623907e-01
9.978760001777089439e-01 6.395798255678971332e-03 6.482982532809834775e-02 5.211546890109480107e-02 -6.550870368471892191e-03 9.999761841341396895e-01 2.179855998211670514e-03 -1.601597084174191665e-03 -6.481434329706368958e-02 -2.599938057360626654e-03 9.978941302137558367e-01 4.091243210072463277e-01
9.953261065120638795e-01 6.012807413713157703e-03 9.637171130843001643e-02 1.052775626966929168e-01 -6.412127693574249353e-03 9.999720791281717647e-01 3.834975875622466911e-03 3.373025349434760622e-03 -9.634597154072080394e-02 -4.435136244213823756e-03 9.953368517819448646e-01 5.953527420593158759e-01
9.907293719999337167e-01 2.894903327437499310e-03 1.358083535916133067e-01 1.899595377805949614e-01 -3.735437205562518702e-03 9.999753977510594805e-01 5.934594897799922580e-03 1.824502516827780640e-03 -1.357878454592116313e-01 -6.387010531148890752e-03 9.907158068214253488e-01 7.966036210911551230e-01
9.847091524490764192e-01 -3.034182325078886621e-04 1.742061174381580035e-01 2.514747323623614528e-01 -9.932742556392102577e-04 9.999724550684780944e-01 7.359310718341650903e-03 -4.103411932120520911e-04 -1.742035647179850655e-01 -7.419839257863339310e-03 9.846817242771844780e-01 9.838594232851267662e-01
9.758022629906113465e-01 -6.767371499989295732e-04 2.186411005419085785e-01 3.481742426944534063e-01 -1.154056038635857409e-03 9.999653713342460115e-01 8.246290336524844319e-03 2.766790077355571476e-03 -2.186391207182498408e-01 -8.299074503935287631e-03 9.757677097989831960e-01 1.187201561657393212e+00
9.640743281679953203e-01 -5.296045352826718455e-04 2.656409727522520137e-01 4.382928837303987080e-01 -2.345603131236835125e-03 9.999420574799100514e-01 1.050719977893931067e-02 7.705193506014965110e-03 -2.656311880536404435e-01 -1.075264619764247816e-02 9.640172046688674223e-01 1.403989890980948951e+00
9.501285957708500707e-01 -3.960114398829157022e-03 3.118318397138573617e-01 5.724058618850669244e-01 -1.466195224448077960e-03 9.998515685619521198e-01 1.715951233951316240e-02 1.452948768845575833e-02 -3.118535606756372425e-01 -1.676105185733529901e-02 9.499817840619734222e-01 1.632416869020499650e+00
9.328889580007074800e-01 -1.398025472433059649e-02 3.599507415076786954e-01 7.259288843559811299e-01 5.075781377938027791e-03 9.996574706665485310e-01 2.567436540463631164e-02 6.390991217372160582e-03 -3.601864172745412596e-01 -2.212516704127579295e-02 9.326403818262133383e-01 1.870209772803919313e+00
9.112632320513766038e-01 -1.960059035332801375e-02 4.112623180217853669e-01 8.798107152304519563e-01 7.872609794775510192e-03 9.995133160920559590e-01 3.018115099726881648e-02 3.151637887889024991e-03 -4.116537653302623223e-01 -2.426439956277508248e-02 9.109740331210635089e-01 2.085211497277009052e+00
8.864899150327888444e-01 -2.183334090512953699e-02 4.622432792015527814e-01 1.069110565832589677e+00 6.075997694999289538e-03 9.993494602765531365e-01 3.554446058870122660e-02 8.851034775617078187e-03 -4.627186400860668347e-01 -2.870255449611840495e-02 8.860457217174833033e-01 2.329108766301973610e+00
8.599804744923725819e-01 -2.324796394948732206e-02 5.098364790801619417e-01 1.237497319855286548e+00 4.194991349736808435e-03 9.992501156069101276e-01 3.849123572402645549e-02 2.618282361415202181e-02 -5.103490579110689929e-01 -3.096397649295996174e-02 8.594330427704379716e-01 2.524566564444890915e+00
8.279241385775296669e-01 -2.942294205125488282e-02 5.600418972290124309e-01 1.485837937128512198e+00 5.466970993818502135e-03 9.989989412155033666e-01 4.440378052313321416e-02 3.404246159414731077e-02 -5.607873849998040727e-01 -3.370509296000733651e-02 8.272560164288911277e-01 2.746395915575080782e+00
7.902145656670160889e-01 -3.553953856645636344e-02 6.117269778646019507e-01 1.721053828970168675e+00 8.142180328528767289e-03 9.988376654600411575e-01 4.752108361265861697e-02 3.677515972016703882e-02 -6.127045380974652788e-01 -3.257016900731618536e-02 7.895856072365904366e-01 2.973329316873305039e+00
7.527669026658756479e-01 -4.000969113805269428e-02 6.571489461001281951e-01 1.980187925351466482e+00 8.886945263297345993e-03 9.986780782685887869e-01 5.063044572251547415e-02 4.817281168183731865e-02 -6.583058936342275347e-01 -3.227606828690871704e-02 7.521271850315698337e-01 3.166836274306615628e+00
7.128577592073007674e-01 -4.253377880411213230e-02 7.000263373195233507e-01 2.262834319300852215e+00 9.591975262929521018e-03 9.986572481747232333e-01 5.090899881292772211e-02 5.656908103931320569e-02 -7.012516040979164256e-01 -2.957869341188110873e-02 7.123083492463943012e-01 3.384678441061791165e+00
6.705950599598023976e-01 -4.467647698498493358e-02 7.404225655066714040e-01 2.559095051405486654e+00 8.942508607957332101e-03 9.985991330640135999e-01 5.214451328782983286e-02 7.598681017799663318e-02 -7.417153169230623622e-01 -2.834293920561377703e-02 6.700551794584839183e-01 3.569847325365287372e+00
6.280620278033335335e-01 -4.412832624271150611e-02 7.768997955485944518e-01 2.878084892931803473e+00 3.871726204000162496e-03 9.985557053789880788e-01 5.358451695977612533e-02 9.449573490338038229e-02 -7.781423591280053342e-01 -3.064664461980061774e-02 6.273256505113737891e-01 3.797258312542399761e+00
5.871448202325728616e-01 -4.496517008421670181e-02 8.081888622185128268e-01 3.238969774514960598e+00 1.260730926122656482e-03 9.985053397363775618e-01 5.463617434331335260e-02 1.120181692891189934e-01 -8.094381741366565297e-01 -3.105266047948020483e-02 5.863243201831799256e-01 4.010959203282420837e+00
5.461977697101372264e-01 -4.637713142334942695e-02 8.363669433501289552e-01 3.613046493629534783e+00 -9.575482203689687473e-04 9.984307507751228883e-01 5.599015649208743950e-02 1.257005512990177487e-01 -8.376517242440999489e-01 -3.137529507717912863e-02 5.452965898548582935e-01 4.212343729555799499e+00
5.074238249182820848e-01 -4.879766368834709267e-02 8.601768157785163460e-01 4.020543187281493402e+00 -1.855191619824310108e-03 9.983311674320053397e-01 5.772758655954396412e-02 1.507341348988417984e-01 -8.615575350042430358e-01 -3.089470966801967367e-02 5.064863711751034225e-01 4.448378245677071519e+00
4.714057409863041670e-01 -4.840389665117372092e-02 8.806454620744442741e-01 4.458667406184660287e+00 -5.548005922967791555e-03 9.983104352511299462e-01 5.782166151752440864e-02 1.636754940793197777e-01 -8.819568669956932006e-01 -3.214160279124964048e-02 4.703403265816273882e-01 4.617914130172505516e+00
4.359901788228352504e-01 -4.719346935282070499e-02 8.988623065007828039e-01 4.926173691546680722e+00 -6.698081104590749950e-03 9.984262193917251560e-01 5.567017471614907342e-02 1.906274975108416259e-01 -9.000757986061339588e-01 -3.028480756635479332e-02 4.349879773385709747e-01 4.830952797270529508e+00
4.004914791284723830e-01 -4.667122141609918173e-02 9.148943224608181435e-01 5.432692866897927075e+00 -4.669988804816405277e-03 9.985848291514511921e-01 5.298171789014653743e-02 2.083185397037378705e-01 -9.160722188841320390e-01 -2.548860114385313735e-02 3.997070238295278299e-01 5.005192697375791866e+00
3.699652353279814232e-01 -4.502410037802591358e-02 9.279562197373127930e-01 5.930426912987608823e+00 -2.970822223001655035e-03 9.987626190164298201e-01 4.963385620683224975e-02 2.323812139291682732e-01 -9.290431445545062061e-01 -2.111625389820263529e-02 3.693735088376567388e-01 5.190862298810594133e+00
3.453759807696207829e-01 -4.244159561365420247e-02 9.373735901617876731e-01 6.499078381008165373e+00 -2.541692725645236083e-03 9.989310978049887879e-01 4.615976757258294372e-02 2.541004114231575350e-01 -9.383300598570442075e-01 -1.833617295527229657e-02 3.448985679402831184e-01 5.360563651452129541e+00
3.242235152282882948e-01 -4.237218825356671437e-02 9.450293097699473677e-01 7.078859978826551824e+00 -1.349289025416964801e-03 9.989745304061010689e-01 4.524409295009939463e-02 2.821913460937434115e-01 -9.459779950411631999e-01 -1.593354172823447171e-02 3.238340066441294796e-01 5.530953792286866566e+00
3.107255964269928783e-01 -4.251269866008847848e-02 9.495459555386543959e-01 7.667215094374633111e+00 -2.073088891668217835e-04 9.989959666536392113e-01 4.479867800145306139e-02 3.104488957014820971e-01 -9.504976473931381342e-01 -1.410746918856075997e-02 3.104051015578874195e-01 5.727811115193152780e+00
2.981335350022139008e-01 -4.485405954508894094e-02 9.535880013313478010e-01 8.299996534454354702e+00 1.020191990123582668e-03 9.989098492870013279e-01 4.666063695065473388e-02 3.290654241391524071e-01 -9.546418580095130668e-01 -1.293658961326676383e-02 2.978539753203888196e-01 5.911380906855824513e+00
2.872592876163092557e-01 -4.593884057145047883e-02 9.567886630383307667e-01 8.929626428554618300e+00 -3.408034717020338067e-04 9.988438490857390883e-01 4.807153204985128991e-02 3.571990801821918193e-01 -9.578914916461300777e-01 -1.412126873400680951e-02 2.869120763106470795e-01 6.093667808358609328e+00
2.768508658934009659e-01 -4.740048960539451628e-02 9.596681498919207298e-01 9.612823162854862602e+00 -2.987121591664863070e-03 9.987352584101233388e-01 5.019339997820902732e-02 3.897219978053228506e-01 -9.608336872594003264e-01 -1.676105135190763748e-02 2.763592640135839607e-01 6.301863522076763147e+00
2.651709110271236458e-01 -4.880269097021568137e-02 9.629089162224737652e-01 1.030541720509667769e+01 -2.831262043887406484e-03 9.986750698568536144e-01 5.138366493182384975e-02 4.171350923368015717e-01 -9.641400322471197493e-01 -1.636583579065879410e-02 2.646806828962353642e-01 6.488039121975276657e+00
2.557701175410441174e-01 -5.142187332548224521e-02 9.653895872699055358e-01 1.104444537635314028e+01 -4.211869255303534419e-03 9.985158051091115317e-01 5.430169148709559912e-02 4.510746019443586663e-01 -9.667489556300932207e-01 -1.796008334868591169e-02 2.551736026966004434e-01 6.694820809152369101e+00
2.463273449147762029e-01 -5.310683266328079799e-02 9.677857962439812001e-01 1.178196188915966935e+01 -4.815371108031434207e-03 9.984183974996173605e-01 5.600752682688508316e-02 4.857017312929086117e-01 -9.692298144692995665e-01 -1.845692073451918672e-02 2.456816920300340379e-01 6.887044070872519796e+00
2.350588849314906859e-01 -5.440186951746777549e-02 9.705462432034193121e-01 1.254292053444525656e+01 -4.476967793771904208e-03 9.983611447753901746e-01 5.704570705120099589e-02 5.173851907730030453e-01 -9.720598068472278142e-01 -1.774510928786823469e-02 2.344302530813959229e-01 7.075252154327777099e+00
2.254743745061159876e-01 -5.702788798998724429e-02 9.724768499328647620e-01 1.331649597612697100e+01 -5.977379456822765058e-03 9.981860828955427811e-01 5.991438591609114100e-02 5.542221456107189193e-01 -9.741283222850869450e-01 -1.934108327396381888e-02 2.247238722749695106e-01 7.259957928011494310e+00
2.140145292041313041e-01 -6.094897443802498038e-02 9.750048747953096173e-01 1.410696152094234002e+01 -8.408494265297902434e-03 9.979002011831830110e-01 6.420500443478152630e-02 5.997037367024408150e-01 -9.768711085810029005e-01 -2.193914021363610120e-02 2.130520221418301385e-01 7.441451188520715299e+00
2.006595933577154656e-01 -6.437880407861941434e-02 9.776010683524787304e-01 1.490733720508607085e+01 -8.890996381825316125e-03 9.976777336854157907e-01 6.752640524725291027e-02 6.356852754716879605e-01 -9.796782917414510461e-01 -2.224295243754403212e-02 1.996210410198418772e-01 7.596848336444682381e+00
1.872379433359039336e-01 -6.645124258469113643e-02 9.799926124267543948e-01 1.570482011257023736e+01 -1.014405842459628788e-02 9.975253746129212340e-01 6.958526258385219765e-02 6.723584645858946551e-01 -9.821904637361078549e-01 -2.298352704752512285e-02 1.861004624304702926e-01 7.753773648673727870e+00
1.737062736380071415e-01 -6.803103752063070775e-02 9.824777312726548084e-01 1.652010862638377731e+01 -9.937897482686343376e-03 9.974394504114885152e-01 7.082950471234750189e-02 7.104264178225998538e-01 -9.847799597543710481e-01 -2.208037775167156352e-02 1.725850534525643076e-01 7.897192420035121785e+00
1.583227757953946935e-01 -6.639720789857173067e-02 9.850609642725740578e-01 1.733549391947600071e+01 -1.172166250242350459e-02 9.975399561779731972e-01 6.910651579528857835e-02 7.532501849569123165e-01 -9.872260892657745979e-01 -2.248906602184805661e-02 1.571547406514109957e-01 8.020503347961069451e+00
1.434895029594276117e-01 -6.472531128488126506e-02 9.875341251851930124e-01 1.814788757568088329e+01 -1.282887193778520230e-02 9.976529565641120145e-01 6.728217035666303469e-02 7.907405509399210164e-01 -9.895708589837640679e-01 -2.232847404980512276e-02 1.423230004192782283e-01 8.137302556456425862e+00
1.208589173861732702e-01 -6.367392521602568967e-02 9.906048771329596381e-01 1.898260423052125390e+01 -1.481032318043799464e-02 9.977140867941378666e-01 6.594535546117424873e-02 8.259185201748632243e-01 -9.925384144763416128e-01 -2.265729112576892607e-02 1.196393726526510382e-01 8.246704782140350076e+00
9.736598136685328808e-02 -6.223343394337522982e-02 9.933054672705349253e-01 1.981598056286808429e+01 -1.923871368493173042e-02 9.977389830051708319e-01 6.440069957185630412e-02 8.668354601422688654e-01 -9.950669878937180579e-01 -2.538426481580310923e-02 9.594850063671161999e-02 8.325235963671309136e+00
6.845538290346613042e-02 -6.158074093137751864e-02 9.957478558290500104e-01 2.065603203738977101e+01 -2.381266709540602947e-02 9.977079840863218863e-01 6.332535125498135742e-02 9.055093046890156927e-01 -9.973658261517128754e-01 -2.803642987608561885e-02 6.683206711560836510e-02 8.386333450219527919e+00
3.255034992368159574e-02 -6.158405433876067842e-02 9.975708504978633151e-01 2.150999366825769954e+01 -2.674629210234467924e-02 9.976885053461539421e-01 6.246160729536082840e-02 9.420302527963744232e-01 -9.991128327405572884e-01 -2.869343388704930636e-02 3.082831426234442646e-02 8.414284971462091534e+00
4.476326406174266457e-05 -6.061652596926130065e-02 9.981611550026698865e-01 2.236638828429232362e+01 -2.754460906457031205e-02 9.977820980580707211e-01 6.061554289025058301e-02 9.775211962100476271e-01 -9.996210530479814338e-01 -2.750548801138045021e-02 -1.624809449744923006e-03 8.400716487179691327e+00
-3.548282420172485518e-02 -5.971485316916610303e-02 9.975837641610034723e-01 2.322844004526761097e+01 -2.829748136243769377e-02 9.978725955819436333e-01 5.873428389606973055e-02 1.003568713432713144e+00 -9.989697129046423152e-01 -2.612546051827587326e-02 -3.709667597034853326e-02 8.364746740263250047e+00
-6.820262905613794224e-02 -5.725848355402391593e-02 9.960095972738346459e-01 2.407835347652819991e+01 -3.069468065767820553e-02 9.980001965122059504e-01 5.524178438167007266e-02 1.028323297659170743e+00 -9.971797039211315328e-01 -2.682697432581625588e-02 -6.982441994458567225e-02 8.309377149478329727e+00
-1.005861006281301984e-01 -5.465961375704634501e-02 9.934331689665346632e-01 2.494004690199462715e+01 -3.258369950993834224e-02 9.981357994231150332e-01 5.160201937750934914e-02 1.062915698965568367e+00 -9.944000215746651161e-01 -2.721255615785141482e-02 -1.021801184069155294e-01 8.221042403832662160e+00
-1.325418077879968182e-01 -4.964434430773537882e-02 9.899671477342051329e-01 2.580506140425703521e+01 -3.049099569864950274e-02 9.984766907962820959e-01 4.598553172939603972e-02 1.091351667018193305e+00 -9.907412821446200946e-01 -2.410488439873505542e-02 -1.338537081578213273e-01 8.097032908672895601e+00
-1.633847788478824392e-01 -4.400221967825507924e-02 9.856160301390384237e-01 2.663952424670918617e+01 -2.520488223004164682e-02 9.988652093919245800e-01 4.041881072738615077e-02 1.108318157063841625e+00 -9.862751193680345807e-01 -1.825983373159168616e-02 -1.643086014396186179e-01 7.940544560765257387e+00
-1.965599670908979024e-01 -3.740687075015487750e-02 9.798254474361647315e-01 2.749200840359925735e+01 -1.888273469609509994e-02 9.992308991371413596e-01 3.436338547120375286e-02 1.119914264693806061e+00 -9.803575960727556327e-01 -1.174408676268924936e-02 -1.971150996602265559e-01 7.754518181353341255e+00
-2.215291054803915083e-01 -3.226229505210010534e-02 9.747226325564369853e-01 2.832551067715738569e+01 -1.249084141643752241e-02 9.994642340891642940e-01 3.026062300735716387e-02 1.129885776033141997e+00 -9.751768050684760381e-01 -5.474442489099940606e-03 -2.218132428322529548e-01 7.549277038436127185e+00
-2.487105039011607288e-01 -2.590638585200780858e-02 9.680934966473818681e-01 2.915858846221700773e+01 -4.808212321745987568e-03 9.996626682348614956e-01 2.550975379925913764e-02 1.135279193633996320e+00 -9.684284312285729168e-01 1.708878710953112834e-03 -2.487510542091126153e-01 7.320018151834504216e+00
-2.790083185798543086e-01 -1.486323939765313122e-02 9.602706031772376694e-01 2.998913270965526934e+01 2.320797692338548782e-03 9.998668293290098319e-01 1.615062935643065897e-02 1.131004843128331272e+00 -9.603829502643908000e-01 6.728437818390328035e-03 -2.789367401764930032e-01 7.065660423953078251e+00
-3.027939574518336840e-01 -1.301794829978301959e-04 9.530438641938387967e-01 3.079377887286366899e+01 7.175972384405972411e-03 9.999712639091534738e-01 2.418240677682956079e-03 1.118231105459646768e+00 -9.530169896419048436e-01 7.573782342031651522e-03 -3.027843392331986405e-01 6.798977112223939301e+00
-3.262465842166284991e-01 1.768400675341549530e-02 9.452115278780036656e-01 3.158533872133447318e+01 8.083709429503078622e-03 9.998406054277085842e-01 -1.591272206751176074e-02 1.095746330609423058e+00 -9.453424734833887344e-01 2.450171657214596666e-03 -3.263375395635885745e-01 6.523211334938945782e+00
-3.521160367451517947e-01 3.294330670499926589e-02 9.352334530753037001e-01 3.237279704697991178e+01 8.423881839673521069e-03 9.994512822956991283e-01 -3.202753037174133760e-02 1.068031379868798814e+00 -9.357755606235899082e-01 -3.404516965341951133e-03 -3.522003137477976442e-01 6.226687188738631029e+00
-3.743654830829374336e-01 4.353462293498032432e-02 9.263230877294396093e-01 3.316010083623038440e+01 1.231665343226811225e-02 9.990428197076367534e-01 -4.196466678920968141e-02 1.029241699416154621e+00 -9.272637040607040193e-01 -4.305830826350896638e-03 -3.745435241971785123e-01 5.908417478727247207e+00
-3.994026052823111961e-01 4.852805626357074853e-02 9.154924604490339846e-01 3.393633312262379320e+01 1.599859608180359202e-02 9.988151692242559498e-01 -4.594959461023002956e-02 9.731354150040667506e-01 -9.166377594687193930e-01 -3.707361958235238716e-03 -3.997060095291030124e-01 5.568552153059332710e+00
-4.214139985485342299e-01 4.758108653577101943e-02 9.056906179696561088e-01 3.470708733983658334e+01 1.878325862021391901e-02 9.988661999433507965e-01 -4.374897247518495791e-02 9.248176565421757367e-01 -9.067452994843929748e-01 -1.416213864492550179e-03 -4.218300171182357561e-01 5.203725671894248173e+00
-4.403918402175095448e-01 4.295351214069054180e-02 8.962351070567129430e-01 3.546719925978145938e+01 2.147476563183203443e-02 9.990724349544567451e-01 -3.730719860667000565e-02 8.751480384365808440e-01 -8.970074633496097904e-01 2.779502703554604867e-03 -4.409054525441066796e-01 4.829886818324336417e+00
-4.593801394403362326e-01 4.154244149350642262e-02 8.872028300816562352e-01 3.621697435319802594e+01 2.918450946597730272e-02 9.990720957574985572e-01 -3.167610740403856151e-02 8.243318078279867622e-01 -8.876957559264381237e-01 1.133512997456572087e-02 -4.601662173626183128e-01 4.436624525444524458e+00
-4.748379390516874188e-01 4.228925563778065944e-02 8.793833160014937755e-01 3.695333897768711751e+01 3.286831282691660833e-02 9.990000004705414938e-01 -3.032898697157944759e-02 7.732858479201577540e-01 -8.797864008681928194e-01 1.451665826322835751e-02 -4.757531060832370651e-01 4.023173646268754844e+00
-4.837803189316265406e-01 4.599846343910126562e-02 8.744230695700094813e-01 3.767947486352637299e+01 3.655848617057879529e-02 9.988083603376451958e-01 -3.233908684808147610e-02 7.278738134662992021e-01 -8.748685438473896570e-01 1.633414003781477608e-02 -4.848854659036230252e-01 3.618256638441631257e+00
-4.942013487950593920e-01 4.833866913694254142e-02 8.679402234269396610e-01 3.838430906884345717e+01 3.754829783492834305e-02 9.987082894749459427e-01 -3.420104106404957961e-02 6.792710081960198210e-01 -8.684728063311574209e-01 1.567624866324199978e-02 -4.953781019023444365e-01 3.228765001146340019e+00
-5.024171882956975921e-01 4.759897972079062123e-02 8.628870330858040560e-01 3.909339681977338188e+01 3.117816772102482981e-02 9.988317236363317697e-01 -3.688741980607666143e-02 6.358605536966157601e-01 -8.636352231441368765e-01 8.352189039988043573e-03 -5.033144286244780607e-01 2.816967964957339809e+00
-5.156974818208639455e-01 4.549679223402461337e-02 8.559842331114159153e-01 3.978820208082099441e+01 2.957637988846753899e-02 9.989393590737103423e-01 -3.530661769997033711e-02 5.965282753533295290e-01 -8.566819353486375688e-01 7.135276860416532585e-03 -5.164962026427083464e-01 2.410216895878685150e+00
-5.222955295067729375e-01 4.720939428487250927e-02 8.511694432970663415e-01 4.048572605331058583e+01 3.181336191913879813e-02 9.988496588515224373e-01 -3.586736969374814538e-02 5.500661266900448432e-01 -8.518845734389738356e-01 8.319518078475782868e-03 -5.231964924161912611e-01 1.976948814650039576e+00
-5.288907058247773740e-01 5.041373925195973688e-02 8.468820228798753513e-01 4.118815311113373667e+01 3.513523286238268151e-02 9.986789039696335468e-01 -3.747832665443995293e-02 4.981588427249453721e-01 -8.476533676109316850e-01 9.914089638959778378e-03 -5.299631401614577353e-01 1.532797027485853336e+00
-5.341438831186562375e-01 5.429015730822042696e-02 8.436030325107032324e-01 4.188585824921349854e+01 3.736688577350565088e-02 9.984765869229905721e-01 -4.058900521927428368e-02 4.627451361951908648e-01 -8.445222725238238359e-01 9.820002374843159534e-03 -5.353586117976509851e-01 1.090173398382553227e+00
-5.317479799692850229e-01 5.514861309862820887e-02 8.447405655327253626e-01 4.262804361015489718e+01 3.655250883491722308e-02 9.984421238338018201e-01 -4.215066357878236025e-02 4.188816931667055377e-01 -8.457489452288796672e-01 8.463312801499856680e-03 -5.329352293938443008e-01 6.235800211195119402e-01
-5.274615087920863088e-01 5.547750315473500698e-02 8.474270857288220826e-01 4.337264193407821011e+01 3.865773487529935992e-02 9.983997878958656980e-01 -4.124040422945003670e-02 3.732536595470841712e-01 -8.483592100102356204e-01 1.099596550457140019e-02 -5.287621755118604439e-01 1.616207545243971977e-01
-5.236310168660949227e-01 5.412322909278945160e-02 8.497364128996991450e-01 4.412878732612269062e+01 3.752407280843678139e-02 9.984765266963926411e-01 -4.044231057548509228e-02 3.234255201919863376e-01 -8.506311648494564448e-01 1.069614504231378160e-02 -5.248639395864621582e-01 -2.956365332240962207e-01
-5.156707405843971026e-01 5.283985436703116795e-02 8.551071577714585148e-01 4.492084055843334056e+01 3.447773514722659444e-02 9.985678663257401277e-01 -4.090705918910741284e-02 2.790689100603409023e-01 -8.560438374602364897e-01 8.393453128937838209e-03 -5.167540540898845070e-01 -7.636313506696261744e-01
-5.090748064101261461e-01 5.130528199742580286e-02 8.596760495986279782e-01 4.571062135787997960e+01 3.251146328078950015e-02 9.986559777230379353e-01 -4.038098332786835970e-02 2.341406081348349211e-01 -8.605913907735514012e-01 7.419412694281248173e-03 -5.100588238626552195e-01 -1.221386231998844218e+00
-5.025208901471975853e-01 5.056836010585051555e-02 8.631391271771189366e-01 4.651114802582782204e+01 3.016034144123354299e-02 9.987058075841893645e-01 -4.094919764030768849e-02 1.851337539915926256e-01 -8.640928013527526819e-01 5.453366633752900275e-03 -5.033956489433392134e-01 -1.667015788646159846e+00
-4.974199772376013962e-01 4.775382271257235661e-02 8.665559110634222240e-01 4.735694232966432793e+01 2.544878720946475159e-02 9.988575119329952123e-01 -4.045191164820149260e-02 1.345705776377753016e-01 -8.674974318239991877e-01 1.936402049045567782e-03 -4.980671006496020237e-01 -2.138767737419076553e+00
-4.975224898244998140e-01 4.533792552457091563e-02 8.661881263245831963e-01 4.818839831533146878e+01 2.154416276412904341e-02 9.989706512522745774e-01 -3.992646649156009198e-02 8.643452660055891967e-02 -8.671065888293479906e-01 -1.198697080126844266e-03 -4.979869495079901065e-01 -2.592215103392451425e+00
-4.962041897704518867e-01 4.219562108865475281e-02 8.668713467046587073e-01 4.906606161362080343e+01 1.768774634590582900e-02 9.991021092237010182e-01 -3.848982615343292391e-02 2.995065615472725096e-02 -8.677175664799643418e-01 -3.780565891584301234e-03 -4.965048146616077851e-01 -3.085291271299538618e+00
-4.976194115171106991e-01 4.110101646411470216e-02 8.667491723161554473e-01 4.993876732011002417e+01 1.662855041129496919e-02 9.991452001533841498e-01 -3.785458461413706427e-02 -1.576000057257750941e-02 -8.675640170188246847e-01 -4.414727130529695794e-03 -4.978774479342166770e-01 -3.561655348485659900e+00
-4.990199571352528229e-01 4.067557261132318663e-02 8.655744936888976060e-01 5.081123863855887635e+01 1.634819209980586940e-02 9.991616181039730815e-01 -3.753603950675144657e-02 -7.208601222946386944e-02 -8.663758403262066254e-01 -4.583965435339611323e-03 -4.992663965625160905e-01 -4.054899902803149381e+00
-4.976087479172037753e-01 3.958676257314749924e-02 8.667470974482831547e-01 5.171651212542850828e+01 1.591720045740751405e-02 9.992065906102424178e-01 -3.651185674275853055e-02 -1.242659223337920643e-01 -8.675045933806956322e-01 -4.360386573185871112e-03 -4.978442401883083068e-01 -4.568465724611749934e+00
-4.975574007482262417e-01 3.854301997159537835e-02 8.669230060649294467e-01 5.262302730201967194e+01 1.649470776636627681e-02 9.992521585301202824e-01 -3.497486037584375540e-02 -1.756022996367187783e-01 -8.676227912072046466e-01 -3.095621626478235831e-03 -4.978211711272309548e-01 -5.074353525295253853e+00
-4.975970127654456010e-01 3.818395554921954343e-02 8.668024530692991503e-01 5.353274924965505477e+01 1.532620994882532249e-02 9.992617034912806284e-01 -3.523416239780974984e-02 -2.311555788592202787e-01 -8.675077550707432916e-01 -4.240564831416083168e-03 -4.978149161267597655e-01 -5.574336305499111965e+00
-4.962402117891153153e-01 3.673055496273234383e-02 8.675409473546895622e-01 5.447201990382817627e+01 1.340805639543863823e-02 9.993099878878130005e-01 -3.463502043240560685e-02 -2.856904001873225019e-01 -8.682144827864795023e-01 -5.553031412438531184e-03 -4.963904200005226364e-01 -6.091380899796127402e+00
-4.962494124438018850e-01 3.584826022645665189e-02 8.674274321073011107e-01 5.535763645742550665e+01 1.264988099282586195e-02 9.993396894336431524e-01 -3.406336063481403553e-02 -3.394237737473343453e-01 -8.680756468731819497e-01 -5.922918971918962085e-03 -4.963752773140905350e-01 -6.572905432734145847e+00
-4.948758027810895022e-01 3.544742414016816695e-02 8.683989824510010003e-01 5.629662585065952385e+01 1.178254394233760327e-02 9.993498115167881446e-01 -3.406887120070750674e-02 -4.025864763972981653e-01 -8.690421231203941943e-01 -6.626122096748493680e-03 -4.949718362656059245e-01 -7.088626232520941706e+00
-4.910516617784828619e-01 3.350382677925053954e-02 8.701125199578361169e-01 5.721177938392378337e+01 1.076050436507019863e-02 9.994168561529133132e-01 -3.239365622728589134e-02 -4.546802109798493419e-01 -8.706908903148891099e-01 -6.563630304445154835e-03 -4.911258323730113839e-01 -7.593444782021099293e+00
-4.895753709665922049e-01 3.064624662533385266e-02 8.712816107346866845e-01 5.813684690208949490e+01 1.099041556228670669e-02 9.995197062428408108e-01 -2.897063317382379821e-02 -5.149646805018589513e-01 -8.717509073624482019e-01 -4.606454170781306041e-03 -4.896770573202396948e-01 -8.093711045060485887e+00
-4.843225449927646142e-01 2.934724647806983763e-02 8.742482614857153278e-01 5.907179595078705603e+01 1.142269450994404766e-02 9.995641848552864195e-01 -2.720640149035030014e-02 -5.632552314394182469e-01 -8.746659318614241618e-01 -3.202175666678718554e-03 -4.844467511277043004e-01 -8.600600133888699261e+00
-4.829198962587198940e-01 2.945223989534129228e-02 8.753018093891546947e-01 5.999726407571157694e+01 1.162450510928592778e-02 9.995619706149873052e-01 -2.721522405509039719e-02 -6.122442457021772810e-01 -8.757198671203887397e-01 -2.961631099973569513e-03 -4.830508933164572305e-01 -9.100928892904486034e+00
-4.791189079094572700e-01 2.915284635418061848e-02 8.771439957543217814e-01 6.091011128266163865e+01 1.133946410627357550e-02 9.995704897527869504e-01 -2.702670157136940338e-02 -6.644405270529400998e-01 -8.775550889673953137e-01 -3.002484740291018733e-03 -4.792437318639291011e-01 -9.588314468006272406e+00
-4.777094753659206772e-01 2.961136835258048466e-02 8.782258388198429522e-01 6.181470540492792054e+01 1.194714595524037741e-02 9.995586684712507441e-01 -2.719888566711261418e-02 -7.153390202669690501e-01 -8.786434782155008172e-01 -2.490902204645777020e-03 -4.778526206108232310e-01 -1.007768938766752420e+01
-4.791711836048205830e-01 3.126270851039590626e-02 8.770106030144756426e-01 6.271941727956959056e+01 1.113298244279670689e-02 9.995016158768146308e-01 -2.953310440891920505e-02 -7.703308982268298744e-01 -8.774969349262189411e-01 -4.397567194613146574e-03 -4.792804451942810906e-01 -1.055915943797534950e+01
-4.820275385024155868e-01 3.254939034745726878e-02 8.757633641035065253e-01 6.363146724599397430e+01 1.028323937164693502e-02 9.994511123161288202e-01 -3.150379469127925769e-02 -8.211417206973671279e-01 -8.763078024731002502e-01 -6.166682747623109841e-03 -4.820976591923601395e-01 -1.105495955056276003e+01
-4.859518101075730456e-01 3.392020321427892393e-02 8.730782241662776721e-01 6.452715714166507155e+01 8.416437860313220540e-03 9.993814322147351881e-01 -3.413711640291523797e-02 -8.849792227623698437e-01 -8.736966655790471270e-01 -9.260420362906862657e-03 -4.859365326696773457e-01 -1.153445765967211933e+01
-4.911095857681312959e-01 3.156591879660763933e-02 8.702957091201115603e-01 6.543089698162106060e+01 8.178463549266044505e-03 9.994660955101857258e-01 -3.162273578038282684e-02 -9.276410585851657675e-01 -8.708296367264063420e-01 -8.429640124710117630e-03 -4.911056142418713244e-01 -1.202861812335900638e+01
-4.961571553696764725e-01 2.900829894523417746e-02 8.678004648992709846e-01 6.631872312601748831e+01 1.089778295708509689e-02 9.995711065521840633e-01 -2.717984591457201990e-02 -9.882277370047162224e-01 -8.682166569943869927e-01 -4.030682165211955069e-03 -4.962604401351444205e-01 -1.253584729636319217e+01
-5.028104827522804632e-01 2.652300699423170566e-02 8.638469991999264685e-01 6.719413667287516034e+01 8.630846668437235428e-03 9.996332697672465351e-01 -2.566961006591608405e-02 -1.041875889643832487e+00 -8.642111348736993826e-01 -5.458237340768883929e-03 -5.028548366708803785e-01 -1.303076489583765962e+01
-5.056739753281667138e-01 2.954144490390896854e-02 8.622515714490067706e-01 6.807360823087327617e+01 8.772542032757712702e-03 9.995378620535677605e-01 -2.911377416979055860e-02 -1.095041698944295261e+00 -8.627130899918338258e-01 -7.148232887241423583e-03 -5.056994022245161480e-01 -1.353750399290719919e+01
-5.109235952184921770e-01 3.215296927273950112e-02 8.587203939592570334e-01 6.892499640414555984e+01 9.927504464664652431e-03 9.994538656641552832e-01 -3.152463132985634103e-02 -1.139207611070666815e+00 -8.592650021823718953e-01 -7.586094514228070539e-03 -5.109634917858426606e-01 -1.404579934632756100e+01
-5.162310019303051334e-01 3.241280482541517710e-02 8.558617982207586961e-01 6.978058339024674694e+01 8.455250156525585120e-03 9.994277577661838663e-01 -3.276425642644082564e-02 -1.192360234822225751e+00 -8.564336235597820313e-01 -9.658953329200865856e-03 -5.162096824144004614e-01 -1.452643199941475238e+01
-5.201060069846088485e-01 3.223060327150233106e-02 8.536481066854181288e-01 7.062985735415895761e+01 7.554335513299631662e-03 9.994224319687490254e-01 -3.312939838508108942e-02 -1.244023381793566640e+00 -8.542228719920931246e-01 -1.078618218624344260e-02 -5.200491067353915087e-01 -1.505060111485378194e+01
-5.228965482513888707e-01 3.243622527922762622e-02 8.515308161909030948e-01 7.147433132709551273e+01 8.068922471479765893e-03 9.994188864090152169e-01 -3.311190130904013984e-02 -1.300270376852319165e+00 -8.521103799422664604e-01 -1.046094336476917699e-02 -5.228541610297885445e-01 -1.553724805372972995e+01
-5.265100002208066288e-01 2.397470136116068226e-02 8.496889575912170978e-01 7.231296375585880298e+01 8.641256482475826589e-03 9.997016035136968570e-01 -2.284367307405127043e-02 -1.352878234231981613e+00 -8.499830966813300970e-01 -4.692666237108087356e-03 -5.265599928993661694e-01 -1.606592019247097980e+01
-5.277850902706552327e-01 1.530247914625355171e-02 8.486444417423540942e-01 7.315497085853697001e+01 8.492325590330761925e-03 9.998826823386582907e-01 -1.274240551166489800e-02 -1.396347959717882947e+00 -8.487400597623458998e-01 4.769565098877123527e-04 -5.278530880930883962e-01 -1.658644481085984168e+01
-5.291663190776287884e-01 1.204645431229014844e-02 8.483549194591577525e-01 7.398903279826379276e+01 8.154883377495019542e-03 9.999251982420337415e-01 -9.114655651501222047e-03 -1.432058462475057858e+00 -8.484014199798239897e-01 2.096798767735276806e-03 -5.292250752245856171e-01 -1.710342789040376488e+01
-5.316439839089346364e-01 1.826140004007988440e-02 8.468237074623303773e-01 7.480794594899109029e+01 9.346490356333260474e-03 9.998331203391150890e-01 -1.569358013054479237e-02 -1.459985075957323852e+00 -8.469691368455720681e-01 -4.341384357192005572e-04 -5.317259592260483725e-01 -1.761530600044898875e+01
-5.317104534663642523e-01 2.286038658083495642e-02 8.471309472827290854e-01 7.562875750710421130e+01 9.503254765793537132e-03 9.997339100060265160e-01 -2.102355897214110148e-02 -1.495953996072036274e+00 -8.473860551924934370e-01 -3.114216220332285782e-03 -5.317863001485184649e-01 -1.812338914979289228e+01
-5.329865284564998529e-01 2.872450573812623462e-02 8.459594295106818151e-01 7.644096296676985958e+01 1.639099985735109621e-02 9.995865487047234099e-01 -2.362814479050259417e-02 -1.536329499348327410e+00 -8.462882291174042004e-01 1.284579514246049926e-03 -5.332370594327937585e-01 -1.864403344900254922e+01
-5.314873618989673920e-01 2.823281852064515179e-02 8.469881588115291127e-01 7.726622757291855237e+01 1.918526795746305566e-02 9.995892211891935775e-01 -2.128727081132060842e-02 -1.583489307038109750e+00 -8.472412988537160183e-01 4.934501326810328790e-03 -5.318108799048502089e-01 -1.917894956918076232e+01
-5.314734884695808681e-01 2.641387468219251120e-02 8.469116888847278979e-01 7.809114895074026208e+01 1.886249874618041444e-02 9.996349544380140895e-01 -1.933090728195244190e-02 -1.625066507441582209e+00 -8.471132908870030453e-01 5.699666079320872721e-03 -5.317779205697210632e-01 -1.969362568166426541e+01
-5.300709056174197631e-01 1.989664178011855272e-02 8.476429980924925500e-01 7.890794835547193031e+01 1.637876808441500118e-02 9.997783654240398610e-01 -1.322150132286651139e-02 -1.661982258026928339e+00 -8.477182903474099751e-01 6.872059520346882576e-03 -5.302793687574257619e-01 -2.019496196123673215e+01
-5.290455329221122049e-01 1.401807804934633583e-02 8.481497019976800278e-01 7.973602966973578532e+01 1.422993574090176266e-02 9.998695002667300491e-01 -7.642664795268559741e-03 -1.691052326775231318e+00 -8.481461251012337721e-01 8.027861036210030485e-03 -5.291761397193432970e-01 -2.070551309840550402e+01
-5.292042217843168084e-01 8.270763010506344479e-03 8.482122051292575460e-01 8.054947643660540280e+01 5.367558178895889993e-03 9.999650930642752789e-01 -6.406076649055791015e-03 -1.727128534892921063e+00 -8.482357160653758443e-01 1.168317689689892750e-03 -5.292299283630884643e-01 -2.119439430703153704e+01
-5.279570451880419846e-01 1.417841121976957811e-03 8.496141657302250794e-01 8.138275445998957025e+01 -3.410342907441479398e-03 9.999870118565574728e-01 -3.785826012557970670e-03 -1.741422839773437703e+00 -8.496086446413156912e-01 -4.889925468195210727e-03 -5.279452627462437597e-01 -2.168211316042636838e+01
-5.250953033363802147e-01 2.261859268923496931e-03 8.510506773860013752e-01 8.219626500019813875e+01 -8.050907244726069646e-04 9.999946793778745624e-01 -3.163659984044615413e-03 -1.770357612052452234e+00 -8.510533431043997288e-01 -2.355481008709199141e-03 -5.250906592675075313e-01 -2.218296672238927769e+01
-5.225742747870335547e-01 5.554634393439886707e-03 8.522508602321435811e-01 8.300533417475419640e+01 3.795727560465858661e-03 9.999839864181149229e-01 -4.190062704739221447e-03 -1.800594112658861157e+00 -8.522605862680959765e-01 1.049115160464716371e-03 -5.225869925339438060e-01 -2.267412002274189220e+01
-5.159009997734201880e-01 8.242684080276754116e-03 8.561574532856705000e-01 8.382173638189374287e+01 6.005581795739806800e-03 9.999639539907956287e-01 -6.004381646739812353e-03 -1.819871756173433885e+00 -8.561761176776940818e-01 2.041982004354729596e-03 -5.159319484533678724e-01 -2.317253700349132117e+01
-5.091833991936390857e-01 1.038979006954404358e-02 8.606941525383866587e-01 8.463871739017126572e+01 1.060152488953922285e-02 9.999269839685687167e-01 -5.798567965494523004e-03 -1.845155620548129427e+00 -8.606915605346044940e-01 6.173081381773799607e-03 -5.092564298142973067e-01 -2.365599151758048890e+01
-5.010378564891755371e-01 1.331498017346539713e-02 8.654482441222483002e-01 8.545551118479849606e+01 1.793772002144732036e-02 9.998266091428612556e-01 -4.999301177997290783e-03 -1.876321952525735526e+00 -8.653647859398695408e-01 1.301859547739286742e-02 -5.011898065591727791e-01 -2.412185490279482281e+01
-4.906294031916407783e-01 1.178006380005657688e-02 8.714313925615083667e-01 8.628265728296425152e+01 1.661783886696041601e-02 9.998531803301388132e-01 -4.165263220158763394e-03 -1.906625896779297280e+00 -8.713529373737397554e-01 1.243820144226274842e-02 -4.907531321876313357e-01 -2.458574405665368801e+01
-4.802808361534669501e-01 9.526631373154919105e-03 8.771802133053798745e-01 8.711841936593717151e+01 1.287869654244244190e-02 9.999097288024718644e-01 -3.809408787183139224e-03 -1.920515377848403649e+00 -8.771376078023178646e-01 9.468265119640923919e-03 -4.803601903804045614e-01 -2.502015674761704034e+01
-4.671052287302510098e-01 6.448993609701518526e-03 8.840484861190215371e-01 8.795955410452620526e+01 1.369718226213623852e-02 9.999061371773962925e-01 -5.468836118483213316e-05 -1.944965773979068224e+00 -8.839661992999330309e-01 1.208421925350146829e-02 -4.671497300871599312e-01 -2.546037031778260129e+01
-4.567617252568294539e-01 4.954081942607325463e-03 8.899328959694984276e-01 8.880179660150426457e+01 1.307584468954955947e-02 9.999138109668725960e-01 1.142003752474441639e-03 -1.967945831401955115e+00 -8.898509757492104599e-01 1.215522893359976750e-02 -4.567871906046811481e-01 -2.588631850800042145e+01
-4.454399471680203781e-01 4.884168651682268408e-03 8.953231327550645879e-01 8.964683559148733138e+01 1.260246225107213708e-02 9.999201675907445352e-01 8.162547062727410103e-04 -1.980266636630331423e+00 -8.952478654720806839e-01 1.164925824435844234e-02 -4.454660371398719843e-01 -2.628688386178066239e+01
-4.299587871762712288e-01 4.639530514415769746e-03 9.023249553241169396e-01 9.050698093131252620e+01 1.583152390069633361e-02 9.998716616308489513e-01 2.408951836773901359e-03 -2.006590999966442190e+00 -9.021982796546351713e-01 1.532681328204094605e-02 -4.299769339505034593e-01 -2.670242749938732985e+01
-4.196545700410567736e-01 9.428836121003755094e-03 9.078714306767540210e-01 9.135664909940439316e+01 1.634021728408439553e-02 9.998623972680690253e-01 -2.834155008791330605e-03 -2.023003147576615035e+00 -9.077735530860595592e-01 1.364607932473406449e-02 -4.197507823871531873e-01 -2.708819454111467095e+01
-4.077013486830541877e-01 1.832147165325098345e-02 9.129937260412451794e-01 9.219723941363710651e+01 1.847304750488036260e-02 9.997595021344001243e-01 -1.181934563472787462e-02 -2.047667629100482944e+00 -9.129909594310279264e-01 1.204919934486508963e-02 -4.079417601236329238e-01 -2.745505457610488165e+01
-3.937846868590942906e-01 2.203507538980820774e-02 9.188275126379183977e-01 9.304923851914793431e+01 1.780498475728746824e-02 9.997078134663597293e-01 -1.633818913243796980e-02 -2.077065560523725818e+00 -9.189193604280371241e-01 9.919963140733314283e-03 -3.940620228341483733e-01 -2.781835455208913288e+01
-3.843011310732000751e-01 1.922479125067359795e-02 9.230949774919068318e-01 9.391486548563828762e+01 1.639205748387942418e-02 9.997675473757331455e-01 -1.399209429096863813e-02 -2.098460281301445018e+00 -9.231495083424900994e-01 9.753135253017663694e-03 -3.845270876320313058e-01 -2.815859681741840248e+01
-3.701949692409656767e-01 1.457935858754292290e-02 9.286350968727236088e-01 9.478533772532105672e+01 1.434501880138907073e-02 9.998472413085691679e-01 -9.976834351709273213e-03 -2.132874429774418878e+00 -9.286389221433716257e-01 9.622972899860488677e-03 -3.703475399833291992e-01 -2.849907972371319786e+01
-3.614706580951052017e-01 1.542006358072904072e-02 9.324633112257340040e-01 9.564462354713657533e+01 1.267462526456689109e-02 9.998519992678354118e-01 -1.162324311250511645e-02 -2.164842912029955269e+00 -9.325046200248388040e-01 7.621815755721799909e-03 -3.616126865878455110e-01 -2.881952978619225192e+01
-3.549541802562353743e-01 1.846885881306446417e-02 9.345740391952619408e-01 9.651492398579614473e+01 6.331104406590997574e-03 9.998292735863339997e-01 -1.734884217437088552e-02 -2.198065236988477444e+00 -9.347350891407992801e-01 -2.511781812543069327e-04 -3.550106128346457446e-01 -2.911936408984275815e+01
-3.478467797938135653e-01 2.387729905894785815e-02 9.372003874189293038e-01 9.738926293953824143e+01 8.373364812329937151e-04 9.996829376689150282e-01 -2.515430136074005632e-02 -2.232273726485241916e+00 -9.375042110353634106e-01 -7.974493018578741876e-03 -3.477564166355535669e-01 -2.943581326884207527e+01
-3.443740445089143454e-01 2.649713887894756745e-02 9.383356001985330153e-01 9.826727469304039175e+01 -3.054334582231313638e-03 9.995645325788694580e-01 -2.933730539283251407e-02 -2.278068778846526143e+00 -9.387046519499889774e-01 -1.298036461848970854e-02 -3.441432022747433206e-01 -2.974174952897410762e+01
-3.414444618161810441e-01 2.666187574361305809e-02 9.393270033238896310e-01 9.914434273916474183e+01 -4.392041725526028319e-03 9.995407654123560359e-01 -2.998247777015362880e-02 -2.318674140001304007e+00 -9.396952498937179987e-01 -1.436640851203019320e-02 -3.411702712914112534e-01 -3.004065033919563632e+01
-3.349013034548759538e-01 2.603730142971691017e-02 9.417055435390029317e-01 1.000266212156503371e+02 -7.371235564995702420e-03 9.995151178356518340e-01 -3.025248776669239165e-02 -2.371989720202327234e+00 -9.420366605753336398e-01 -1.707383814266427713e-02 -3.345469546586384846e-01 -3.034290423014983773e+01
-3.311839966339306107e-01 2.069895532079069761e-02 9.432830364838296067e-01 1.009037178804643702e+02 -9.236380192172481685e-03 9.996400974605629264e-01 -2.518864054660180374e-02 -2.412026146049031983e+00 -9.434649252275656428e-01 -1.705185192046071441e-02 -3.308735424331537556e-01 -3.064123400950875009e+01
-3.254178356672542405e-01 1.779061746639095526e-02 9.454456696515407543e-01 1.017910837827939758e+02 -9.206608794672235807e-03 9.997160178803232711e-01 -2.197278426177788624e-02 -2.453234286890429328e+00 -9.455683558795549004e-01 -1.586040893345823030e-02 -3.251617402670392565e-01 -3.094000638997068009e+01
-3.208416929704933640e-01 1.452566367240227044e-02 9.469552819939998090e-01 1.026783701423042174e+02 -1.108817879509817195e-02 9.997563340848618640e-01 -1.909343779092568388e-02 -2.501350885718021111e+00 -9.470017969423566440e-01 -1.662390701814889932e-02 -3.206023919307137704e-01 -3.122872722113305599e+01
-3.153514870809779880e-01 1.519356307094075521e-02 9.489459914160514042e-01 1.035557100156374446e+02 -1.584030913451016029e-02 9.996484311947945178e-01 -2.125166489800297404e-02 -2.535089235045427269e+00 -9.489354847483379984e-01 -2.174179137146189933e-02 -3.150000953398602310e-01 -3.150012435997381388e+01
-3.062288051654153964e-01 1.525342500244030765e-02 9.519044997445986755e-01 1.044217976776282768e+02 -2.583955088626147673e-02 9.993701818482174648e-01 -2.431806942966621005e-02 -2.560958578191885771e+00 -9.516760106730358659e-01 -3.204749461849668718e-02 -3.056420144525011096e-01 -3.176109813057884423e+01
-3.004069884667293078e-01 1.720175255697260763e-02 9.537629138373862059e-01 1.052843804374917198e+02 -2.632523247215056567e-02 9.993075311091893509e-01 -2.629728245815304497e-02 -2.612376903904307213e+00 -9.535547751757228463e-01 -3.300234000118655586e-02 -2.997465948122597923e-01 -3.202295673644720608e+01
-2.915253918880689743e-01 2.147138239659090314e-02 9.562279763776172503e-01 1.061634202759376961e+02 -2.252378293238724988e-02 9.993163373635541857e-01 -2.932707342742299494e-02 -2.655787955034119463e+00 -9.562037930376402484e-01 -3.007477355185102577e-02 -2.908422395638489144e-01 -3.228942690356219458e+01
-2.842868427541356269e-01 1.932679819671263149e-02 9.584513610230274150e-01 1.070449178457837860e+02 -2.369447140281223316e-02 9.993494278230212746e-01 -2.718274489606736441e-02 -2.696926685177853056e+00 -9.583535014494541926e-01 -3.044771491934710611e-02 -2.836436297428053810e-01 -3.253484620978264985e+01
-2.770587856981199804e-01 1.554827740050803049e-02 9.606271243526508519e-01 1.079125097431628717e+02 -2.577610861000493442e-02 9.993884651851210332e-01 -2.361964985081950463e-02 -2.736215505756825817e+00 -9.604072102755404350e-01 -3.131730304446526253e-02 -2.764880690553298548e-01 -3.278777897164900423e+01
-2.697990930239168028e-01 1.256064129172109259e-02 9.628666318691827541e-01 1.088096490719271401e+02 -2.622455294822371996e-02 9.994480802988771062e-01 -2.038288737712505919e-02 -2.782143856792095082e+00 -9.625914856185475710e-01 -3.076081267776495376e-02 -2.693207063492095710e-01 -3.302875033269119598e+01
-2.641481178791214024e-01 1.614843447447546557e-02 9.644804865938811922e-01 1.096832588341387265e+02 -2.804379419012293859e-02 9.993090238122319668e-01 -2.440128833268228464e-02 -2.811245330726275693e+00 -9.642081374096379554e-01 -3.348708797667258180e-02 -2.635129579064534044e-01 -3.325714935971905106e+01
-2.561679326982529981e-01 1.946504472506878358e-02 9.663962495956145426e-01 1.105578279397210082e+02 -2.757346632784101609e-02 9.992432330045321054e-01 -2.744513746922882039e-02 -2.851190271886663741e+00 -9.661991318658275096e-01 -3.366783640509591474e-02 -2.554372142257279599e-01 -3.347393435365595593e+01
-2.503957005412465464e-01 2.022213226419126986e-02 9.679653434400247169e-01 1.114255841038595634e+02 -2.784812363792809123e-02 9.992182704141511218e-01 -2.808135955098805397e-02 -2.878684087232134203e+00 -9.677761780313618445e-01 -3.396453837449575630e-02 -2.496370971460826205e-01 -3.369117835947957218e+01
-2.432625125470768701e-01 1.869295198901143457e-02 9.697005772600126861e-01 1.123023653418909049e+02 -2.889046914258884199e-02 9.992303353595036741e-01 -2.652095054462424301e-02 -2.919673532476195543e+00 -9.694504674657271615e-01 -3.448222885348934535e-02 -2.425346644147522712e-01 -3.389013459110159943e+01
-2.344116677412680927e-01 1.864966279796134371e-02 9.719732487315517755e-01 1.131832387973304463e+02 -2.506436329127344209e-02 9.993678061278888913e-01 -2.521893540157976038e-02 -2.961300610717538362e+00 -9.718291581926329359e-01 -3.027008690712551867e-02 -2.337960519932644754e-01 -3.409698666128897315e+01
-2.271992705494035869e-01 1.961659412410066139e-02 9.737307617668554682e-01 1.140788319627424841e+02 -2.186002479652436603e-02 9.994423844095547960e-01 -2.522958920575819539e-02 -3.011912064275221290e+00 -9.736831043627497406e-01 -2.702505049198699466e-02 -2.266438171711175897e-01 -3.430507519211646894e+01
-2.191979648205353015e-01 2.010337889955480378e-02 9.755389601302812963e-01 1.149753094404269831e+02 -2.055761105104708664e-02 9.994709618787039895e-01 -2.521302443657725059e-02 -3.055616495920414177e+00 -9.755296006878459991e-01 -2.556448062733550353e-02 -2.186691677935278244e-01 -3.450674774932008404e+01
-2.108691534121667488e-01 1.799982835657039024e-02 9.774524443363432624e-01 1.158682996235402385e+02 -2.806693140067059028e-02 9.993070942987634098e-01 -2.443791963911843418e-02 -3.098993229470226041e+00 -9.772152956998925166e-01 -3.259446832351390461e-02 -2.102182291060485653e-01 -3.468728185660237529e+01
-2.037215197800023303e-01 1.664862423580561190e-02 9.788475444322497498e-01 1.167716179979512532e+02 -3.117754657546435021e-02 9.992380389574759825e-01 -2.348517824607677593e-02 -3.130948356648005415e+00 -9.784928195080681013e-01 -3.529688326658482478e-02 -2.030473633890519658e-01 -3.485916394781467176e+01
-1.994284389710610783e-01 1.635425651537216266e-02 9.797684908194096431e-01 1.176786649909827958e+02 -2.880701361802973440e-02 9.993311995144334992e-01 -2.252730480434057131e-02 -3.175523272194910707e+00 -9.794815736096668113e-01 -3.271684379317744279e-02 -1.988243098635933126e-01 -3.504197071311013900e+01
-1.936830360470903623e-01 1.580626511859971675e-02 9.810130074855247795e-01 1.185592030571923772e+02 -2.801293431598517181e-02 9.993736227431033736e-01 -2.162581044892618667e-02 -3.214676125809347695e+00 -9.807406719719551358e-01 -3.166497345236712196e-02 -1.931191684106430551e-01 -3.520390169606046271e+01
-1.886567888886925004e-01 1.822629333330143958e-02 9.818598177525148518e-01 1.194696678748870511e+02 -2.643318380923494540e-02 9.993710250277327845e-01 -2.364619405712327024e-02 -3.250322748314207644e+00 -9.816732809426439443e-01 -3.040505723917061309e-02 -1.880561771380712954e-01 -3.537876350824114979e+01
-1.827022213585356436e-01 1.661127638584222743e-02 9.830566669781082290e-01 1.203503137082014831e+02 -2.057348939747751307e-02 9.995741540683245052e-01 -2.069973611145439762e-02 -3.280889290094193278e+00 -9.829818351539980625e-01 -2.399725104112366073e-02 -1.822831844931598333e-01 -3.554889490123301243e+01
-1.767439058584228673e-01 1.461453712066178301e-02 9.841899856169571414e-01 1.212324018995396955e+02 -1.329255569470314327e-02 9.997633360218832754e-01 -1.722990419562608552e-02 -3.305380291799494774e+00 -9.842087867780092703e-01 -1.611492167456830479e-02 -1.765080542593770729e-01 -3.570740114727273351e+01
-1.738394332735360981e-01 1.404965698479637183e-02 9.846494414522011240e-01 1.221388150487342585e+02 -1.106623969693712808e-02 9.998072409423224283e-01 -1.622633068530160427e-02 -3.340208222876018151e+00 -9.846876217596043368e-01 -1.371222219036410429e-02 -1.736503880206157757e-01 -3.586668593104447922e+01
-1.689255357195318108e-01 1.660359078217613082e-02 9.854871875922294189e-01 1.230296207869121758e+02 -1.203601967210810725e-02 9.997488522255131294e-01 -1.891453139290483892e-02 -3.369810947361755904e+00 -9.855535235936078164e-01 -1.504300348448881289e-02 -1.686833643232114044e-01 -3.600746283702783757e+01
-1.640146810609981187e-01 1.714992292704270102e-02 9.862977672028502285e-01 1.239173055864339545e+02 -1.369053991343541742e-02 9.997129044969826905e-01 -1.966276452718293197e-02 -3.402899476055480044e+00 -9.863519626399864793e-01 -1.672937892260614387e-02 -1.637327435852154456e-01 -3.614744876889074732e+01
-1.633866574446416753e-01 1.672236959500119149e-02 9.865092637906679451e-01 1.248034639412886264e+02 -1.472219734965985426e-02 9.997039333798334315e-01 -1.937871238422083156e-02 -3.436981423922034651e+00 -9.865411275395777890e-01 -1.768179354724980570e-02 -1.630922903356738507e-01 -3.628724156317623084e+01
-1.612662028609955500e-01 1.486746435104597565e-02 9.867394741965034299e-01 1.256905297529514201e+02 -1.674325910682518750e-02 9.997011371164531424e-01 -1.780310316884324215e-02 -3.467600456331918490e+00 -9.867095841506950959e-01 -1.940562530934476088e-02 -1.609688248604304317e-01 -3.642535327575519943e+01
-1.611035107238966702e-01 9.685888926334519644e-03 9.868514944051089977e-01 1.265774005406996281e+02 -1.431130892196197206e-02 9.998237277689797642e-01 -1.215709162058969083e-02 -3.499999378237780068e+00 -9.867955052125225723e-01 -1.607642153428978996e-02 -1.609364446957254335e-01 -3.656454504906729852e+01
-1.597583496715517526e-01 3.932866956423246296e-03 9.872005689064721201e-01 1.274558302861241117e+02 -1.557163044557347865e-02 9.998575935967394246e-01 -6.502596364126022981e-03 -3.523597057480078565e+00 -9.870856418012317057e-01 -1.641399843992029720e-02 -1.596743450623488159e-01 -3.669818348510646899e+01
-1.582222224173860936e-01 1.941059456715195797e-03 9.874414755847640279e-01 1.283364448744659683e+02 -1.497393010776029189e-02 9.998784951651618069e-01 -4.358279041545636348e-03 -3.550067191686677504e+00 -9.873300351456986146e-01 -1.546899949086160200e-02 -1.581740281369891088e-01 -3.683421902427918582e+01
-1.561154622395368174e-01 6.521831119485512265e-03 9.876288374090822497e-01 1.292031678141270561e+02 -1.477566404163154108e-02 9.998508019357209564e-01 -8.951006987611568114e-03 -3.571401407799792427e+00 -9.875398903796415162e-01 -1.598575751438252937e-02 -1.559957141230257915e-01 -3.696266751239468107e+01
-1.561791013965274921e-01 1.084414390879123377e-02 9.876185810808617571e-01 1.300735128045561453e+02 -1.496314843531562112e-02 9.997990553213464970e-01 -1.334595368681424157e-02 -3.602308708097258894e+00 -9.875648545386037647e-01 -1.685355552912752575e-02 -1.559856050554952189e-01 -3.709778010292441763e+01
-1.562606160058887528e-01 9.600091611981624931e-03 9.875698659732774498e-01 1.309432556291502010e+02 -1.815140581803537101e-02 9.997559573156616919e-01 -1.259520861313874647e-02 -3.622152931486719574e+00 -9.874498713840353936e-01 -1.989001747240910778e-02 -1.560481808273662396e-01 -3.722642315762237786e+01
-1.556155870170813083e-01 9.434799728599292667e-03 9.877556300285788016e-01 1.318079747069805592e+02 -1.849411229864934836e-02 9.997510416545396517e-01 -1.247049129502959125e-02 -3.648638502025456809e+00 -9.876275623147019456e-01 -2.021827433173524827e-02 -1.554022345370555114e-01 -3.735150978514893438e+01
-1.554769193432471719e-01 9.435449348747902351e-03 9.877994405144298051e-01 1.326621572697223144e+02 -1.401880070167963767e-02 9.998327317517157198e-01 -1.175673223801765137e-02 -3.678851220921669274e+00 -9.877450351162053721e-01 -1.566745619085757601e-02 -1.553188321371289926e-01 -3.749380552113674980e+01
-1.540521523682542582e-01 1.152358822176224179e-02 9.879694312754488950e-01 1.335274914206945311e+02 -1.537269163339590426e-02 9.997829205886669124e-01 -1.406601198248396030e-02 -3.710324630131853763e+00 -9.879170491094683149e-01 -1.734985089729524851e-02 -1.538415417837976085e-01 -3.761678681364517729e+01
-1.552445838953757373e-01 1.392881477347174095e-02 9.878399895311547052e-01 1.343865542619313942e+02 -2.409698095498416515e-02 9.995495735683620486e-01 -1.788382401118449733e-02 -3.736335972912876002e+00 -9.876441637431370157e-01 -2.658285106359424207e-02 -1.548388410581028607e-01 -3.773855546851510923e+01
-1.533706753303163972e-01 1.521103253015855354e-02 9.880491141068659111e-01 1.352451358931186007e+02 -3.017610428048189339e-02 9.993427694270397010e-01 -2.006407926819856954e-02 -3.764762801996544894e+00 -9.877054152854347624e-01 -3.291184753755029696e-02 -1.528105022092491883e-01 -3.785118761238913265e+01
-1.547228264506323725e-01 1.808045401313926326e-02 9.877095322243778508e-01 1.360915126967919093e+02 -2.941576762340602363e-02 9.993044444685196259e-01 -2.292336917341496541e-02 -3.799101452222410913e+00 -9.874369160380888077e-01 -3.259644727053669089e-02 -1.540828338334312708e-01 -3.796937564934219012e+01
-1.545815632796802841e-01 1.826630806109519334e-02 9.877484757256291825e-01 1.369775284035709149e+02 -2.602203909052693345e-02 9.994070943466273338e-01 -2.255279833174840889e-02 -3.845909181489204354e+00 -9.875746696114435785e-01 -2.918593355086082641e-02 -1.540146867647696205e-01 -3.809532805832967739e+01
-1.519371257769124295e-01 2.128603433847361601e-02 9.880634297811894395e-01 1.377770905676859456e+02 -2.776492120878244069e-02 9.992808091795920555e-01 -2.581709651852316309e-02 -3.873782640904135377e+00 -9.879025316921813404e-01 -3.136801052043309418e-02 -1.512360872436983028e-01 -3.821459104891064129e+01
-1.502711308160926407e-01 1.953186292282814776e-02 9.884303211861519278e-01 1.386383828031162864e+02 -2.024864609599284770e-02 9.995338719514812453e-01 -2.283517012101540442e-02 -3.911136133930566139e+00 -9.884159335767881416e-01 -2.345942444830438622e-02 -1.498052596319018881e-01 -3.834768528937944154e+01
-1.471241549192828790e-01 1.403642568076161543e-02 9.890112621024435002e-01 1.394792889399258797e+02 -1.337574895079265795e-02 9.997795912844373856e-01 -1.618146936994782972e-02 -3.950954352240555689e+00 -9.890205058585906928e-01 -1.560881468907720539e-02 -1.469039278908045032e-01 -3.847022241929343522e+01
-1.448165385017217144e-01 9.901954442834284137e-03 9.893650348657250237e-01 1.403293665528308622e+02 -9.602705746325337910e-03 9.998887241574102580e-01 -1.141836494028907779e-02 -3.977325594201928105e+00 -9.893679340158260116e-01 -1.116001873241124868e-02 -1.447053107224456625e-01 -3.859569775056652219e+01
-1.419100897744150491e-01 1.054395964581857255e-02 9.898830495798288664e-01 1.411480190430032735e+02 -4.910349199986832266e-03 9.999235979945049202e-01 -1.134553448352194904e-02 -4.000053117942956149e+00 -9.899271177532288357e-01 -6.467562249791414600e-03 -1.418476228908432668e-01 -3.871327084581771061e+01
-1.363877245629732116e-01 1.403662825048047555e-02 9.905415972504787447e-01 1.419837772419851660e+02 -5.606184217316317886e-03 9.998725741597247474e-01 -1.494022059299994140e-02 -4.037915843942776917e+00 -9.906253264919598900e-01 -7.600078185918276996e-03 -1.362916132457384355e-01 -3.881956494672412816e+01
-1.299446937165169846e-01 1.724023334464382454e-02 9.913640826051165478e-01 1.428072167008969018e+02 -2.495859148650688124e-03 9.998398711424638652e-01 -1.771987616934097079e-02 -4.062838500344673420e+00 -9.915108262033851538e-01 -4.779081876760602615e-03 -1.298808031698127918e-01 -3.892144106563282691e+01
-1.201012304370467354e-01 2.008035164681932008e-02 9.924926167935389509e-01 1.436630606449771790e+02 5.526790339896132465e-04 9.997966643676224896e-01 -2.016400368575379382e-02 -4.077639667655597044e+00 -9.926957344950188000e-01 -1.876314611301199567e-03 -1.200878729979394099e-01 -3.902462162067735107e+01
-1.103270043026883390e-01 1.633635873093760779e-02 9.937160226366810178e-01 1.444586905533724348e+02 -2.167198652548995045e-05 9.998648460139901717e-01 -1.644954891902937824e-02 -4.108860755482178106e+00 -9.938503393096008720e-01 -1.836903270023899047e-03 -1.103116578200053211e-01 -3.910517662157230490e+01
-9.923648097394022205e-02 1.387295929088943995e-02 9.950321994632955747e-01 1.452671337427392189e+02 3.180490285629548886e-03 9.999022389610910944e-01 -1.361896935950495345e-02 -4.141101478617469134e+00 -9.951237702537614194e-01 1.812373181475476725e-03 -9.927086326802689320e-02 -3.918075363337954542e+01
-8.464676081037367239e-02 1.385295890541521704e-02 9.963520072621350199e-01 1.461072838268653129e+02 8.045593230748944447e-03 9.998803150427348907e-01 -1.321852489617268873e-02 -4.186755421935530741e+00 -9.964158158961180511e-01 6.900344743342768511e-03 -8.474803893590190929e-02 -3.925166730135815385e+01
-7.024047805650261711e-02 1.647077309722213070e-02 9.973995827609402065e-01 1.468969366453258942e+02 8.354134718712553920e-03 9.998384019183008675e-01 -1.591741473931950618e-02 -4.219568353934534777e+00 -9.975007612326909356e-01 7.210106304382249420e-03 -7.036669771557696462e-02 -3.929527115038141005e+01
-5.569748605559082799e-02 1.577627895387164608e-02 9.983252224007828080e-01 1.477538706942158342e+02 1.162099479347557252e-02 9.998177246492839787e-01 -1.515276258091527439e-02 -4.244181182927156293e+00 -9.983823134979643577e-01 1.075653914642519388e-02 -5.587062897431403080e-02 -3.933891544183779132e+01
-4.202333309717638105e-02 1.833783974801747596e-02 9.989352526366358509e-01 1.484911799768789820e+02 1.615907598257919006e-02 9.997133248980631937e-01 -1.767472403050243668e-02 -4.266342651991266166e+00 -9.989730199866732052e-01 1.540079411257275384e-02 -4.230759909639988936e-02 -3.936748561198984930e+01
-2.801395557622580676e-02 2.427633491891431974e-02 9.993231760202235803e-01 1.493183969247755272e+02 9.775871006246697817e-03 9.996639635661940249e-01 -2.400974552992202193e-02 -4.300062133825215405e+00 -9.995703611760654583e-01 9.101406062353002355e-03 -2.824188011583221927e-02 -3.937901201830964482e+01
-1.544789121961392953e-02 3.182679325865163389e-02 9.993796074367592430e-01 1.501018091074580525e+02 2.946823054859692634e-03 9.994904996617042237e-01 -3.177936025104305395e-02 -4.343068363585581793e+00 -9.998819662086744220e-01 2.457903815780011249e-03 -1.553393926688259770e-02 -3.937333152436363548e+01
-1.701550928350419349e-03 4.091485846483589039e-02 9.991614765686437361e-01 1.508804389083773003e+02 -4.083945066299755899e-03 9.991543031335461400e-01 -4.091971211628168958e-02 -4.374266966573787663e+00 -9.999903476042819594e-01 -4.139938298883366098e-03 -1.533286419349589799e-03 -3.935335003760962280e+01
