0.0000 -0.0000 0.0000 0.0000 0.0000 -0.0000 -0.0000 1.0000
0.1039 -0.0894 -0.0098 0.0145 0.0001 0.0072 -0.0001 1.0000
0.2077 -0.1016 -0.0165 0.0310 0.0002 0.0151 -0.0008 0.9999
0.3119 0.0040 0.0069 0.4193 -0.0006 0.0319 -0.0026 0.9995
0.4159 0.0207 0.0142 0.5509 -0.0016 0.0479 -0.0021 0.9989
0.5200 0.1622 0.0133 0.8169 -0.0025 0.0676 -0.0010 0.9977
0.6241 0.1448 -0.0179 0.8970 -0.0029 0.0863 0.0010 0.9963
0.7282 0.2644 -0.0057 1.1609 -0.0032 0.1086 0.0010 0.9941
0.8325 0.3460 0.0036 1.3270 -0.0050 0.1327 0.0007 0.9911
0.9366 0.5203 0.0233 1.6171 -0.0082 0.1575 0.0018 0.9875
1.0408 0.6350 -0.0006 1.8063 -0.0116 0.1822 0.0059 0.9832
1.1449 0.8071 -0.0083 2.0458 -0.0136 0.2091 0.0081 0.9778
1.2490 0.9987 -0.0058 2.2799 -0.0154 0.2369 0.0084 0.9714
1.3531 1.1597 0.0282 2.5086 -0.0175 0.2652 0.0084 0.9640
1.4571 1.4018 0.0251 2.7537 -0.0194 0.2939 0.0102 0.9556
1.5611 1.6041 0.0228 2.9363 -0.0204 0.3226 0.0124 0.9462
1.6651 1.8767 0.0334 3.1359 -0.0212 0.3505 0.0140 0.9362
1.7690 2.1999 0.0421 3.3953 -0.0211 0.3780 0.0153 0.9254
1.8729 2.4777 0.0519 3.5649 -0.0215 0.4043 0.0158 0.9142
1.9768 2.8304 0.0844 3.8121 -0.0229 0.4300 0.0149 0.9024
2.0805 3.1540 0.1021 4.0073 -0.0238 0.4537 0.0145 0.8907
2.1841 3.5368 0.1240 4.2136 -0.0244 0.4753 0.0144 0.8794
2.2879 3.9814 0.1325 4.4299 -0.0252 0.4952 0.0151 0.8683
2.3915 4.3629 0.1599 4.6292 -0.0257 0.5137 0.0144 0.8575
2.4951 4.8245 0.1844 4.7937 -0.0251 0.5309 0.0140 0.8469
2.5988 5.3424 0.2012 4.9908 -0.0232 0.5464 0.0142 0.8371
2.7023 5.8403 0.2236 5.1665 -0.0210 0.5600 0.0144 0.8281
2.8059 6.3867 0.2489 5.3499 -0.0194 0.5714 0.0142 0.8203
2.9094 6.9676 0.2703 5.5287 -0.0184 0.5802 0.0145 0.8141
3.0129 7.5435 0.3039 5.7211 -0.0179 0.5867 0.0151 0.8095
3.1165 8.1649 0.3204 5.9149 -0.0180 0.5918 0.0159 0.8058
3.2201 8.7866 0.3528 6.0867 -0.0192 0.5962 0.0162 0.8024
3.3237 9.4697 0.3838 6.2770 -0.0204 0.6005 0.0163 0.7992
3.4274 10.1604 0.4129 6.4632 -0.0213 0.6048 0.0167 0.7959
3.5310 10.8627 0.4423 6.6684 -0.0223 0.6091 0.0171 0.7926
3.6348 11.5833 0.4692 6.8428 -0.0230 0.6132 0.0176 0.7894
3.7384 12.3874 0.5028 7.0423 -0.0236 0.6176 0.0178 0.7860
3.8421 13.1229 0.5341 7.2180 -0.0251 0.6214 0.0185 0.7829
3.9458 13.8956 0.5826 7.3840 -0.0271 0.6260 0.0190 0.7792
4.0495 14.6881 0.6178 7.5467 -0.0284 0.6312 0.0204 0.7748
4.1532 15.4662 0.6608 7.6904 -0.0295 0.6360 0.0210 0.7709
4.2570 16.2898 0.6990 7.8351 -0.0298 0.6414 0.0211 0.7663
4.3608 17.0734 0.7349 7.9769 -0.0298 0.6469 0.0205 0.7617
4.4645 17.8680 0.7722 8.0870 -0.0297 0.6534 0.0198 0.7562
4.5684 18.6800 0.8130 8.1652 -0.0297 0.6610 0.0188 0.7495
4.6723 19.5142 0.8561 8.2686 -0.0304 0.6705 0.0170 0.7410
4.7761 20.3448 0.8982 8.3243 -0.0313 0.6818 0.0157 0.7307
4.8801 21.1884 0.9377 8.3367 -0.0317 0.6939 0.0149 0.7192
4.9841 22.0345 0.9734 8.3403 -0.0315 0.7063 0.0142 0.7070
5.0881 22.8838 1.0030 8.2946 -0.0310 0.7183 0.0136 0.6949
5.1920 23.7301 1.0360 8.2414 -0.0307 0.7297 0.0122 0.6830
5.2959 24.5469 1.0734 8.1626 -0.0298 0.7406 0.0107 0.6712
5.3998 25.3682 1.1016 8.0374 -0.0270 0.7513 0.0103 0.6594
5.5036 26.2173 1.1179 7.8902 -0.0235 0.7618 0.0100 0.6473
5.6074 27.0731 1.1370 7.6973 -0.0191 0.7719 0.0103 0.6354
5.7113 27.9018 1.1469 7.4993 -0.0153 0.7813 0.0104 0.6239
5.8150 28.6852 1.1743 7.2806 -0.0102 0.7899 0.0116 0.6130
5.9188 29.5277 1.1684 7.0355 -0.0050 0.7985 0.0100 0.6019
6.0224 30.3035 1.1622 6.7719 0.0010 0.8062 0.0057 0.5916
6.1261 31.0708 1.1289 6.4708 0.0063 0.8138 -0.0012 0.5811
6.2298 31.8646 1.1001 6.1994 0.0104 0.8215 -0.0081 0.5701
6.3335 32.6096 1.0638 5.8820 0.0147 0.8289 -0.0115 0.5591
6.4371 33.3978 1.0138 5.5289 0.0172 0.8360 -0.0119 0.5484
6.5409 34.1208 0.9678 5.1798 0.0175 0.8427 -0.0109 0.5379
6.6445 34.8748 0.9399 4.8178 0.0177 0.8488 -0.0075 0.5284
6.7483 35.5981 0.9091 4.4002 0.0193 0.8542 -0.0036 0.5196
6.8519 36.2980 0.8587 4.0253 0.0204 0.8583 -0.0022 0.5128
6.9555 36.9918 0.8030 3.6240 0.0221 0.8615 -0.0025 0.5073
7.0590 37.6983 0.7605 3.2325 0.0232 0.8643 -0.0031 0.5024
7.1628 38.3909 0.7022 2.8473 0.0211 0.8674 -0.0058 0.4972
7.2664 39.0813 0.6910 2.4152 0.0203 0.8706 -0.0061 0.4915
7.3701 39.7666 0.6513 1.9910 0.0213 0.8731 -0.0057 0.4871
7.4738 40.4494 0.5998 1.5518 0.0232 0.8752 -0.0053 0.4832
7.5774 41.1345 0.5679 1.1048 0.0243 0.8763 -0.0066 0.4812
7.6810 41.8465 0.5129 0.6730 0.0244 0.8761 -0.0078 0.4814
7.7847 42.5799 0.4792 0.2012 0.0254 0.8752 -0.0070 0.4830
7.8883 43.3375 0.4348 -0.2340 0.0247 0.8736 -0.0072 0.4860
7.9919 44.0760 0.3904 -0.6885 0.0238 0.8715 -0.0076 0.4897
8.0956 44.8633 0.3424 -1.1656 0.0230 0.8695 -0.0081 0.4934
8.1994 45.6811 0.2926 -1.6179 0.0218 0.8676 -0.0088 0.4966
8.3031 46.4854 0.2481 -2.0817 0.0200 0.8663 -0.0097 0.4990
8.4070 47.3264 0.2120 -2.5288 0.0179 0.8659 -0.0106 0.4997
8.5108 48.1607 0.1587 -3.0297 0.0163 0.8660 -0.0107 0.4996
8.6146 49.0090 0.1156 -3.5119 0.0155 0.8663 -0.0109 0.4992
8.7184 49.8932 0.0658 -4.0243 0.0154 0.8664 -0.0106 0.4990
8.8221 50.7553 0.0216 -4.5177 0.0151 0.8664 -0.0103 0.4991
8.9259 51.6491 -0.0279 -5.0291 0.0150 0.8665 -0.0099 0.4989
9.0296 52.5287 -0.0815 -5.5362 0.0148 0.8666 -0.0099 0.4987
9.1335 53.4240 -0.1299 -6.0428 0.0138 0.8666 -0.0099 0.4987
9.2373 54.3304 -0.1816 -6.5441 0.0135 0.8667 -0.0098 0.4985
9.3410 55.2133 -0.2271 -7.0571 0.0129 0.8666 -0.0099 0.4988
9.4448 56.1167 -0.2850 -7.5743 0.0124 0.8661 -0.0096 0.4996
9.5485 57.0164 -0.3427 -8.0824 0.0118 0.8656 -0.0082 0.5006
9.6522 57.9117 -0.3862 -8.5806 0.0117 0.8649 -0.0071 0.5018
9.7559 58.8068 -0.4432 -9.1190 0.0114 0.8640 -0.0071 0.5033
9.8596 59.7069 -0.4901 -9.6089 0.0118 0.8635 -0.0069 0.5041
9.9635 60.5713 -0.5347 -10.0924 0.0118 0.8632 -0.0071 0.5046
10.0673 61.4893 -0.5806 -10.6132 0.0119 0.8633 -0.0080 0.5045
10.1711 62.3586 -0.6266 -11.0914 0.0122 0.8641 -0.0095 0.5031
10.2750 63.2473 -0.6787 -11.5588 0.0120 0.8655 -0.0105 0.5006
10.3789 64.1198 -0.7216 -12.0629 0.0116 0.8670 -0.0098 0.4980
10.4828 64.9836 -0.7825 -12.5929 0.0119 0.8686 -0.0074 0.4953
10.5865 65.8562 -0.8291 -13.0963 0.0104 0.8702 -0.0077 0.4926
10.6904 66.6708 -0.8792 -13.5967 0.0112 0.8716 -0.0082 0.4901
10.7941 67.4971 -0.9215 -14.1435 0.0120 0.8729 -0.0093 0.4877
10.8980 68.3622 -0.9738 -14.6457 0.0117 0.8743 -0.0102 0.4851
11.0017 69.1829 -1.0168 -15.1488 0.0116 0.8755 -0.0109 0.4830
11.1054 69.9787 -1.0839 -15.6662 0.0110 0.8764 -0.0106 0.4814
11.2091 70.8215 -1.1236 -16.2094 0.0099 0.8772 -0.0064 0.4801
11.3129 71.6379 -1.1458 -16.7272 0.0081 0.8778 -0.0017 0.4790
11.4166 72.4538 -1.1695 -17.2449 0.0077 0.8784 -0.0001 0.4779
11.5204 73.2591 -1.2224 -17.7521 0.0085 0.8786 -0.0028 0.4775
11.6240 74.0542 -1.2759 -18.2716 0.0098 0.8790 -0.0054 0.4766
11.7278 74.8834 -1.3062 -18.8222 0.0133 0.8791 -0.0048 0.4765
11.8315 75.6623 -1.3346 -19.3283 0.0148 0.8790 -0.0034 0.4765
11.9353 76.4309 -1.3736 -19.8460 0.0137 0.8790 -0.0020 0.4766
12.0389 77.2505 -1.4053 -20.3662 0.0117 0.8788 -0.0005 0.4771
12.1426 78.0432 -1.4327 -20.8714 0.0097 0.8786 0.0017 0.4775
12.2464 78.8724 -1.4559 -21.4084 0.0053 0.8785 0.0006 0.4778
12.3501 79.6644 -1.4889 -21.8658 0.0013 0.8779 -0.0012 0.4788
12.4539 80.4500 -1.5046 -22.3617 0.0026 0.8775 0.0003 0.4796
12.5576 81.2705 -1.5271 -22.8937 0.0048 0.8765 0.0014 0.4813
12.6614 82.0560 -1.5633 -23.3729 0.0058 0.8751 0.0001 0.4839
12.7651 82.8505 -1.5804 -23.8458 0.0081 0.8729 0.0018 0.4879
12.8688 83.6460 -1.6101 -24.3510 0.0107 0.8704 0.0043 0.4922
12.9724 84.4330 -1.6236 -24.7972 0.0108 0.8676 0.0039 0.4971
13.0762 85.2653 -1.6557 -25.2662 0.0086 0.8644 0.0031 0.5027
13.1799 86.0710 -1.6784 -25.7311 0.0081 0.8611 0.0053 0.5083
13.2837 86.8590 -1.6950 -26.1296 0.0079 0.8580 0.0058 0.5136
13.3874 87.7283 -1.7145 -26.5471 0.0074 0.8543 0.0059 0.5197
13.4911 88.5402 -1.7262 -26.9583 0.0093 0.8508 0.0067 0.5254
13.5949 89.3734 -1.7532 -27.3468 0.0095 0.8472 0.0051 0.5311
13.6988 90.2118 -1.7739 -27.7480 0.0132 0.8439 0.0015 0.5364
13.8025 91.0448 -1.8029 -28.0988 0.0149 0.8402 -0.0005 0.5421
13.9063 91.8854 -1.8253 -28.4922 0.0133 0.8365 -0.0002 0.5478
14.0100 92.7322 -1.8791 -28.8077 0.0119 0.8330 0.0018 0.5531
14.1138 93.5742 -1.9025 -29.1550 0.0112 0.8299 0.0002 0.5578
14.2176 94.4307 -1.9267 -29.4929 0.0115 0.8278 -0.0036 0.5609
14.3215 95.2567 -1.9601 -29.8037 0.0115 0.8262 -0.0087 0.5632
14.4254 96.1011 -2.0003 -30.1104 0.0115 0.8252 -0.0108 0.5646
14.5293 96.9422 -2.0421 -30.4325 0.0110 0.8242 -0.0113 0.5661
14.6331 97.8054 -2.0955 -30.7337 0.0107 0.8227 -0.0115 0.5682
14.7369 98.6409 -2.1366 -31.0355 0.0093 0.8210 -0.0105 0.5708
14.8408 99.5136 -2.1866 -31.3607 0.0075 0.8194 -0.0090 0.5730
14.9445 100.3530 -2.2324 -31.6473 0.0065 0.8176 -0.0082 0.5757
15.0483 101.2108 -2.2697 -31.9383 0.0044 0.8159 -0.0100 0.5780
15.1520 102.0551 -2.2996 -32.1915 0.0008 0.8140 -0.0144 0.5807
15.2558 102.9126 -2.3447 -32.4718 0.0028 0.8119 -0.0147 0.5836
15.3595 103.8010 -2.3953 -32.7551 0.0041 0.8096 -0.0156 0.5868
15.4633 104.6077 -2.4330 -33.0203 0.0027 0.8076 -0.0156 0.5895
15.5671 105.4709 -2.4587 -33.2746 0.0025 0.8056 -0.0131 0.5924
15.6709 106.3042 -2.4958 -33.5004 0.0022 0.8034 -0.0116 0.5953
15.7746 107.1914 -2.5367 -33.7645 0.0018 0.8012 -0.0139 0.5982
15.8784 108.0676 -2.5880 -34.0119 0.0021 0.7993 -0.0155 0.6007
15.9822 108.9179 -2.6005 -34.2423 0.0030 0.7972 -0.0157 0.6035
16.0861 109.8111 -2.6517 -34.4827 0.0026 0.7949 -0.0151 0.6065
16.1898 110.6527 -2.6825 -34.6885 0.0036 0.7926 -0.0140 0.6096
16.2935 111.5026 -2.7438 -34.9024 0.0048 0.7900 -0.0130 0.6130
16.3973 112.3508 -2.7829 -35.1132 0.0056 0.7880 -0.0124 0.6155
16.5010 113.2029 -2.8041 -35.3046 0.0035 0.7859 -0.0143 0.6182
16.6048 114.1013 -2.8456 -35.5002 0.0019 0.7840 -0.0152 0.6206
16.7086 114.9852 -2.8835 -35.7068 0.0025 0.7825 -0.0144 0.6225
16.8124 115.8426 -2.9310 -35.8916 0.0027 0.7811 -0.0139 0.6242
16.9162 116.7202 -2.9701 -36.0862 0.0033 0.7795 -0.0145 0.6262
17.0200 117.5426 -3.0037 -36.2649 0.0047 0.7778 -0.0119 0.6284
17.1238 118.4743 -3.0532 -36.4415 0.0067 0.7762 -0.0081 0.6304
17.2275 119.3228 -3.0920 -36.6361 0.0073 0.7744 -0.0068 0.6326
17.3314 120.1836 -3.1319 -36.7946 0.0078 0.7731 -0.0076 0.6342
17.4351 121.0457 -3.1611 -36.9394 0.0071 0.7720 -0.0092 0.6356
17.5390 121.9359 -3.2002 -37.1092 0.0066 0.7713 -0.0096 0.6363
17.6429 122.7683 -3.2427 -37.2614 0.0062 0.7710 -0.0095 0.6368
17.7466 123.6760 -3.2595 -37.4328 0.0055 0.7706 -0.0071 0.6373
17.8505 124.5624 -3.3041 -37.5962 0.0034 0.7702 -0.0056 0.6378
17.9543 125.4221 -3.3396 -37.7450 0.0038 0.7699 -0.0035 0.6381
18.0581 126.2854 -3.3599 -37.8990 0.0047 0.7696 -0.0057 0.6385
18.1619 127.1345 -3.4136 -38.0658 0.0052 0.7696 -0.0081 0.6385
18.2658 127.9447 -3.4333 -38.2089 0.0057 0.7697 -0.0075 0.6383
18.3696 128.8121 -3.4652 -38.3697 0.0049 0.7694 -0.0081 0.6387
18.4734 129.6749 -3.4938 -38.5372 0.0066 0.7692 -0.0056 0.6390
18.5772 130.5572 -3.5397 -38.6961 0.0058 0.7689 -0.0083 0.6393
18.6810 131.3709 -3.5646 -38.8283 0.0038 0.7689 -0.0121 0.6392
18.7849 132.2208 -3.6189 -38.9401 0.0031 0.7688 -0.0141 0.6393
18.8885 133.0680 -3.6448 -39.0983 0.0051 0.7687 -0.0148 0.6395
18.9924 133.9017 -3.6881 -39.2481 0.0057 0.7685 -0.0144 0.6396
19.0960 134.7050 -3.7394 -39.3900 0.0066 0.7679 -0.0149 0.6404
19.1999 135.5392 -3.7721 -39.5477 0.0080 0.7672 -0.0122 0.6412
19.3035 136.3558 -3.8158 -39.6844 0.0087 0.7663 -0.0092 0.6424
19.4074 137.1858 -3.8556 -39.8606 0.0077 0.7657 -0.0061 0.6431
19.5112 137.9721 -3.8887 -39.9891 0.0082 0.7644 -0.0048 0.6446
19.6148 138.7279 -3.9268 -40.1213 0.0103 0.7629 -0.0067 0.6464
19.7184 139.5063 -3.9705 -40.2420 0.0103 0.7610 -0.0085 0.6486
19.8221 140.3084 -4.0076 -40.3634 0.0102 0.7582 -0.0094 0.6519
19.9257 141.1268 -4.0181 -40.4740 0.0121 0.7550 -0.0046 0.6556
20.0294 141.9245 -4.0517 -40.5640 0.0152 0.7509 -0.0001 0.6602
20.1329 142.6940 -4.1127 -40.6709 0.0127 0.7466 -0.0039 0.6652
20.2366 143.5303 -4.1571 -40.7319 0.0128 0.7416 -0.0046 0.6707
20.3404 144.3183 -4.1686 -40.8047 0.0150 0.7369 -0.0023 0.6759
20.4440 145.0669 -4.2062 -40.8440 0.0168 0.7324 -0.0019 0.6806
20.5478 145.8274 -4.2477 -40.8772 0.0179 0.7275 -0.0047 0.6859
20.6515 146.6312 -4.2876 -40.9068 0.0184 0.7232 -0.0108 0.6903
20.7553 147.3825 -4.3319 -40.8749 0.0193 0.7184 -0.0162 0.6951
20.8591 148.1467 -4.3812 -40.8944 0.0197 0.7135 -0.0166 0.7002
20.9629 148.9055 -4.4252 -40.9057 0.0178 0.7097 -0.0154 0.7042
21.0668 149.6809 -4.4891 -40.8701 0.0164 0.7059 -0.0151 0.7080
21.1706 150.4320 -4.5342 -40.8448 0.0189 0.7023 -0.0170 0.7114
21.2745 151.1760 -4.5894 -40.8363 0.0179 0.6999 -0.0239 0.7136
21.3785 151.9115 -4.6450 -40.7920 0.0178 0.6987 -0.0266 0.7147
21.4825 152.6787 -4.6915 -40.7892 0.0163 0.6987 -0.0250 0.7148
21.5864 153.4763 -4.7905 -40.7529 0.0139 0.6993 -0.0236 0.7143
21.6904 154.1825 -4.8169 -40.7518 0.0135 0.7005 -0.0222 0.7132
21.7943 154.9247 -4.8621 -40.7224 0.0146 0.7015 -0.0213 0.7122
21.8983 155.7045 -4.9305 -40.7143 0.0148 0.7029 -0.0211 0.7109
22.0022 156.4648 -4.9925 -40.7317 0.0140 0.7046 -0.0208 0.7092
22.1061 157.1886 -5.0261 -40.7149 0.0137 0.7063 -0.0214 0.7074
22.2101 157.9403 -5.0673 -40.7149 0.0125 0.7084 -0.0217 0.7054
22.3139 158.6495 -5.1476 -40.7176 0.0113 0.7106 -0.0204 0.7032
22.4178 159.3731 -5.1881 -40.7007 0.0115 0.7126 -0.0199 0.7012
22.5215 160.1371 -5.2215 -40.7330 0.0121 0.7146 -0.0205 0.6991
22.6254 160.8524 -5.2755 -40.7354 0.0120 0.7160 -0.0226 0.6977
22.7292 161.5656 -5.3359 -40.7599 0.0117 0.7167 -0.0244 0.6969
22.8329 162.2897 -5.3603 -40.7956 0.0157 0.7171 -0.0214 0.6964
22.9365 162.9963 -5.4114 -40.8013 0.0158 0.7171 -0.0201 0.6965
23.0401 163.6935 -5.4443 -40.8108 0.0159 0.7160 -0.0178 0.6977
23.1438 164.3975 -5.5203 -40.8415 0.0150 0.7133 -0.0182 0.7005
23.2474 165.1000 -5.5599 -40.8211 0.0160 0.7095 -0.0176 0.7043
23.3510 165.7972 -5.6134 -40.7988 0.0167 0.7046 -0.0171 0.7092
23.4547 166.4857 -5.6483 -40.7945 0.0166 0.6991 -0.0155 0.7146
23.5583 167.1740 -5.7073 -40.7383 0.0123 0.6932 -0.0169 0.7204
23.6620 167.8612 -5.7439 -40.7011 0.0096 0.6873 -0.0149 0.7262
23.7657 168.5467 -5.7731 -40.6282 0.0070 0.6812 -0.0123 0.7320
23.8694 169.2123 -5.8048 -40.5558 0.0042 0.6746 -0.0098 0.7381
23.9730 169.8829 -5.8362 -40.4726 0.0021 0.6685 -0.0072 0.7437
24.0768 170.5376 -5.8639 -40.3794 0.0020 0.6614 -0.0053 0.7500
24.1805 171.1805 -5.8738 -40.2614 0.0017 0.6550 -0.0055 0.7556
24.2842 171.8387 -5.8969 -40.1531 0.0008 0.6483 -0.0059 0.7614
24.3879 172.4757 -5.9071 -40.0337 -0.0012 0.6417 -0.0072 0.7670
24.4916 173.1102 -5.9329 -39.8849 -0.0045 0.6362 -0.0074 0.7715
24.5954 173.7094 -5.9533 -39.7440 -0.0038 0.6314 -0.0041 0.7755
24.6993 174.3381 -5.9685 -39.6044 -0.0032 0.6270 -0.0024 0.7790
24.8031 174.9451 -5.9699 -39.4389 -0.0032 0.6230 -0.0040 0.7822
24.9068 175.5536 -6.0107 -39.2981 -0.0027 0.6194 -0.0084 0.7850
25.0105 176.1272 -6.0247 -39.1315 0.0011 0.6156 -0.0120 0.7879
25.1143 176.7256 -6.0202 -38.9885 0.0058 0.6122 -0.0123 0.7906
25.2180 177.3192 -6.0611 -38.8162 0.0053 0.6094 -0.0120 0.7927
25.3218 177.9206 -6.0606 -38.6226 0.0016 0.6072 -0.0100 0.7945
25.4255 178.5384 -6.0988 -38.4515 -0.0045 0.6054 -0.0080 0.7959
25.5294 179.1566 -6.1217 -38.2661 -0.0083 0.6046 -0.0056 0.7965
25.6332 179.7357 -6.1371 -38.0965 -0.0075 0.6043 -0.0043 0.7967
25.7370 180.3395 -6.1336 -37.9338 -0.0054 0.6036 -0.0040 0.7973
25.8408 180.9615 -6.1363 -37.7552 -0.0043 0.6030 -0.0033 0.7977
25.9445 181.5753 -6.1347 -37.5869 -0.0053 0.6023 -0.0029 0.7983
26.0481 182.1861 -6.1563 -37.3846 -0.0073 0.6013 -0.0018 0.7990
26.1519 182.8018 -6.1639 -37.2150 -0.0093 0.5999 0.0001 0.8000
26.2555 183.4522 -6.1724 -37.0045 -0.0101 0.5982 0.0013 0.8013
26.3591 184.0558 -6.1691 -36.8391 -0.0100 0.5956 0.0023 0.8032
26.4628 184.6680 -6.1622 -36.6190 -0.0111 0.5921 0.0035 0.8058
26.5666 185.3106 -6.1653 -36.4221 -0.0113 0.5881 0.0046 0.8087
26.6703 185.8982 -6.1750 -36.1998 -0.0108 0.5834 0.0041 0.8121
26.7739 186.5185 -6.1636 -35.9925 -0.0102 0.5784 0.0022 0.8157
26.8777 187.1372 -6.1660 -35.7531 -0.0092 0.5734 0.0008 0.8192
26.9813 187.7495 -6.1590 -35.4980 -0.0085 0.5683 0.0012 0.8228
27.0850 188.3656 -6.1668 -35.2503 -0.0096 0.5632 0.0022 0.8262
27.1888 188.9914 -6.1636 -34.9792 -0.0104 0.5584 0.0026 0.8295
27.2925 189.6182 -6.1632 -34.6927 -0.0117 0.5533 0.0022 0.8329
27.3963 190.2218 -6.1418 -34.4028 -0.0135 0.5491 0.0015 0.8356
27.5000 190.8793 -6.1456 -34.1125 -0.0151 0.5456 -0.0003 0.8379
27.6039 191.5165 -6.1281 -33.8132 -0.0162 0.5437 0.0005 0.8392
27.7078 192.1755 -6.1347 -33.5199 -0.0166 0.5428 0.0029 0.8397
27.8117 192.8107 -6.1215 -33.2361 -0.0147 0.5426 0.0036 0.8399
27.9155 193.4808 -6.1194 -32.9351 -0.0139 0.5430 0.0041 0.8396
28.0194 194.1420 -6.1059 -32.6301 -0.0117 0.5434 0.0046 0.8394
28.1233 194.8184 -6.0878 -32.3376 -0.0114 0.5434 0.0056 0.8394
28.2272 195.5008 -6.0775 -32.0213 -0.0122 0.5437 0.0084 0.8392
28.3309 196.1754 -6.0759 -31.7164 -0.0134 0.5442 0.0098 0.8388
28.4348 196.8721 -6.0618 -31.4051 -0.0140 0.5449 0.0107 0.8383
28.5387 197.5578 -6.0490 -31.1016 -0.0145 0.5456 0.0108 0.8378
28.6424 198.2428 -6.0389 -30.7945 -0.0151 0.5464 0.0106 0.8373
28.7462 198.9420 -6.0325 -30.4889 -0.0150 0.5473 0.0099 0.8367
28.8499 199.6293 -6.0272 -30.1850 -0.0133 0.5477 0.0093 0.8365
28.9538 200.3052 -6.0226 -29.8893 -0.0110 0.5480 0.0069 0.8364
29.0575 200.9588 -6.0106 -29.5970 -0.0103 0.5486 0.0056 0.8360
29.1613 201.6601 -6.0026 -29.2802 -0.0118 0.5491 0.0062 0.8356
29.2649 202.3521 -6.0020 -28.9855 -0.0142 0.5497 0.0068 0.8352
29.3686 203.0396 -6.0003 -28.6840 -0.0153 0.5511 0.0055 0.8343
29.4725 203.7226 -5.9883 -28.3812 -0.0166 0.5530 0.0044 0.8330
29.5763 204.4106 -5.9826 -28.0910 -0.0172 0.5562 0.0044 0.8308
29.6802 205.1059 -5.9609 -27.8302 -0.0170 0.5599 0.0048 0.8283
29.7839 205.7868 -5.9644 -27.5711 -0.0153 0.5642 0.0057 0.8255
29.8878 206.4580 -5.9640 -27.3041 -0.0146 0.5690 0.0040 0.8222
29.9917 207.1713 -5.9377 -27.0429 -0.0150 0.5741 0.0037 0.8186
30.0955 207.8686 -5.9202 -26.8180 -0.0163 0.5787 0.0073 0.8153
30.1993 208.5885 -5.9216 -26.5868 -0.0184 0.5823 0.0107 0.8127
30.3030 209.2760 -5.9041 -26.3599 -0.0205 0.5852 0.0126 0.8105
30.4068 210.0193 -5.8726 -26.1246 -0.0230 0.5872 0.0113 0.8090
30.5104 210.7137 -5.8561 -25.8721 -0.0235 0.5884 0.0121 0.8082
30.6140 211.4245 -5.8309 -25.6632 -0.0234 0.5891 0.0126 0.8076
30.7178 212.1250 -5.8245 -25.4279 -0.0234 0.5896 0.0121 0.8073
30.8214 212.8261 -5.7916 -25.1933 -0.0235 0.5896 0.0112 0.8073
30.9252 213.5710 -5.7704 -24.9603 -0.0239 0.5894 0.0109 0.8074
31.0288 214.2831 -5.7530 -24.7146 -0.0244 0.5890 0.0112 0.8077
31.1325 215.0152 -5.7094 -24.4686 -0.0249 0.5882 0.0116 0.8083
31.2363 215.7397 -5.6952 -24.2315 -0.0238 0.5874 0.0137 0.8088
31.3401 216.4849 -5.6714 -23.9948 -0.0239 0.5862 0.0143 0.8097
31.4437 217.2151 -5.6468 -23.7363 -0.0257 0.5843 0.0137 0.8110
31.5474 217.9312 -5.5971 -23.4947 -0.0278 0.5823 0.0150 0.8124
31.6510 218.6798 -5.5678 -23.2152 -0.0296 0.5799 0.0161 0.8140
31.7548 219.3962 -5.5514 -22.9606 -0.0310 0.5780 0.0149 0.8153
31.8585 220.1359 -5.5177 -22.6878 -0.0307 0.5763 0.0135 0.8166
31.9623 220.8729 -5.4844 -22.3955 -0.0309 0.5743 0.0094 0.8180
32.0660 221.6072 -5.4445 -22.1141 -0.0307 0.5725 0.0073 0.8193
32.1696 222.3391 -5.4019 -21.8385 -0.0311 0.5706 0.0076 0.8206
32.2734 223.0758 -5.3812 -21.5565 -0.0312 0.5689 0.0063 0.8218
32.3772 223.8253 -5.3544 -21.2552 -0.0306 0.5672 0.0046 0.8230
32.4809 224.5496 -5.3391 -20.9381 -0.0308 0.5650 0.0043 0.8245
32.5845 225.2888 -5.2926 -20.6607 -0.0305 0.5632 0.0057 0.8258
32.6883 226.0499 -5.2746 -20.3631 -0.0297 0.5611 0.0068 0.8272
32.7919 226.7674 -5.2411 -20.0629 -0.0285 0.5592 0.0077 0.8285
32.8957 227.4770 -5.2200 -19.7658 -0.0282 0.5573 0.0066 0.8298
32.9994 228.2296 -5.1827 -19.4473 -0.0298 0.5553 0.0059 0.8311
33.1032 228.9687 -5.1391 -19.1352 -0.0308 0.5534 0.0051 0.8323
33.2068 229.6770 -5.1314 -18.8084 -0.0292 0.5515 0.0051 0.8337
33.3105 230.4187 -5.1197 -18.5118 -0.0265 0.5497 0.0028 0.8349
33.4143 231.1576 -5.1047 -18.1551 -0.0257 0.5483 -0.0003 0.8359
33.5182 231.8502 -5.0604 -17.8323 -0.0291 0.5467 -0.0025 0.8368
33.6218 232.5685 -5.0398 -17.5020 -0.0333 0.5459 0.0006 0.8372
33.7255 233.3019 -5.0166 -17.1788 -0.0373 0.5449 0.0057 0.8376
33.8293 234.0529 -4.9688 -16.8394 -0.0409 0.5442 0.0089 0.8379
33.9331 234.7512 -4.9230 -16.5378 -0.0418 0.5434 0.0106 0.8384
34.0367 235.4625 -4.8964 -16.2139 -0.0411 0.5421 0.0072 0.8393
34.1404 236.1844 -4.8643 -15.8779 -0.0384 0.5403 0.0051 0.8406
34.2440 236.9088 -4.8260 -15.5287 -0.0367 0.5380 0.0031 0.8421
34.3478 237.6294 -4.7832 -15.1747 -0.0351 0.5362 0.0033 0.8434
34.4515 238.3623 -4.7495 -14.8224 -0.0337 0.5344 0.0031 0.8446
34.5552 239.0696 -4.7313 -14.4989 -0.0338 0.5326 0.0039 0.8457
34.6589 239.8077 -4.6812 -14.1416 -0.0354 0.5309 0.0058 0.8467
34.7625 240.5132 -4.6460 -13.7945 -0.0369 0.5295 0.0091 0.8474
34.8663 241.2590 -4.6020 -13.4273 -0.0385 0.5286 0.0119 0.8479
34.9700 241.9434 -4.5483 -13.0634 -0.0404 0.5275 0.0136 0.8485
35.0739 242.7066 -4.4864 -12.6985 -0.0420 0.5268 0.0175 0.8488
35.1776 243.4491 -4.4387 -12.3256 -0.0427 0.5259 0.0174 0.8493
35.2813 244.1467 -4.3940 -11.9536 -0.0414 0.5252 0.0124 0.8499
35.3850 244.8614 -4.3682 -11.5971 -0.0368 0.5247 0.0066 0.8505
35.4887 245.5786 -4.3132 -11.2037 -0.0331 0.5247 0.0033 0.8507
35.5924 246.3087 -4.2836 -10.8408 -0.0340 0.5245 0.0040 0.8507
35.6962 247.0282 -4.2186 -10.4756 -0.0362 0.5246 0.0063 0.8506
35.7998 247.7802 -4.2042 -10.1099 -0.0368 0.5238 0.0072 0.8510
35.9035 248.4785 -4.1576 -9.7331 -0.0355 0.5233 0.0079 0.8513
36.0072 249.2033 -4.1252 -9.3635 -0.0349 0.5226 0.0088 0.8518
36.1109 249.9497 -4.0757 -8.9669 -0.0364 0.5218 0.0110 0.8522
36.2145 250.6709 -4.0326 -8.6032 -0.0381 0.5215 0.0115 0.8523
36.3183 251.3761 -3.9830 -8.2302 -0.0382 0.5210 0.0111 0.8526
36.4220 252.1020 -3.9655 -7.8647 -0.0368 0.5205 0.0098 0.8530
36.5258 252.8311 -3.9121 -7.4958 -0.0357 0.5198 0.0095 0.8535
36.6295 253.5395 -3.8738 -7.1055 -0.0356 0.5192 0.0112 0.8538
36.7333 254.2896 -3.8227 -6.7071 -0.0366 0.5173 0.0121 0.8549
36.8370 254.9950 -3.7734 -6.3282 -0.0375 0.5156 0.0127 0.8559
36.9408 255.7260 -3.7346 -5.9312 -0.0369 0.5138 0.0134 0.8570
37.0445 256.4620 -3.6972 -5.5233 -0.0366 0.5117 0.0126 0.8583
37.1483 257.1489 -3.6552 -5.1370 -0.0366 0.5094 0.0098 0.8597
37.2520 257.8766 -3.6163 -4.7094 -0.0347 0.5068 0.0090 0.8613
37.3557 258.5724 -3.5833 -4.2959 -0.0326 0.5035 0.0099 0.8633
37.4594 259.2981 -3.5372 -3.8809 -0.0314 0.4993 0.0109 0.8658
37.5630 259.9708 -3.5068 -3.4736 -0.0299 0.4944 0.0137 0.8686
37.6667 260.6870 -3.4703 -3.0337 -0.0293 0.4879 0.0146 0.8723
37.7703 261.3764 -3.4260 -2.5899 -0.0299 0.4811 0.0148 0.8761
37.8740 262.0580 -3.3852 -2.1356 -0.0317 0.4741 0.0170 0.8797
37.9778 262.7591 -3.3423 -1.6334 -0.0333 0.4674 0.0181 0.8832
38.0815 263.4219 -3.3034 -1.1502 -0.0345 0.4616 0.0168 0.8863
38.1853 264.0743 -3.2613 -0.6524 -0.0351 0.4568 0.0132 0.8888
38.2892 264.7188 -3.2026 -0.1727 -0.0350 0.4536 0.0106 0.8905
38.3932 265.3656 -3.1689 0.3223 -0.0364 0.4526 0.0075 0.8909
38.4972 266.0242 -3.1366 0.7963 -0.0372 0.4542 0.0037 0.8901
38.6012 266.6889 -3.1045 1.2897 -0.0372 0.4579 -0.0007 0.8882
38.7052 267.3647 -3.0582 1.7646 -0.0358 0.4629 -0.0034 0.8857
38.8093 268.0366 -3.0275 2.2250 -0.0339 0.4687 -0.0020 0.8827
38.9133 268.7352 -3.0060 2.6651 -0.0343 0.4741 -0.0003 0.8798
39.0172 269.4392 -2.9645 3.1419 -0.0353 0.4793 -0.0014 0.8769
39.1212 270.1239 -2.9430 3.5581 -0.0354 0.4840 -0.0004 0.8743
39.2250 270.8235 -2.9184 3.9817 -0.0341 0.4885 0.0003 0.8719
39.3289 271.5362 -2.8793 4.4003 -0.0324 0.4927 0.0012 0.8696
39.4327 272.2241 -2.8512 4.8338 -0.0324 0.4968 -0.0004 0.8673
39.5364 272.9636 -2.8298 5.2413 -0.0334 0.4998 -0.0006 0.8655
39.6402 273.6640 -2.7861 5.6724 -0.0359 0.5024 -0.0005 0.8639
39.7438 274.3852 -2.7414 6.0697 -0.0393 0.5047 0.0000 0.8624
39.8476 275.1222 -2.7037 6.4845 -0.0410 0.5068 0.0006 0.8611
39.9513 275.8621 -2.6667 6.9012 -0.0410 0.5085 -0.0008 0.8601
40.0550 276.5485 -2.6178 7.2785 -0.0386 0.5095 -0.0039 0.8596
40.1587 277.2590 -2.6132 7.7032 -0.0344 0.5106 -0.0082 0.8591
40.2624 278.0172 -2.6007 8.1087 -0.0316 0.5109 -0.0106 0.8590
40.3662 278.7524 -2.5605 8.5084 -0.0319 0.5119 -0.0115 0.8584
40.4699 279.4880 -2.5185 8.9331 -0.0335 0.5123 -0.0111 0.8581
40.5735 280.2164 -2.5044 9.3226 -0.0341 0.5124 -0.0098 0.8580
40.6773 280.9691 -2.4862 9.7314 -0.0344 0.5120 -0.0079 0.8583
40.7810 281.7288 -2.4460 10.1533 -0.0349 0.5112 -0.0059 0.8587
40.8848 282.4710 -2.4247 10.5543 -0.0351 0.5096 -0.0058 0.8597
40.9884 283.2140 -2.3932 10.9900 -0.0352 0.5079 -0.0056 0.8607
41.0922 283.9586 -2.3766 11.4037 -0.0358 0.5060 -0.0067 0.8618
41.1958 284.7231 -2.3284 11.8428 -0.0362 0.5042 -0.0072 0.8628
41.2994 285.4866 -2.2976 12.2915 -0.0354 0.5020 -0.0079 0.8641
41.4032 286.2205 -2.2780 12.7359 -0.0331 0.5001 -0.0075 0.8653
41.5068 286.9760 -2.2612 13.1691 -0.0312 0.4974 -0.0078 0.8669
41.6105 287.7236 -2.2334 13.6219 -0.0302 0.4940 -0.0079 0.8689
41.7142 288.4718 -2.2114 14.1020 -0.0307 0.4901 -0.0077 0.8711
41.8179 289.2416 -2.1699 14.5627 -0.0333 0.4866 -0.0065 0.8730
41.9215 289.9742 -2.1349 15.0508 -0.0368 0.4832 -0.0061 0.8747
42.0253 290.7158 -2.0962 15.5370 -0.0412 0.4798 -0.0067 0.8764
42.1289 291.4762 -2.0560 16.0300 -0.0429 0.4759 -0.0061 0.8784
42.2327 292.2185 -2.0205 16.5486 -0.0418 0.4719 -0.0071 0.8806
42.3363 292.9581 -1.9745 17.0573 -0.0377 0.4680 -0.0073 0.8829
42.4400 293.7024 -1.9428 17.5847 -0.0342 0.4639 -0.0096 0.8852
42.5438 294.4483 -1.9086 18.1144 -0.0301 0.4602 -0.0091 0.8873
42.6474 295.1899 -1.8920 18.6434 -0.0268 0.4565 -0.0078 0.8893
42.7512 295.9295 -1.8802 19.1783 -0.0258 0.4528 -0.0047 0.8912
42.8548 296.6592 -1.8581 19.7324 -0.0274 0.4488 -0.0013 0.8932
42.9585 297.3946 -1.8279 20.2850 -0.0294 0.4448 0.0026 0.8951
43.0623 298.1432 -1.7939 20.8488 -0.0311 0.4407 0.0044 0.8971
43.1661 298.8380 -1.7536 21.4548 -0.0319 0.4373 0.0052 0.8987
43.2698 299.5750 -1.7231 22.0515 -0.0331 0.4336 0.0034 0.9005
43.3736 300.3009 -1.6701 22.6267 -0.0349 0.4298 0.0018 0.9022
43.4773 301.0413 -1.6249 23.2366 -0.0363 0.4268 0.0024 0.9036
43.5810 301.7572 -1.5871 23.8473 -0.0358 0.4243 0.0026 0.9048
43.6849 302.4609 -1.5574 24.4649 -0.0334 0.4223 0.0030 0.9059
43.7887 303.1668 -1.5010 25.0757 -0.0312 0.4194 0.0017 0.9073
43.8924 303.8927 -1.4721 25.7017 -0.0311 0.4168 0.0025 0.9085
43.9961 304.5824 -1.4150 26.3441 -0.0337 0.4144 0.0021 0.9095
44.1000 305.2947 -1.3674 26.9741 -0.0363 0.4121 0.0033 0.9104
44.2036 305.9963 -1.3288 27.6209 -0.0363 0.4093 0.0024 0.9117
44.3073 306.7033 -1.2770 28.2453 -0.0346 0.4069 0.0003 0.9128
44.4110 307.3779 -1.2544 28.8977 -0.0322 0.4043 -0.0008 0.9140
44.5148 308.0921 -1.2057 29.5380 -0.0306 0.4017 0.0014 0.9153
44.6185 308.8138 -1.1953 30.1860 -0.0306 0.3992 0.0034 0.9163
44.7223 309.4828 -1.1499 30.8416 -0.0297 0.3966 0.0055 0.9175
44.8262 310.1748 -1.1214 31.5348 -0.0285 0.3935 0.0081 0.9189
44.9298 310.8564 -1.0790 32.1779 -0.0276 0.3906 0.0106 0.9201
45.0335 311.5635 -1.0410 32.8348 -0.0285 0.3881 0.0106 0.9211
45.1373 312.2321 -0.9962 33.5042 -0.0291 0.3860 0.0104 0.9220
45.2410 312.8941 -0.9831 34.1768 -0.0284 0.3835 0.0102 0.9230
45.3448 313.5298 -0.9063 34.8599 -0.0284 0.3811 0.0095 0.9241
45.4485 314.2073 -0.9053 35.5493 -0.0280 0.3787 0.0112 0.9250
45.5523 314.8728 -0.8439 36.2214 -0.0289 0.3754 0.0112 0.9263
45.6562 315.5262 -0.8188 36.9198 -0.0277 0.3731 0.0114 0.9273
45.7599 316.1549 -0.7680 37.5767 -0.0271 0.3706 0.0130 0.9283
45.8637 316.8091 -0.7453 38.2799 -0.0287 0.3681 0.0127 0.9292
45.9674 317.4444 -0.6906 38.9850 -0.0305 0.3665 0.0114 0.9298
46.0713 318.0572 -0.6526 39.6784 -0.0321 0.3648 0.0090 0.9305
46.1750 318.6815 -0.5941 40.3715 -0.0345 0.3636 0.0118 0.9308
46.2788 319.3302 -0.5603 41.0751 -0.0348 0.3625 0.0111 0.9313
46.3827 319.9213 -0.5245 41.7649 -0.0313 0.3614 0.0125 0.9318
46.4865 320.5717 -0.4894 42.4572 -0.0287 0.3609 0.0091 0.9321
46.5904 321.1900 -0.4356 43.1663 -0.0283 0.3611 0.0097 0.9321
46.6942 321.8222 -0.4048 43.8720 -0.0299 0.3617 0.0093 0.9318
46.7981 322.4410 -0.3696 44.5689 -0.0315 0.3625 0.0115 0.9314
46.9019 323.1030 -0.3234 45.2682 -0.0326 0.3640 0.0114 0.9308
47.0058 323.7466 -0.2740 45.9599 -0.0326 0.3665 0.0108 0.9298
47.1097 324.3944 -0.2487 46.6651 -0.0315 0.3693 0.0082 0.9287
47.2136 325.0614 -0.1918 47.3697 -0.0295 0.3726 0.0073 0.9275
47.3174 325.7114 -0.1577 48.0590 -0.0287 0.3761 0.0064 0.9261
47.4212 326.3913 -0.1049 48.7472 -0.0291 0.3801 0.0061 0.9245
47.5251 327.0867 -0.0816 49.4222 -0.0293 0.3836 0.0064 0.9230
47.6288 327.7658 -0.0280 50.0942 -0.0315 0.3874 0.0052 0.9214
47.7327 328.4555 0.0126 50.7840 -0.0347 0.3918 0.0059 0.9194
47.8364 329.1673 0.0813 51.4489 -0.0372 0.3957 0.0063 0.9176
47.9402 329.8606 0.1111 52.1386 -0.0371 0.3999 0.0045 0.9158
48.0439 330.5602 0.1449 52.7990 -0.0344 0.4035 0.0025 0.9143
48.1477 331.2769 0.1856 53.4277 -0.0317 0.4071 0.0020 0.9128
48.2514 332.0277 0.2352 54.0931 -0.0315 0.4104 0.0028 0.9113
48.3550 332.7657 0.2758 54.7354 -0.0321 0.4135 0.0030 0.9100
48.4588 333.4992 0.3268 55.3660 -0.0329 0.4164 0.0032 0.9086
48.5626 334.2432 0.3606 56.0123 -0.0336 0.4188 0.0037 0.9074
48.6662 334.9945 0.4142 56.6752 -0.0347 0.4213 0.0034 0.9062
48.7699 335.7589 0.4597 57.3102 -0.0357 0.4237 0.0024 0.9051
48.8736 336.5231 0.5051 57.9730 -0.0364 0.4261 0.0012 0.9039
48.9773 337.2696 0.5487 58.5829 -0.0369 0.4282 0.0002 0.9030
49.0809 338.0599 0.5938 59.2387 -0.0371 0.4303 -0.0005 0.9019
49.1847 338.8442 0.6452 59.8744 -0.0372 0.4322 -0.0010 0.9010
49.2883 339.6392 0.6812 60.4960 -0.0373 0.4342 -0.0011 0.9000
49.3920 340.4220 0.7271 61.1397 -0.0375 0.4358 -0.0012 0.8992
49.4958 341.2091 0.7781 61.7671 -0.0379 0.4377 -0.0014 0.8983
49.5994 342.0118 0.8196 62.3738 -0.0391 0.4390 -0.0028 0.8977
49.7032 342.8293 0.8748 63.0239 -0.0396 0.4410 -0.0023 0.8966
49.8068 343.5919 0.9130 63.6178 -0.0396 0.4427 -0.0024 0.8958
49.9106 344.3909 0.9548 64.2392 -0.0391 0.4443 -0.0031 0.8950
50.0142 345.2131 1.0060 64.8648 -0.0385 0.4454 -0.0029 0.8945
50.1180 346.0168 1.0612 65.4665 -0.0397 0.4460 -0.0006 0.8941
50.2216 346.8420 1.1213 66.0819 -0.0421 0.4463 0.0038 0.8939
50.3253 347.6431 1.1856 66.6834 -0.0439 0.4468 0.0052 0.8936
50.4290 348.4475 1.2371 67.3003 -0.0431 0.4470 0.0058 0.8935
50.5327 349.2514 1.2853 67.9053 -0.0401 0.4475 0.0048 0.8934
50.6365 350.0325 1.3246 68.4948 -0.0370 0.4480 0.0035 0.8932
50.7402 350.8586 1.3707 69.1074 -0.0352 0.4484 0.0040 0.8931
50.8440 351.6777 1.4342 69.7446 -0.0352 0.4491 0.0052 0.8928
50.9476 352.4688 1.4787 70.3309 -0.0362 0.4497 0.0076 0.8924
51.0512 353.3028 1.5332 70.9238 -0.0375 0.4500 0.0097 0.8922
51.1549 354.1250 1.5903 71.5350 -0.0387 0.4502 0.0108 0.8920
51.2586 354.9247 1.6480 72.1357 -0.0387 0.4503 0.0112 0.8920
51.3623 355.7369 1.6985 72.7388 -0.0378 0.4504 0.0111 0.8920
51.4659 356.5531 1.7414 73.3371 -0.0364 0.4503 0.0112 0.8921
51.5697 357.3697 1.8017 73.9488 -0.0360 0.4503 0.0122 0.8921
51.6733 358.1521 1.8642 74.5338 -0.0360 0.4504 0.0152 0.8920
51.7769 358.9662 1.9136 75.1216 -0.0354 0.4506 0.0175 0.8919
51.8807 359.7970 1.9774 75.7574 -0.0354 0.4508 0.0162 0.8918
51.9843 360.6292 2.0219 76.3619 -0.0350 0.4511 0.0152 0.8916
52.0881 361.4082 2.0865 76.9359 -0.0354 0.4511 0.0150 0.8917
52.1917 362.2488 2.1442 77.5574 -0.0352 0.4512 0.0171 0.8916
52.2954 363.0322 2.2033 78.1496 -0.0356 0.4513 0.0179 0.8915
52.3992 363.8470 2.2434 78.7490 -0.0353 0.4509 0.0203 0.8916
52.5029 364.6590 2.3062 79.3360 -0.0348 0.4506 0.0229 0.8917
52.6067 365.4622 2.3753 79.9232 -0.0339 0.4503 0.0260 0.8918
52.7104 366.2779 2.4163 80.5032 -0.0335 0.4499 0.0287 0.8920
52.8142 367.1023 2.4979 81.1184 -0.0334 0.4494 0.0303 0.8922
52.9179 367.8900 2.5623 81.7108 -0.0337 0.4488 0.0315 0.8924
53.0217 368.6767 2.6312 82.2952 -0.0334 0.4480 0.0339 0.8928
53.1254 369.4325 2.6878 82.8631 -0.0338 0.4474 0.0339 0.8930
53.2292 370.2093 2.7610 83.4537 -0.0341 0.4466 0.0338 0.8934
53.3329 370.9607 2.8086 84.0332 -0.0341 0.4459 0.0346 0.8938
53.4365 371.7094 2.8670 84.6023 -0.0347 0.4454 0.0360 0.8939
53.5403 372.4488 2.9297 85.1812 -0.0370 0.4448 0.0367 0.8941
53.6441 373.1491 3.0017 85.7145 -0.0403 0.4445 0.0374 0.8941
53.7478 373.8466 3.0839 86.2482 -0.0441 0.4445 0.0363 0.8940
53.8516 374.5525 3.1447 86.7896 -0.0479 0.4444 0.0327 0.8939
53.9553 375.1974 3.2281 87.3179 -0.0489 0.4448 0.0317 0.8937
54.0590 375.8544 3.2853 87.8378 -0.0496 0.4452 0.0306 0.8935
54.1628 376.5236 3.3656 88.3466 -0.0508 0.4455 0.0276 0.8934
54.2666 377.1296 3.4295 88.8180 -0.0517 0.4459 0.0244 0.8933
54.3702 377.7811 3.4914 89.3328 -0.0514 0.4462 0.0233 0.8931
54.4739 378.3822 3.5632 89.7727 -0.0502 0.4466 0.0249 0.8930
54.5776 378.9898 3.6105 90.2255 -0.0496 0.4468 0.0259 0.8929
54.6813 379.6090 3.6875 90.6948 -0.0497 0.4478 0.0256 0.8924
54.7851 380.1818 3.7517 91.1561 -0.0502 0.4496 0.0251 0.8915
54.8888 380.8092 3.8371 91.5975 -0.0527 0.4522 0.0219 0.8901
54.9927 381.3684 3.8816 92.0138 -0.0527 0.4551 0.0231 0.8886
55.0964 381.9523 3.9468 92.4238 -0.0523 0.4584 0.0225 0.8869
55.2002 382.5332 3.9951 92.8466 -0.0511 0.4618 0.0203 0.8853
55.3040 383.1132 4.0517 93.2564 -0.0505 0.4651 0.0160 0.8837
55.4078 383.7027 4.1196 93.6670 -0.0501 0.4698 0.0139 0.8812
55.5117 384.3048 4.1843 94.0353 -0.0524 0.4751 0.0119 0.8783
55.6154 384.9242 4.2622 94.4180 -0.0541 0.4800 0.0134 0.8755
55.7192 385.5078 4.3152 94.7992 -0.0570 0.4850 0.0148 0.8726
55.8229 386.1360 4.3835 95.1634 -0.0586 0.4898 0.0156 0.8697
55.9267 386.7613 4.4491 95.5123 -0.0592 0.4947 0.0163 0.8669
56.0304 387.3944 4.5167 95.8875 -0.0584 0.4994 0.0168 0.8642
56.1341 388.0445 4.5763 96.2552 -0.0559 0.5032 0.0175 0.8622
56.2378 388.6881 4.6278 96.6060 -0.0525 0.5065 0.0186 0.8605
56.3416 389.3156 4.6930 96.9599 -0.0505 0.5095 0.0206 0.8587
56.4453 390.0001 4.7481 97.3063 -0.0518 0.5118 0.0235 0.8572
56.5491 390.7248 4.8526 97.6674 -0.0563 0.5142 0.0289 0.8554
56.6529 391.4242 4.9491 98.0403 -0.0637 0.5159 0.0323 0.8537
56.7567 392.1031 5.0915 98.3829 -0.0686 0.5177 0.0355 0.8521
56.8604 392.7732 5.1545 98.7484 -0.0706 0.5200 0.0371 0.8504
56.9643 393.4819 5.2416 99.0918 -0.0720 0.5228 0.0353 0.8487
57.0681 394.1627 5.3425 99.4547 -0.0718 0.5253 0.0349 0.8472
57.1719 394.8795 5.4599 99.7867 -0.0718 0.5277 0.0379 0.8456
57.2756 395.6324 5.5890 100.1588 -0.0721 0.5306 0.0415 0.8435
57.3793 396.3337 5.6966 100.4724 -0.0719 0.5334 0.0456 0.8416
57.4831 397.0915 5.8133 100.8338 -0.0721 0.5356 0.0467 0.8401
57.5868 397.7551 5.9267 101.1299 -0.0728 0.5381 0.0453 0.8385
57.6906 398.4911 6.0365 101.4598 -0.0725 0.5410 0.0457 0.8366
57.7943 399.1889 6.1454 101.7750 -0.0719 0.5438 0.0463 0.8348
57.8982 399.8861 6.2571 102.0560 -0.0720 0.5476 0.0464 0.8324
58.0019 400.6155 6.3577 102.3520 -0.0713 0.5516 0.0475 0.8297
58.1058 401.2435 6.4672 102.6289 -0.0718 0.5556 0.0470 0.8270
58.2097 401.9452 6.5756 102.9034 -0.0721 0.5602 0.0471 0.8239
58.3134 402.6449 6.7014 103.1824 -0.0714 0.5643 0.0486 0.8210
58.4173 403.2737 6.7807 103.4220 -0.0702 0.5687 0.0494 0.8181
58.5211 403.9943 6.8811 103.6582 -0.0672 0.5735 0.0487 0.8150
58.6249 404.7226 6.9669 103.9200 -0.0667 0.5792 0.0426 0.8113
58.7287 405.4094 7.0691 104.1223 -0.0656 0.5854 0.0375 0.8072
58.8327 406.0601 7.1628 104.3242 -0.0638 0.5917 0.0348 0.8028
58.9366 406.7109 7.2386 104.5093 -0.0618 0.5998 0.0344 0.7970
59.0404 407.3969 7.3361 104.6936 -0.0592 0.6081 0.0336 0.7909
59.1443 408.1149 7.4180 104.8552 -0.0550 0.6169 0.0332 0.7844
59.2482 408.8197 7.4788 104.9698 -0.0510 0.6252 0.0330 0.7781
59.3521 409.5227 7.5430 105.0910 -0.0478 0.6335 0.0331 0.7716
59.4558 410.2411 7.6075 105.1977 -0.0463 0.6409 0.0339 0.7655
59.5596 410.9475 7.6798 105.3017 -0.0476 0.6476 0.0358 0.7597
59.6633 411.7096 7.7779 105.4180 -0.0510 0.6534 0.0377 0.7544
59.7669 412.4800 7.8622 105.4928 -0.0513 0.6582 0.0431 0.7499
59.8707 413.2265 7.9467 105.5860 -0.0545 0.6619 0.0441 0.7463
59.9743 413.9775 8.0246 105.6763 -0.0556 0.6653 0.0453 0.7431
60.0781 414.7235 8.1123 105.7497 -0.0574 0.6677 0.0452 0.7409
60.1818 415.4615 8.2154 105.8352 -0.0611 0.6705 0.0444 0.7380
60.2856 416.2544 8.3300 105.9266 -0.0619 0.6731 0.0438 0.7356
60.3893 416.9604 8.4113 106.0116 -0.0617 0.6757 0.0367 0.7337
60.4931 417.7295 8.4619 106.0566 -0.0569 0.6777 0.0295 0.7325
60.5968 418.4842 8.4999 106.1063 -0.0538 0.6801 0.0230 0.7308
60.7006 419.2520 8.5845 106.1677 -0.0549 0.6811 0.0212 0.7298
60.8042 420.0862 8.6992 106.2530 -0.0605 0.6810 0.0215 0.7294
60.9080 420.8237 8.8108 106.3005 -0.0611 0.6808 0.0220 0.7296
61.0116 421.6421 8.8505 106.3681 -0.0584 0.6798 0.0159 0.7309
61.1153 422.3218 8.8629 106.4261 -0.0509 0.6790 0.0074 0.7323
61.2189 423.0721 8.8877 106.5119 -0.0461 0.6770 -0.0002 0.7346
61.3227 423.8379 8.9427 106.5668 -0.0462 0.6754 -0.0007 0.7360
61.4264 424.5963 9.0300 106.6383 -0.0515 0.6749 0.0017 0.7361
61.5302 425.3404 9.0823 106.7023 -0.0538 0.6738 0.0036 0.7369
61.6338 426.0739 9.1118 106.7778 -0.0521 0.6720 0.0041 0.7387
61.7376 426.7985 9.1222 106.8468 -0.0474 0.6714 0.0017 0.7395
61.8413 427.5100 9.1428 106.9244 -0.0449 0.6706 0.0003 0.7405
61.9451 428.1423 9.1887 107.0013 -0.0426 0.6698 0.0011 0.7413
62.0488 428.8158 9.2184 107.0748 -0.0399 0.6699 0.0014 0.7413
62.1526 429.5135 9.2419 107.1623 -0.0376 0.6701 -0.0006 0.7413
62.2564 430.1958 9.2564 107.2443 -0.0368 0.6708 -0.0026 0.7408
62.3601 430.8568 9.2847 107.3181 -0.0372 0.6711 -0.0060 0.7405
62.4640 431.4826 9.2917 107.3732 -0.0380 0.6737 -0.0083 0.7380
62.5679 432.1390 9.3124 107.3999 -0.0385 0.6781 -0.0104 0.7339
62.6718 432.7760 9.3154 107.4426 -0.0386 0.6840 -0.0116 0.7283
62.7758 433.4183 9.3164 107.4610 -0.0377 0.6907 -0.0117 0.7220
62.8798 434.0523 9.3383 107.4702 -0.0364 0.6976 -0.0106 0.7155
62.9837 434.6436 9.3456 107.4620 -0.0350 0.7037 -0.0101 0.7096
63.0876 435.2666 9.3453 107.4773 -0.0340 0.7102 -0.0101 0.7031
63.1914 435.8159 9.3421 107.4507 -0.0334 0.7165 -0.0099 0.6967
63.2954 436.3617 9.3459 107.4195 -0.0340 0.7228 -0.0100 0.6902
63.3993 436.9130 9.3714 107.3686 -0.0348 0.7293 -0.0104 0.6832
63.5032 437.4110 9.3598 107.3119 -0.0346 0.7357 -0.0108 0.6763
63.6071 437.8490 9.3609 107.2533 -0.0316 0.7415 -0.0113 0.6702
63.7108 438.2631 9.3387 107.1925 -0.0266 0.7468 -0.0126 0.6644
63.8147 438.6774 9.3239 107.1112 -0.0209 0.7519 -0.0145 0.6588
63.9184 439.0600 9.3114 107.0499 -0.0181 0.7559 -0.0176 0.6543
64.0222 439.4186 9.3160 107.0150 -0.0162 0.7595 -0.0203 0.6500
64.1260 439.7661 9.3021 106.9422 -0.0146 0.7626 -0.0219 0.6463
64.2297 440.1006 9.2938 106.8770 -0.0126 0.7654 -0.0211 0.6431
64.3333 440.4252 9.2830 106.8213 -0.0091 0.7677 -0.0179 0.6405
64.4371 440.6941 9.2457 106.7353 -0.0072 0.7694 -0.0156 0.6385
64.5407 440.9652 9.2515 106.6805 -0.0084 0.7711 -0.0150 0.6365
64.6444 441.2384 9.2357 106.6243 -0.0111 0.7726 -0.0161 0.6346
64.7481 441.4652 9.2525 106.5886 -0.0139 0.7738 -0.0173 0.6330
64.8517 441.7117 9.2443 106.5641 -0.0152 0.7748 -0.0181 0.6318
64.9553 441.8895 9.2278 106.5012 -0.0143 0.7755 -0.0176 0.6309
65.0591 442.0541 9.2102 106.4555 -0.0121 0.7761 -0.0168 0.6303
65.1627 442.2376 9.1998 106.4296 -0.0100 0.7765 -0.0157 0.6298
65.2663 442.3707 9.1900 106.3977 -0.0086 0.7763 -0.0164 0.6301
65.3701 442.5174 9.1885 106.3687 -0.0085 0.7757 -0.0177 0.6308
65.4737 442.6739 9.1936 106.3288 -0.0076 0.7748 -0.0161 0.6319
65.5774 442.8228 9.1715 106.2976 -0.0061 0.7736 -0.0130 0.6335
65.6811 442.9704 9.1867 106.2520 -0.0046 0.7719 -0.0102 0.6356
65.7848 443.1184 9.1696 106.2276 -0.0034 0.7706 -0.0099 0.6373
65.8886 443.2641 9.1707 106.2098 -0.0037 0.7693 -0.0112 0.6387
65.9922 443.4063 9.1608 106.1957 -0.0045 0.7678 -0.0127 0.6405
66.0959 443.5556 9.1593 106.1812 -0.0048 0.7660 -0.0142 0.6426
66.1997 443.7069 9.1508 106.1734 -0.0048 0.7641 -0.0144 0.6449
66.3033 443.8884 9.1426 106.1429 -0.0050 0.7621 -0.0146 0.6473
66.4071 444.0844 9.1331 106.1304 -0.0078 0.7598 -0.0158 0.6500
66.5107 444.3039 9.1444 106.1319 -0.0116 0.7569 -0.0174 0.6532
66.6143 444.5178 9.1653 106.1137 -0.0141 0.7539 -0.0183 0.6565
66.7181 444.7605 9.1403 106.0815 -0.0138 0.7509 -0.0166 0.6601
66.8217 445.0027 9.1335 106.0560 -0.0119 0.7472 -0.0141 0.6643
66.9254 445.2547 9.1036 106.0327 -0.0111 0.7433 -0.0124 0.6687
67.0291 445.5124 9.1338 106.0336 -0.0095 0.7381 -0.0103 0.6745
67.1328 445.7919 9.0944 106.0144 -0.0088 0.7326 -0.0097 0.6805
67.2364 446.0531 9.1095 106.0130 -0.0086 0.7267 -0.0085 0.6869
67.3401 446.3550 9.0943 106.0131 -0.0088 0.7194 -0.0082 0.6944
67.4437 446.6265 9.0980 106.0414 -0.0087 0.7119 -0.0083 0.7022
67.5473 446.9139 9.0746 106.0651 -0.0088 0.7042 -0.0093 0.7099
67.6511 447.2487 9.0898 106.0977 -0.0096 0.6960 -0.0125 0.7179
67.7547 447.5914 9.0766 106.1414 -0.0103 0.6875 -0.0154 0.7260
67.8583 447.9016 9.0975 106.1938 -0.0109 0.6782 -0.0155 0.7346
67.9621 448.2644 9.0624 106.2496 -0.0105 0.6686 -0.0139 0.7434
68.0657 448.6243 9.0591 106.3357 -0.0102 0.6593 -0.0125 0.7517
68.1693 448.9973 9.0597 106.3969 -0.0104 0.6492 -0.0124 0.7604
68.2731 449.3943 9.0485 106.4957 -0.0109 0.6393 -0.0125 0.7688
68.3767 449.7709 9.0603 106.6225 -0.0111 0.6294 -0.0126 0.7769
68.4803 450.1928 9.0485 106.7170 -0.0110 0.6190 -0.0126 0.7852
68.5841 450.6239 9.0466 106.8617 -0.0108 0.6094 -0.0120 0.7927
68.6878 451.0499 9.0444 107.0159 -0.0107 0.6005 -0.0117 0.7994
68.7916 451.5327 9.0407 107.1690 -0.0107 0.5920 -0.0112 0.8058
68.8953 451.9852 9.0319 107.3582 -0.0106 0.5843 -0.0107 0.8114
68.9991 452.4788 9.0356 107.5251 -0.0105 0.5766 -0.0108 0.8169
69.1028 452.9912 9.0224 107.7305 -0.0101 0.5692 -0.0103 0.8221
69.2066 453.5040 9.0258 107.9478 -0.0092 0.5615 -0.0086 0.8274
69.3103 454.0346 9.0240 108.1923 -0.0076 0.5534 -0.0064 0.8328
69.4139 454.5581 9.0098 108.4307 -0.0067 0.5455 -0.0051 0.8380
69.5177 455.0960 9.0134 108.6996 -0.0063 0.5383 -0.0048 0.8427
69.6214 455.6588 9.0038 108.9776 -0.0061 0.5314 -0.0054 0.8471
69.7253 456.2204 9.0003 109.2917 -0.0064 0.5252 -0.0062 0.8509
69.8291 456.8197 9.0030 109.6273 -0.0069 0.5195 -0.0057 0.8544
69.9328 457.3991 8.9969 109.9467 -0.0078 0.5148 -0.0053 0.8573
70.0367 457.9889 9.0030 110.2808 -0.0092 0.5110 -0.0048 0.8595
70.1406 458.6046 9.0042 110.6258 -0.0100 0.5078 -0.0043 0.8614
70.2443 459.2248 8.9989 110.9957 -0.0104 0.5054 -0.0046 0.8628
70.3482 459.8641 8.9994 111.3553 -0.0110 0.5037 -0.0051 0.8638
70.4519 460.5095 9.0017 111.7343 -0.0114 0.5021 -0.0053 0.8647
70.5558 461.1788 9.0039 112.1217 -0.0114 0.5008 -0.0060 0.8655
70.6596 461.8654 9.0017 112.5172 -0.0110 0.4994 -0.0055 0.8663
70.7633 462.5328 9.0008 112.9231 -0.0102 0.4980 -0.0054 0.8671
70.8672 463.2464 8.9981 113.3507 -0.0096 0.4967 -0.0057 0.8678
70.9708 463.9535 8.9997 113.7595 -0.0088 0.4955 -0.0059 0.8685
71.0747 464.6717 8.9898 114.1897 -0.0080 0.4944 -0.0060 0.8692
71.1784 465.3935 8.9910 114.6316 -0.0070 0.4934 -0.0052 0.8697
71.2822 466.1328 8.9813 115.0809 -0.0059 0.4925 -0.0040 0.8703
71.3859 466.8556 8.9776 115.5191 -0.0054 0.4916 -0.0035 0.8708
71.4896 467.6082 8.9733 115.9815 -0.0046 0.4906 -0.0044 0.8714
71.5933 468.3712 8.9507 116.4337 -0.0029 0.4902 -0.0048 0.8716
71.6972 469.1340 8.9356 116.9265 -0.0020 0.4901 -0.0056 0.8716
71.8010 469.9142 8.9347 117.4108 -0.0028 0.4900 -0.0063 0.8717
71.9047 470.7167 8.9225 117.9052 -0.0039 0.4898 -0.0052 0.8718
72.0085 471.5122 8.9244 118.4068 -0.0047 0.4897 -0.0043 0.8719
72.1122 472.3300 8.9012 118.8838 -0.0042 0.4893 -0.0038 0.8721
72.2160 473.1264 8.8967 119.3949 -0.0033 0.4892 -0.0033 0.8722
72.3197 473.9788 8.8771 119.9087 -0.0024 0.4887 -0.0024 0.8724
72.4235 474.8165 8.8688 120.4235 -0.0023 0.4883 -0.0019 0.8727
72.5272 475.6672 8.8542 120.9583 -0.0020 0.4879 -0.0014 0.8729
72.6309 476.5151 8.8447 121.4950 -0.0019 0.4875 -0.0009 0.8731
72.7347 477.3861 8.8334 122.0312 -0.0017 0.4873 -0.0011 0.8732
72.8385 478.2609 8.8192 122.5739 -0.0015 0.4870 -0.0019 0.8734
72.9422 479.1239 8.8151 123.1272 -0.0018 0.4867 -0.0021 0.8736
73.0460 480.0452 8.7816 123.7033 -0.0022 0.4870 -0.0017 0.8734
73.1497 480.9071 8.7868 124.2609 -0.0035 0.4875 -0.0033 0.8731
73.2535 481.8198 8.7747 124.8283 -0.0037 0.4884 -0.0049 0.8726
73.3572 482.7367 8.7531 125.4171 -0.0031 0.4903 -0.0066 0.8715
73.4611 483.6421 8.7351 125.9768 -0.0034 0.4934 -0.0088 0.8697
73.5649 484.5983 8.7139 126.5341 -0.0042 0.4979 -0.0124 0.8671
73.6688 485.5204 8.6900 127.0818 -0.0044 0.5036 -0.0146 0.8638
73.7727 486.4707 8.6676 127.6163 -0.0053 0.5102 -0.0162 0.8599
73.8767 487.4601 8.6364 128.1326 -0.0065 0.5175 -0.0166 0.8555
73.9806 488.4284 8.6161 128.6218 -0.0088 0.5248 -0.0167 0.8510
74.0845 489.4040 8.5950 129.1232 -0.0097 0.5324 -0.0175 0.8463
74.1885 490.4461 8.5591 129.5932 -0.0087 0.5404 -0.0184 0.8412
74.2923 491.4169 8.5325 130.0355 -0.0078 0.5485 -0.0202 0.8359
74.3962 492.4386 8.4982 130.4919 -0.0074 0.5572 -0.0207 0.8301
74.5001 493.4629 8.4801 130.8921 -0.0084 0.5663 -0.0210 0.8239
74.6038 494.5092 8.4562 131.2674 -0.0083 0.5760 -0.0203 0.8171
74.7078 495.5611 8.4047 131.6251 -0.0072 0.5863 -0.0214 0.8098
74.8117 496.5943 8.3845 131.9522 -0.0063 0.5968 -0.0249 0.8020
74.9155 497.6826 8.3075 132.2597 -0.0042 0.6079 -0.0261 0.7936
75.0193 498.7379 8.2997 132.5319 -0.0047 0.6192 -0.0310 0.7846
75.1233 499.8068 8.2078 132.7681 -0.0023 0.6313 -0.0306 0.7749
75.2271 500.9423 8.1749 132.9805 -0.0028 0.6430 -0.0337 0.7651
75.3310 502.0298 8.1023 133.1587 -0.0004 0.6541 -0.0340 0.7556
75.4348 503.1408 8.0188 133.2829 0.0022 0.6647 -0.0350 0.7462
75.5386 504.2270 7.9446 133.3844 0.0047 0.6744 -0.0353 0.7375
75.6422 505.3415 7.8547 133.4675 0.0062 0.6833 -0.0347 0.7293
75.7459 506.4831 7.7728 133.5423 0.0071 0.6918 -0.0345 0.7212
75.8496 507.5729 7.7011 133.5664 0.0074 0.6996 -0.0357 0.7136
75.9533 508.6912 7.6151 133.5577 0.0084 0.7074 -0.0372 0.7058
76.0570 509.8266 7.5150 133.5555 0.0090 0.7149 -0.0370 0.6982
76.1606 510.9839 7.4236 133.4981 0.0097 0.7211 -0.0347 0.6919
76.2642 512.0956 7.3380 133.4275 0.0114 0.7258 -0.0322 0.6870
76.3677 513.2378 7.2363 133.3705 0.0145 0.7291 -0.0308 0.6836
76.4713 514.3656 7.1375 133.2801 0.0159 0.7309 -0.0314 0.6816
76.5750 515.4926 7.0484 133.2131 0.0159 0.7326 -0.0318 0.6797
76.6786 516.6115 6.9666 133.1440 0.0162 0.7337 -0.0319 0.6785
76.7822 517.7429 6.8699 133.0480 0.0164 0.7349 -0.0328 0.6772
76.8859 518.9090 6.7614 132.9781 0.0182 0.7361 -0.0335 0.6758
76.9896 520.0637 6.6599 132.8549 0.0190 0.7370 -0.0342 0.6748
77.0932 521.2366 6.5440 132.7645 0.0190 0.7382 -0.0337 0.6734
77.1970 522.4207 6.4498 132.6389 0.0187 0.7393 -0.0321 0.6724
77.3006 523.6060 6.3646 132.5536 0.0175 0.7401 -0.0309 0.6716
77.4042 524.7934 6.2645 132.4490 0.0170 0.7406 -0.0323 0.6710
77.5078 526.0144 6.1584 132.3523 0.0180 0.7406 -0.0341 0.6708
77.6116 527.1882 6.0401 132.2424 0.0188 0.7404 -0.0353 0.6709
77.7152 528.4311 5.9311 132.1149 0.0197 0.7406 -0.0344 0.6708
77.8190 529.6547 5.8218 132.0153 0.0193 0.7403 -0.0347 0.6711
77.9227 530.9057 5.7139 131.8922 0.0190 0.7404 -0.0355 0.6709
78.0263 532.1520 5.6032 131.7846 0.0181 0.7407 -0.0370 0.6706
78.1301 533.4002 5.4885 131.6748 0.0179 0.7415 -0.0363 0.6697
78.2338 534.6621 5.3707 131.5501 0.0176 0.7422 -0.0361 0.6689
78.3375 535.9284 5.2554 131.4195 0.0179 0.7431 -0.0361 0.6680
78.4412 537.2199 5.1315 131.2849 0.0181 0.7437 -0.0365 0.6672
78.5448 538.4834 5.0317 131.1612 0.0179 0.7450 -0.0363 0.6658
78.6486 539.7737 4.8989 131.0214 0.0178 0.7461 -0.0363 0.6646
78.7523 541.0660 4.7885 130.8826 0.0169 0.7472 -0.0366 0.6634
78.8560 542.3709 4.6668 130.7374 0.0165 0.7485 -0.0362 0.6619
78.9597 543.6785 4.5558 130.5942 0.0160 0.7497 -0.0363 0.6606
79.0633 545.0050 4.4406 130.4201 0.0157 0.7506 -0.0371 0.6595
79.1671 546.3300 4.3196 130.2532 0.0159 0.7516 -0.0372 0.6584
79.2708 547.6451 4.1961 130.0687 0.0160 0.7523 -0.0370 0.6576
79.3745 549.0185 4.0681 129.9062 0.0163 0.7531 -0.0375 0.6566
79.4782 550.3652 3.9426 129.7257 0.0165 0.7542 -0.0377 0.6553
79.5820 551.6937 3.8238 129.5473 0.0162 0.7553 -0.0379 0.6540
79.6857 553.0561 3.7047 129.3662 0.0162 0.7565 -0.0378 0.6527
79.7895 554.4444 3.5677 129.1616 0.0161 0.7578 -0.0378 0.6512
79.8932 555.8435 3.4419 128.9458 0.0159 0.7591 -0.0379 0.6497
79.9970 557.2313 3.3119 128.7502 0.0160 0.7603 -0.0381 0.6483
80.1006 558.6223 3.1848 128.5184 0.0162 0.7610 -0.0382 0.6475
80.2043 560.0194 3.0520 128.3041 0.0170 0.7618 -0.0379 0.6464
80.3080 561.4609 2.9167 128.0660 0.0173 0.7624 -0.0379 0.6457
80.4117 562.8597 2.7838 127.8413 0.0170 0.7629 -0.0381 0.6451
80.5153 564.2748 2.6518 127.6189 0.0178 0.7633 -0.0374 0.6447
80.6191 565.7126 2.5146 127.3782 0.0181 0.7638 -0.0376 0.6441
80.7227 567.1602 2.3739 127.1475 0.0182 0.7642 -0.0375 0.6437
80.8264 568.5860 2.2448 126.8984 0.0187 0.7645 -0.0364 0.6434
80.9301 570.0181 2.1078 126.6655 0.0188 0.7648 -0.0365 0.6430
81.0338 571.4524 1.9694 126.4250 0.0188 0.7652 -0.0364 0.6425
81.1375 572.9774 1.8326 126.1573 0.0182 0.7656 -0.0360 0.6421
81.2412 574.4149 1.7006 125.9186 0.0177 0.7659 -0.0353 0.6417
81.3449 575.9040 1.5618 125.6642 0.0177 0.7662 -0.0353 0.6413
81.4486 577.3648 1.4258 125.4144 0.0179 0.7663 -0.0359 0.6412
81.5523 578.8204 1.2882 125.1659 0.0189 0.7663 -0.0352 0.6412
81.6561 580.3407 1.1475 124.8995 0.0183 0.7664 -0.0359 0.6411
81.7597 581.8106 1.0064 124.6497 0.0189 0.7664 -0.0352 0.6411
81.8635 583.2999 0.8664 124.3926 0.0186 0.7663 -0.0359 0.6412
81.9671 584.7766 0.7253 124.1362 0.0197 0.7662 -0.0359 0.6413
82.0708 586.2652 0.5777 123.8820 0.0206 0.7659 -0.0358 0.6416
82.1745 587.7495 0.4219 123.6147 0.0209 0.7654 -0.0355 0.6422
82.2782 589.2582 0.2716 123.3587 0.0217 0.7648 -0.0336 0.6431
82.3820 590.7201 0.1354 123.1075 0.0218 0.7642 -0.0330 0.6438
82.4857 592.1932 -0.0112 122.8627 0.0209 0.7639 -0.0335 0.6441
82.5894 593.6758 -0.1511 122.6298 0.0219 0.7636 -0.0323 0.6445
82.6931 595.1610 -0.2932 122.3966 0.0215 0.7634 -0.0328 0.6448
82.7969 596.6423 -0.4431 122.1409 0.0211 0.7632 -0.0333 0.6450
82.9006 598.1029 -0.5828 121.9042 0.0213 0.7629 -0.0328 0.6453
83.0042 599.5976 -0.7280 121.6685 0.0208 0.7628 -0.0332 0.6455
83.1078 601.0734 -0.8624 121.4381 0.0208 0.7626 -0.0331 0.6457
83.2116 602.5742 -1.0111 121.1914 0.0202 0.7626 -0.0330 0.6457
83.3152 604.0554 -1.1521 120.9513 0.0201 0.7624 -0.0318 0.6460
83.4190 605.5468 -1.2871 120.7026 0.0232 0.7622 -0.0286 0.6463
83.5226 607.0291 -1.4276 120.4687 0.0245 0.7617 -0.0286 0.6468
83.6262 608.5084 -1.5776 120.2360 0.0251 0.7616 -0.0301 0.6468
83.7300 609.9750 -1.7208 120.0055 0.0242 0.7615 -0.0311 0.6470
83.8336 611.4492 -1.8565 119.7720 0.0233 0.7611 -0.0309 0.6475
83.9373 612.9359 -1.9982 119.5433 0.0226 0.7608 -0.0313 0.6478
84.0410 614.4089 -2.1307 119.3344 0.0221 0.7605 -0.0320 0.6481
84.1447 615.8869 -2.2707 119.1015 0.0210 0.7603 -0.0330 0.6484
84.2484 617.3851 -2.4196 118.8727 0.0203 0.7602 -0.0333 0.6485
84.3521 618.8409 -2.5521 118.6598 0.0199 0.7601 -0.0330 0.6486
84.4557 620.3034 -2.6991 118.4240 0.0204 0.7602 -0.0326 0.6486
84.5594 621.7808 -2.8306 118.2017 0.0207 0.7602 -0.0327 0.6485
84.6630 623.2580 -2.9798 117.9573 0.0214 0.7601 -0.0320 0.6487
84.7667 624.7197 -3.1121 117.7396 0.0218 0.7599 -0.0305 0.6490
84.8703 626.1872 -3.2494 117.5157 0.0224 0.7593 -0.0308 0.6497
84.9740 627.6369 -3.3976 117.2917 0.0226 0.7588 -0.0334 0.6501
85.0777 629.0961 -3.5417 117.0831 0.0213 0.7585 -0.0339 0.6504
85.1813 630.5536 -3.6894 116.8794 0.0194 0.7581 -0.0345 0.6510
85.2851 631.9849 -3.8284 116.6724 0.0185 0.7579 -0.0339 0.6513
85.3887 633.4007 -3.9671 116.4644 0.0186 0.7578 -0.0322 0.6514
85.4925 634.8242 -4.1046 116.2434 0.0187 0.7577 -0.0312 0.6516
85.5961 636.2384 -4.2330 116.0523 0.0191 0.7578 -0.0310 0.6514
85.6997 637.6340 -4.3649 115.8546 0.0191 0.7580 -0.0315 0.6512
85.8034 639.0137 -4.4988 115.6578 0.0189 0.7583 -0.0312 0.6509
85.9071 640.3958 -4.6251 115.4549 0.0183 0.7585 -0.0316 0.6506
86.0108 641.7703 -4.7637 115.2742 0.0178 0.7587 -0.0318 0.6504
86.1145 643.1165 -4.8948 115.0690 0.0176 0.7590 -0.0316 0.6501
86.2182 644.4045 -5.0103 114.8639 0.0163 0.7594 -0.0307 0.6497
86.3218 645.7205 -5.1304 114.6645 0.0151 0.7596 -0.0295 0.6495
86.4256 646.9788 -5.2366 114.4863 0.0156 0.7599 -0.0298 0.6492
86.5292 648.2205 -5.3725 114.3124 0.0173 0.7600 -0.0313 0.6490
86.6330 649.4237 -5.4873 114.1372 0.0174 0.7600 -0.0317 0.6489
86.7367 650.6124 -5.6103 113.9446 0.0172 0.7599 -0.0307 0.6491
86.8403 651.7662 -5.7108 113.7713 0.0169 0.7595 -0.0295 0.6496
86.9441 652.8627 -5.8250 113.5952 0.0164 0.7590 -0.0294 0.6502
87.0477 653.9433 -5.9236 113.4350 0.0154 0.7585 -0.0296 0.6509
87.1514 655.0088 -6.0276 113.2693 0.0147 0.7576 -0.0283 0.6519
87.2550 656.0100 -6.1158 113.1316 0.0140 0.7570 -0.0265 0.6527
87.3587 656.9791 -6.1903 113.0046 0.0130 0.7567 -0.0264 0.6531
87.4625 657.9243 -6.2934 112.8607 0.0132 0.7565 -0.0264 0.6534
87.5662 658.8128 -6.3681 112.7598 0.0140 0.7563 -0.0271 0.6536
87.6699 659.6545 -6.4468 112.6351 0.0144 0.7561 -0.0271 0.6537
87.7736 660.4570 -6.5278 112.5271 0.0135 0.7562 -0.0279 0.6536
87.8773 661.2058 -6.5879 112.4197 0.0124 0.7570 -0.0290 0.6526
87.9812 661.9278 -6.6550 112.3282 0.0110 0.7599 -0.0305 0.6493
88.0852 662.6141 -6.7148 112.2181 0.0098 0.7653 -0.0320 0.6428
88.1892 663.2561 -6.7731 112.0956 0.0086 0.7727 -0.0337 0.6338
88.2933 663.8761 -6.8350 111.9448 0.0085 0.7817 -0.0350 0.6226
88.3975 664.4910 -6.8948 111.7890 0.0100 0.7921 -0.0358 0.6093
88.5016 665.0600 -6.9709 111.6031 0.0118 0.8037 -0.0357 0.5938
88.6058 665.6282 -7.0223 111.3632 0.0124 0.8167 -0.0356 0.5758
88.7101 666.1567 -7.0712 111.1370 0.0127 0.8310 -0.0354 0.5549
88.8143 666.6497 -7.1302 110.8435 0.0121 0.8453 -0.0348 0.5330
88.9186 667.1508 -7.1686 110.5450 0.0123 0.8596 -0.0343 0.5097
89.0228 667.6150 -7.2212 110.2463 0.0129 0.8747 -0.0345 0.4833
89.1271 668.0369 -7.3044 109.8669 0.0139 0.8891 -0.0353 0.4561
89.2313 668.4329 -7.3443 109.5170 0.0147 0.9036 -0.0369 0.4265
89.3356 668.8018 -7.3981 109.1029 0.0157 0.9169 -0.0391 0.3968
89.4396 669.1201 -7.4429 108.7270 0.0196 0.9293 -0.0398 0.3666
89.5437 669.4019 -7.5373 108.3105 0.0236 0.9407 -0.0386 0.3362
89.6478 669.6816 -7.5767 107.8300 0.0243 0.9510 -0.0384 0.3058
89.7518 669.9108 -7.6044 107.4276 0.0240 0.9605 -0.0384 0.2745
89.8558 670.1236 -7.6456 106.9167 0.0249 0.9688 -0.0379 0.2437
89.9597 670.2873 -7.7145 106.4490 0.0277 0.9763 -0.0372 0.2115
90.0637 670.4316 -7.7694 105.9586 0.0311 0.9824 -0.0384 0.1803
90.1676 670.5539 -7.8227 105.4250 0.0324 0.9876 -0.0414 0.1478
90.2715 670.6481 -7.8714 104.9423 0.0327 0.9918 -0.0449 0.1151
90.3755 670.6983 -7.9150 104.3733 0.0334 0.9950 -0.0466 0.0821
90.4793 670.6925 -7.9619 103.8776 0.0334 0.9972 -0.0459 0.0497
90.5831 670.6995 -8.0174 103.3147 0.0343 0.9982 -0.0454 0.0165
90.6870 670.6214 -8.0806 102.7079 0.0345 0.9982 -0.0465 -0.0170
90.7908 670.5009 -8.1258 102.1989 0.0351 0.9969 -0.0485 -0.0507
90.8946 670.3982 -8.1837 101.5931 0.0352 0.9945 -0.0507 -0.0844
90.9985 670.2476 -8.2318 101.0552 0.0354 0.9909 -0.0529 -0.1184
91.1021 670.0430 -8.2843 100.4659 0.0358 0.9864 -0.0545 -0.1506
91.2058 669.7534 -8.3519 99.8979 0.0374 0.9812 -0.0545 -0.1810
91.3095 669.4852 -8.4158 99.3505 0.0379 0.9754 -0.0553 -0.2102
91.4130 669.1571 -8.4704 98.7811 0.0390 0.9692 -0.0559 -0.2367
91.5166 668.7990 -8.5367 98.2174 0.0397 0.9630 -0.0569 -0.2604
91.6202 668.4096 -8.6007 97.6555 0.0403 0.9568 -0.0589 -0.2819
91.7237 668.0201 -8.6536 97.1039 0.0410 0.9513 -0.0598 -0.2997
91.8272 667.5782 -8.7277 96.5658 0.0418 0.9465 -0.0588 -0.3144
91.9306 667.1140 -8.7925 95.9937 0.0418 0.9425 -0.0563 -0.3269
92.0341 666.6567 -8.8595 95.4278 0.0406 0.9388 -0.0535 -0.3377
92.1377 666.1751 -8.9168 94.8521 0.0390 0.9355 -0.0514 -0.3474
92.2412 665.6431 -8.9819 94.2953 0.0377 0.9322 -0.0495 -0.3565
92.3449 665.1237 -9.0462 93.7232 0.0362 0.9287 -0.0469 -0.3660
92.4486 664.5728 -9.0958 93.1695 0.0327 0.9251 -0.0435 -0.3759
92.5522 664.0236 -9.1602 92.6057 0.0295 0.9212 -0.0400 -0.3859
92.6560 663.4484 -9.2026 92.0686 0.0284 0.9170 -0.0361 -0.3964
92.7597 662.8417 -9.2440 91.5165 0.0258 0.9124 -0.0311 -0.4073
92.8635 662.2538 -9.2875 90.9872 0.0231 0.9074 -0.0264 -0.4188
92.9672 661.6206 -9.3153 90.4633 0.0206 0.9020 -0.0237 -0.4305
93.0710 660.9551 -9.3646 89.9705 0.0190 0.8963 -0.0216 -0.4426
93.1747 660.3002 -9.3846 89.4917 0.0200 0.8902 -0.0204 -0.4546
93.2785 659.6206 -9.4060 89.0289 0.0215 0.8840 -0.0178 -0.4666
93.3821 658.9041 -9.4168 88.5786 0.0235 0.8781 -0.0161 -0.4777
93.4858 658.1964 -9.4472 88.1386 0.0256 0.8729 -0.0146 -0.4871
93.5895 657.4409 -9.4609 87.7088 0.0274 0.8684 -0.0131 -0.4950
93.6931 656.7177 -9.4720 87.2792 0.0271 0.8655 -0.0108 -0.5000
93.7967 655.9816 -9.4678 86.8704 0.0280 0.8637 -0.0084 -0.5031
93.9004 655.2407 -9.4788 86.4255 0.0281 0.8628 -0.0054 -0.5048
94.0040 654.4714 -9.4481 85.9784 0.0262 0.8625 -0.0024 -0.5053
94.1076 653.6759 -9.4387 85.5251 0.0239 0.8628 -0.0016 -0.5049
94.2113 652.9171 -9.4627 85.0571 0.0206 0.8634 -0.0029 -0.5040
94.3150 652.1244 -9.4921 84.5864 0.0170 0.8647 -0.0052 -0.5021
94.4186 651.3432 -9.4958 84.1168 0.0148 0.8662 -0.0073 -0.4995
94.5222 650.5209 -9.5056 83.6494 0.0155 0.8676 -0.0087 -0.4970
94.6260 649.7289 -9.4908 83.1352 0.0176 0.8689 -0.0090 -0.4946
94.7297 648.9221 -9.5009 82.6257 0.0161 0.8699 -0.0090 -0.4929
94.8335 648.1185 -9.5365 82.1454 0.0130 0.8703 -0.0099 -0.4922
94.9372 647.2904 -9.5847 81.6388 0.0083 0.8705 -0.0104 -0.4920
95.0410 646.4343 -9.5790 81.0914 0.0086 0.8707 -0.0108 -0.4916
95.1447 645.6063 -9.6077 80.5984 0.0091 0.8709 -0.0109 -0.4912
95.2484 644.7307 -9.6268 80.0485 0.0094 0.8713 -0.0097 -0.4906
95.3521 643.8702 -9.6614 79.5461 0.0111 0.8717 -0.0088 -0.4898
95.4559 643.0183 -9.6555 79.0274 0.0141 0.8723 -0.0089 -0.4886
95.5595 642.1402 -9.6926 78.4568 0.0132 0.8733 -0.0078 -0.4870
95.6631 641.3061 -9.7162 77.9362 0.0141 0.8741 -0.0083 -0.4854
95.7669 640.4331 -9.7406 77.3706 0.0122 0.8750 -0.0069 -0.4839
95.8705 639.5802 -9.7394 76.8209 0.0166 0.8760 -0.0088 -0.4819
95.9742 638.7527 -9.7692 76.3032 0.0142 0.8773 -0.0077 -0.4797
96.0779 637.8860 -9.8032 75.7282 0.0150 0.8782 -0.0092 -0.4779
96.1816 637.0793 -9.8310 75.1973 0.0130 0.8791 -0.0085 -0.4765
96.2853 636.2325 -9.8326 74.6015 0.0158 0.8796 -0.0089 -0.4754
96.3891 635.3940 -9.8396 74.0312 0.0174 0.8798 -0.0091 -0.4749
96.4929 634.5750 -9.8807 73.4821 0.0150 0.8804 -0.0086 -0.4740
96.5966 633.7629 -9.9256 72.9529 0.0135 0.8807 -0.0087 -0.4734
96.7004 632.9638 -9.9271 72.4216 0.0140 0.8807 -0.0084 -0.4734
96.8040 632.1494 -9.9281 71.8704 0.0154 0.8806 -0.0074 -0.4736
96.9077 631.3438 -9.9708 71.3316 0.0144 0.8807 -0.0061 -0.4733
97.0115 630.5616 -9.9917 70.8250 0.0132 0.8808 -0.0068 -0.4732
97.1151 629.7972 -10.0111 70.3038 0.0139 0.8810 -0.0077 -0.4729
97.2189 629.0377 -10.0345 69.8032 0.0147 0.8814 -0.0078 -0.4721
97.3225 628.2693 -10.0521 69.2822 0.0150 0.8818 -0.0081 -0.4713
97.4262 627.5019 -10.0866 68.7474 0.0137 0.8825 -0.0083 -0.4701
97.5300 626.7725 -10.0916 68.2590 0.0141 0.8832 -0.0080 -0.4688
97.6337 626.0473 -10.1263 67.7386 0.0138 0.8838 -0.0060 -0.4676
97.7375 625.3363 -10.1510 67.2485 0.0155 0.8846 -0.0063 -0.4660
97.8412 624.6304 -10.1628 66.7507 0.0128 0.8851 -0.0067 -0.4652
97.9451 623.9529 -10.1745 66.2610 0.0125 0.8857 -0.0074 -0.4640
98.0487 623.2767 -10.2029 65.7789 0.0117 0.8861 -0.0067 -0.4632
98.1525 622.6307 -10.2325 65.3256 0.0126 0.8864 -0.0066 -0.4627
98.2562 621.9749 -10.2437 64.8651 0.0117 0.8866 -0.0064 -0.4624
98.3600 621.3672 -10.2601 64.4116 0.0106 0.8868 -0.0063 -0.4621
98.4637 620.7781 -10.2842 63.9916 0.0118 0.8872 -0.0054 -0.4612
98.5675 620.1986 -10.3050 63.5830 0.0129 0.8875 -0.0044 -0.4605
98.6712 619.6454 -10.3195 63.1972 0.0134 0.8881 -0.0029 -0.4594
98.7749 619.1379 -10.3320 62.8077 0.0132 0.8886 -0.0022 -0.4585
98.8786 618.6330 -10.3461 62.4315 0.0130 0.8892 -0.0022 -0.4574
98.9823 618.1495 -10.3521 62.0915 0.0131 0.8895 -0.0022 -0.4567
99.0861 617.7076 -10.3653 61.7686 0.0126 0.8900 -0.0029 -0.4558
99.1897 617.2686 -10.3902 61.4551 0.0126 0.8902 -0.0036 -0.4554
99.2935 616.8791 -10.3911 61.1667 0.0133 0.8905 -0.0040 -0.4548
99.3972 616.5128 -10.4013 60.8910 0.0133 0.8906 -0.0048 -0.4545
99.5008 616.1633 -10.4129 60.6283 0.0123 0.8906 -0.0050 -0.4547
99.6046 615.8456 -10.4175 60.3661 0.0121 0.8906 -0.0044 -0.4546
99.7083 615.5457 -10.4334 60.1690 0.0128 0.8909 -0.0041 -0.4540
99.8120 615.2681 -10.4458 59.9698 0.0146 0.8912 -0.0052 -0.4534
99.9157 614.9978 -10.4527 59.7741 0.0149 0.8910 -0.0059 -0.4536
100.0193 614.7549 -10.4621 59.5910 0.0143 0.8913 -0.0061 -0.4532
100.1231 614.5631 -10.4683 59.4277 0.0142 0.8916 -0.0062 -0.4525
100.2267 614.3766 -10.4795 59.2916 0.0148 0.8917 -0.0058 -0.4524
100.3305 614.1639 -10.4774 59.1368 0.0149 0.8916 -0.0060 -0.4526
100.4341 614.0092 -10.4877 58.9990 0.0138 0.8918 -0.0072 -0.4522
100.5379 613.8262 -10.4901 58.9035 0.0143 0.8918 -0.0090 -0.4521
100.6415 613.6740 -10.5122 58.7784 0.0147 0.8918 -0.0098 -0.4521
100.7452 613.4996 -10.5232 58.6590 0.0152 0.8917 -0.0104 -0.4522
100.8489 613.3237 -10.5180 58.5236 0.0151 0.8918 -0.0099 -0.4520
100.9526 613.1812 -10.5212 58.4202 0.0151 0.8919 -0.0096 -0.4520
101.0562 613.0003 -10.5254 58.2834 0.0145 0.8917 -0.0096 -0.4522
101.1600 612.8310 -10.5254 58.1470 0.0137 0.8917 -0.0102 -0.4524
101.2636 612.6667 -10.5280 58.0343 0.0134 0.8918 -0.0102 -0.4522
101.3674 612.4917 -10.5345 57.9114 0.0140 0.8918 -0.0101 -0.4522
101.4710 612.3463 -10.5479 57.7877 0.0146 0.8918 -0.0098 -0.4520
101.5747 612.1871 -10.5536 57.6677 0.0145 0.8919 -0.0097 -0.4519
101.6784 612.0192 -10.5584 57.5651 0.0148 0.8918 -0.0097 -0.4520
101.7821 611.8711 -10.5554 57.4456 0.0148 0.8918 -0.0100 -0.4520
101.8859 611.7237 -10.5541 57.3399 0.0145 0.8919 -0.0100 -0.4519
101.9896 611.5864 -10.5588 57.2366 0.0150 0.8919 -0.0100 -0.4518
102.0932 611.4422 -10.5722 57.1208 0.0157 0.8918 -0.0097 -0.4520
102.1970 611.3166 -10.5812 57.0286 0.0162 0.8918 -0.0098 -0.4519
102.3007 611.2027 -10.5816 56.9391 0.0157 0.8918 -0.0097 -0.4520
102.4045 611.0719 -10.5824 56.8429 0.0147 0.8918 -0.0096 -0.4520
102.5083 610.9355 -10.5864 56.7410 0.0139 0.8919 -0.0099 -0.4520
102.6119 610.8334 -10.5867 56.6682 0.0146 0.8919 -0.0102 -0.4519
102.7156 610.7030 -10.5964 56.6021 0.0151 0.8917 -0.0106 -0.4522
102.8194 610.6010 -10.5969 56.5120 0.0153 0.8917 -0.0106 -0.4522
102.9230 610.4854 -10.6004 56.4347 0.0154 0.8918 -0.0096 -0.4520
103.0267 610.3869 -10.5959 56.3437 0.0138 0.8919 -0.0073 -0.4520
103.1305 610.2871 -10.5992 56.2587 0.0129 0.8918 -0.0072 -0.4523
103.2341 610.1625 -10.6198 56.1686 0.0131 0.8917 -0.0088 -0.4524
103.3379 610.0539 -10.6237 56.0941 0.0130 0.8919 -0.0091 -0.4520
103.4415 609.9802 -10.6223 56.0350 0.0132 0.8918 -0.0092 -0.4521
103.5452 609.8621 -10.6231 55.9416 0.0134 0.8919 -0.0095 -0.4520
103.6490 609.7373 -10.6211 55.8507 0.0131 0.8919 -0.0097 -0.4520
103.7526 609.6228 -10.6305 55.7621 0.0122 0.8921 -0.0102 -0.4516
103.8564 609.4925 -10.6292 55.6716 0.0121 0.8923 -0.0120 -0.4512
103.9601 609.3468 -10.6402 55.5526 0.0118 0.8924 -0.0137 -0.4508
104.0637 609.1873 -10.6447 55.4382 0.0116 0.8928 -0.0152 -0.4501
104.1674 608.9818 -10.6532 55.2791 0.0109 0.8934 -0.0158 -0.4489
104.2710 608.7925 -10.6622 55.1221 0.0104 0.8944 -0.0166 -0.4468
104.3746 608.5659 -10.6654 54.9486 0.0104 0.8956 -0.0174 -0.4444
104.4782 608.3349 -10.6780 54.7684 0.0113 0.8969 -0.0185 -0.4417
104.5820 608.0628 -10.6716 54.5487 0.0109 0.8985 -0.0203 -0.4384
104.6857 607.7789 -10.6827 54.2978 0.0103 0.9003 -0.0201 -0.4348
104.7894 607.4813 -10.7077 54.0489 0.0107 0.9024 -0.0207 -0.4303
104.8930 607.1630 -10.7223 53.8006 0.0122 0.9045 -0.0212 -0.4259
104.9967 606.8396 -10.7429 53.5168 0.0135 0.9066 -0.0208 -0.4212
105.1005 606.5080 -10.7642 53.2076 0.0147 0.9086 -0.0199 -0.4169
105.2041 606.1559 -10.7732 52.8744 0.0135 0.9110 -0.0207 -0.4116
105.3077 605.7929 -10.7940 52.5374 0.0124 0.9131 -0.0210 -0.4069
105.4115 605.3904 -10.8047 52.1588 0.0153 0.9151 -0.0195 -0.4026
105.5153 604.9815 -10.8423 51.7901 0.0167 0.9169 -0.0180 -0.3983
105.6189 604.5846 -10.8508 51.3884 0.0175 0.9187 -0.0172 -0.3942
105.7226 604.1875 -10.8547 50.9676 0.0166 0.9202 -0.0150 -0.3908
105.8265 603.7574 -10.8862 50.5268 0.0167 0.9214 -0.0129 -0.3881
105.9302 603.3072 -10.8979 50.0804 0.0140 0.9224 -0.0116 -0.3859
106.0341 602.8634 -10.9067 49.6254 0.0120 0.9228 -0.0105 -0.3850
106.1379 602.4157 -10.9137 49.1417 0.0107 0.9231 -0.0084 -0.3844
106.2417 601.9333 -10.9303 48.6695 0.0115 0.9236 -0.0086 -0.3831
106.3455 601.4409 -10.9302 48.1767 0.0111 0.9239 -0.0085 -0.3823
106.4492 600.9195 -10.9695 47.6357 0.0115 0.9241 -0.0087 -0.3819
106.5530 600.4184 -10.9873 47.0994 0.0078 0.9248 -0.0108 -0.3803
106.6568 599.8984 -10.9799 46.5357 0.0045 0.9249 -0.0128 -0.3799
106.7605 599.3491 -11.0276 45.9778 0.0030 0.9252 -0.0149 -0.3792
106.8642 598.8181 -11.0534 45.4517 0.0042 0.9255 -0.0153 -0.3783
106.9680 598.2405 -11.0860 44.8502 0.0068 0.9257 -0.0145 -0.3779
107.0718 597.6775 -11.1100 44.2412 0.0053 0.9259 -0.0128 -0.3775
107.1755 597.0860 -11.1289 43.6239 0.0053 0.9263 -0.0118 -0.3766
107.2791 596.4999 -11.1408 43.0170 0.0055 0.9268 -0.0119 -0.3753
107.3829 595.8859 -11.1754 42.3710 0.0066 0.9274 -0.0111 -0.3739
107.4865 595.2777 -11.1942 41.7162 0.0076 0.9281 -0.0109 -0.3721
107.5902 594.6457 -11.2236 41.0569 0.0073 0.9291 -0.0108 -0.3696
107.6939 594.0258 -11.2543 40.3878 0.0087 0.9301 -0.0103 -0.3670
107.7976 593.4148 -11.2787 39.7190 0.0099 0.9311 -0.0096 -0.3644
107.9012 592.7909 -11.3115 39.0187 0.0106 0.9321 -0.0098 -0.3620
108.0050 592.1917 -11.3152 38.3419 0.0101 0.9327 -0.0109 -0.3602
108.1087 591.5758 -11.3725 37.6520 0.0102 0.9332 -0.0124 -0.3590
108.2125 590.9649 -11.3945 36.9565 0.0083 0.9335 -0.0132 -0.3582
108.3162 590.3655 -11.4331 36.2954 0.0079 0.9333 -0.0141 -0.3587
108.4200 589.7420 -11.4786 35.5819 0.0069 0.9332 -0.0138 -0.3592
108.5237 589.1445 -11.4995 34.9009 0.0058 0.9329 -0.0139 -0.3599
108.6275 588.5256 -11.5372 34.2131 0.0055 0.9326 -0.0132 -0.3607
108.7312 587.9021 -11.5575 33.5464 0.0063 0.9322 -0.0134 -0.3617
108.8351 587.2918 -11.6048 32.8639 0.0070 0.9317 -0.0133 -0.3629
108.9389 586.6717 -11.6401 32.1855 0.0065 0.9313 -0.0139 -0.3640
109.0426 586.0297 -11.6818 31.4829 0.0065 0.9308 -0.0150 -0.3652
109.1464 585.3919 -11.7090 30.7975 0.0065 0.9303 -0.0151 -0.3664
109.2501 584.7711 -11.7446 30.1267 0.0064 0.9297 -0.0150 -0.3680
109.3539 584.1227 -11.7878 29.4268 0.0062 0.9293 -0.0149 -0.3690
109.4576 583.4784 -11.8340 28.7215 0.0066 0.9287 -0.0155 -0.3706
109.5612 582.8303 -11.8704 28.0642 0.0066 0.9283 -0.0161 -0.3714
109.6650 582.2038 -11.9117 27.3909 0.0062 0.9278 -0.0171 -0.3725
109.7687 581.5329 -11.9546 26.6757 0.0061 0.9275 -0.0171 -0.3733
109.8724 580.8750 -12.0057 25.9887 0.0064 0.9275 -0.0169 -0.3734
109.9761 580.2195 -12.0321 25.2756 0.0065 0.9274 -0.0164 -0.3736
110.0797 579.5399 -12.0783 24.5843 0.0062 0.9274 -0.0166 -0.3736
110.1835 578.8705 -12.1222 23.8652 0.0060 0.9275 -0.0169 -0.3734
110.2872 578.2234 -12.1679 23.1958 0.0054 0.9276 -0.0172 -0.3730
110.3909 577.5570 -12.2137 22.4718 0.0056 0.9280 -0.0170 -0.3721
110.4946 576.8960 -12.2613 21.7750 0.0057 0.9282 -0.0169 -0.3716
110.5982 576.2240 -12.2871 21.0812 0.0048 0.9286 -0.0178 -0.3707
110.7020 575.5517 -12.3509 20.3444 0.0036 0.9288 -0.0191 -0.3702
110.8056 574.8935 -12.3933 19.6502 0.0032 0.9292 -0.0194 -0.3692
110.9092 574.2453 -12.4506 18.9059 0.0043 0.9296 -0.0187 -0.3681
111.0129 573.5766 -12.4924 18.1778 0.0048 0.9301 -0.0170 -0.3668
111.1166 572.9385 -12.5260 17.4745 0.0045 0.9305 -0.0157 -0.3659
111.2202 572.2828 -12.5851 16.7693 0.0052 0.9309 -0.0162 -0.3649
111.3240 571.6331 -12.6290 16.0525 0.0044 0.9313 -0.0163 -0.3640
111.4276 571.0165 -12.6821 15.3823 0.0055 0.9316 -0.0169 -0.3629
111.5314 570.3671 -12.7279 14.6494 0.0064 0.9321 -0.0179 -0.3618
111.6350 569.7403 -12.7760 13.9645 0.0046 0.9323 -0.0183 -0.3611
111.7387 569.0943 -12.8325 13.2476 0.0042 0.9328 -0.0196 -0.3599
111.8424 568.4600 -12.8743 12.5358 0.0036 0.9332 -0.0189 -0.3588
111.9461 567.8588 -12.9112 11.8431 0.0043 0.9335 -0.0167 -0.3581
112.0497 567.2310 -12.9530 11.1418 0.0039 0.9337 -0.0147 -0.3578
112.1535 566.6400 -13.0064 10.4410 0.0035 0.9337 -0.0146 -0.3578
112.2571 566.0311 -13.0614 9.7700 0.0019 0.9336 -0.0155 -0.3581
112.3609 565.4166 -13.0930 9.0837 0.0012 0.9332 -0.0165 -0.3590
112.4646 564.8183 -13.1489 8.4107 0.0024 0.9327 -0.0179 -0.3601
112.5682 564.1949 -13.1858 7.7390 0.0042 0.9323 -0.0184 -0.3611
112.6720 563.5799 -13.2482 7.0768 0.0054 0.9319 -0.0193 -0.3622
112.7756 562.9819 -13.2823 6.4110 0.0065 0.9315 -0.0199 -0.3632
112.8794 562.3937 -13.3260 5.7842 0.0071 0.9311 -0.0200 -0.3640
112.9830 561.7974 -13.3785 5.1279 0.0068 0.9306 -0.0206 -0.3653
113.0867 561.2406 -13.4250 4.5235 0.0055 0.9301 -0.0223 -0.3665
113.1905 560.6915 -13.4990 3.8929 0.0024 0.9297 -0.0254 -0.3674
113.2941 560.1373 -13.5653 3.2729 -0.0004 0.9293 -0.0277 -0.3683
113.3978 559.5993 -13.6137 2.6823 -0.0009 0.9290 -0.0286 -0.3691
113.5015 559.0513 -13.6858 2.1125 -0.0007 0.9287 -0.0274 -0.3697
113.6052 558.5545 -13.7140 1.6017 0.0030 0.9286 -0.0269 -0.3702
113.7090 558.0779 -13.7898 1.0843 0.0031 0.9284 -0.0269 -0.3706
113.8126 557.5987 -13.8080 0.5738 0.0052 0.9283 -0.0289 -0.3706
113.9164 557.1403 -13.9067 0.1064 0.0035 0.9282 -0.0307 -0.3708
114.0201 556.7292 -13.9448 -0.3391 0.0026 0.9282 -0.0320 -0.3706
114.1239 556.2890 -13.9874 -0.8119 0.0036 0.9282 -0.0324 -0.3706
114.2276 555.8954 -14.0265 -1.2270 0.0033 0.9283 -0.0317 -0.3704
114.3314 555.4995 -14.0761 -1.6506 0.0027 0.9284 -0.0310 -0.3703
114.4350 555.1466 -14.1111 -2.0205 0.0035 0.9283 -0.0323 -0.3703
114.5387 554.8003 -14.1711 -2.4036 0.0006 0.9282 -0.0332 -0.3706
114.6425 554.4567 -14.2118 -2.8027 -0.0017 0.9282 -0.0333 -0.3706
114.7463 554.1238 -14.2484 -3.1637 -0.0014 0.9282 -0.0334 -0.3706
114.8500 553.7697 -14.2858 -3.5250 -0.0010 0.9282 -0.0326 -0.3707
114.9538 553.4455 -14.3314 -3.8708 -0.0001 0.9281 -0.0317 -0.3709
115.0574 553.1363 -14.3728 -4.2114 -0.0015 0.9281 -0.0307 -0.3712
115.1611 552.8247 -14.4071 -4.5355 -0.0027 0.9279 -0.0301 -0.3716
115.2649 552.5402 -14.4478 -4.8579 -0.0028 0.9278 -0.0302 -0.3718
115.3686 552.2131 -14.4834 -5.1832 -0.0006 0.9277 -0.0311 -0.3721
115.4724 551.9185 -14.5077 -5.4902 -0.0003 0.9277 -0.0314 -0.3721
115.5761 551.6262 -14.5468 -5.7803 0.0000 0.9276 -0.0318 -0.3722
115.6797 551.3496 -14.5760 -6.0779 0.0003 0.9276 -0.0319 -0.3723
115.7835 551.0876 -14.6079 -6.3517 0.0003 0.9276 -0.0322 -0.3722
115.8871 550.8234 -14.6389 -6.6242 0.0007 0.9276 -0.0326 -0.3721
115.9909 550.5659 -14.6688 -6.8868 0.0006 0.9277 -0.0330 -0.3717
116.0946 550.3229 -14.7002 -7.1508 0.0003 0.9278 -0.0340 -0.3715
116.1983 550.0942 -14.7320 -7.3955 -0.0002 0.9279 -0.0354 -0.3712
116.3020 549.8750 -14.7686 -7.6190 0.0014 0.9281 -0.0379 -0.3703
116.4056 549.6585 -14.8044 -7.8480 0.0033 0.9283 -0.0395 -0.3696
116.5094 549.4296 -14.8267 -8.0815 0.0035 0.9289 -0.0399 -0.3683
116.6133 549.2351 -14.8492 -8.3114 0.0034 0.9294 -0.0406 -0.3668
116.7167 549.0531 -14.8709 -8.5097 0.0010 0.9300 -0.0402 -0.3653
116.8205 548.8865 -14.8970 -8.6992 0.0006 0.9305 -0.0404 -0.3641
116.9242 548.7352 -14.9242 -8.8790 0.0000 0.9309 -0.0403 -0.3629
117.0280 548.5716 -14.9502 -9.0658 0.0000 0.9314 -0.0402 -0.3618
117.1316 548.4283 -14.9635 -9.2380 -0.0002 0.9319 -0.0404 -0.3605
117.2354 548.2948 -14.9888 -9.3685 -0.0000 0.9323 -0.0405 -0.3594
117.3391 548.1605 -15.0069 -9.5101 0.0001 0.9325 -0.0407 -0.3589
117.4429 548.0389 -15.0308 -9.6560 -0.0004 0.9325 -0.0417 -0.3587
117.5467 547.9201 -15.0467 -9.7921 -0.0009 0.9324 -0.0425 -0.3588
117.6504 547.8160 -15.0640 -9.9071 -0.0016 0.9323 -0.0433 -0.3591
117.7540 547.7214 -15.0751 -10.0089 -0.0015 0.9322 -0.0436 -0.3594
117.8577 547.6291 -15.0869 -10.1136 -0.0017 0.9321 -0.0440 -0.3595
117.9615 547.5456 -15.1073 -10.2272 -0.0018 0.9321 -0.0445 -0.3594
118.0651 547.4700 -15.1113 -10.3003 -0.0021 0.9323 -0.0449 -0.3589
118.1689 547.3788 -15.1308 -10.3939 -0.0020 0.9323 -0.0449 -0.3589
118.2725 547.3068 -15.1439 -10.4852 -0.0021 0.9324 -0.0451 -0.3587
118.3763 547.2371 -15.1550 -10.5754 -0.0027 0.9324 -0.0456 -0.3586
118.4799 547.1892 -15.1650 -10.6327 -0.0031 0.9325 -0.0458 -0.3582
118.5836 547.1260 -15.1764 -10.7046 -0.0033 0.9326 -0.0459 -0.3579
118.6872 547.0694 -15.1904 -10.7708 -0.0033 0.9327 -0.0460 -0.3578
118.7910 547.0075 -15.1969 -10.8067 -0.0032 0.9328 -0.0462 -0.3574
118.8948 546.9604 -15.2054 -10.8900 -0.0032 0.9328 -0.0463 -0.3574
118.9985 546.9120 -15.2185 -10.9441 -0.0034 0.9328 -0.0465 -0.3572
119.1021 546.8709 -15.2168 -10.9908 -0.0038 0.9329 -0.0467 -0.3572
119.2059 546.8281 -15.2210 -11.0312 -0.0037 0.9329 -0.0468 -0.3569
119.3096 546.7953 -15.2247 -11.0697 -0.0038 0.9330 -0.0470 -0.3567
119.4132 546.7538 -15.2356 -11.1116 -0.0039 0.9330 -0.0472 -0.3567
119.5170 546.7311 -15.2380 -11.1397 -0.0040 0.9331 -0.0473 -0.3566
119.6207 546.7046 -15.2415 -11.1651 -0.0041 0.9331 -0.0475 -0.3564
119.7244 546.6732 -15.2424 -11.1926 -0.0042 0.9332 -0.0477 -0.3562
119.8281 546.6472 -15.2493 -11.2334 -0.0043 0.9332 -0.0479 -0.3561
119.9319 546.6213 -15.2492 -11.2591 -0.0043 0.9333 -0.0479 -0.3559
120.0355 546.6005 -15.2525 -11.2902 -0.0043 0.9332 -0.0479 -0.3561
120.1392 546.5956 -15.2517 -11.2940 -0.0044 0.9333 -0.0480 -0.3559
120.2429 546.5880 -15.2595 -11.3113 -0.0044 0.9333 -0.0480 -0.3559
120.3466 546.5735 -15.2588 -11.3089 -0.0044 0.9333 -0.0479 -0.3558
120.4502 546.5694 -15.2612 -11.3177 -0.0046 0.9333 -0.0481 -0.3557
120.5540 546.5504 -15.2644 -11.3338 -0.0048 0.9333 -0.0486 -0.3558
120.6576 546.5503 -15.2706 -11.3472 -0.0050 0.9333 -0.0489 -0.3557
120.7614 546.5339 -15.2682 -11.3608 -0.0052 0.9333 -0.0490 -0.3556
120.8650 546.5343 -15.2687 -11.3662 -0.0052 0.9333 -0.0492 -0.3556
120.9686 546.5207 -15.2721 -11.3722 -0.0052 0.9333 -0.0492 -0.3556
121.0724 546.5018 -15.2762 -11.3978 -0.0052 0.9333 -0.0492 -0.3555
121.1760 546.4835 -15.2793 -11.4262 -0.0052 0.9333 -0.0491 -0.3556
121.2797 546.4591 -15.2848 -11.4570 -0.0051 0.9333 -0.0490 -0.3557
121.3834 546.4208 -15.2919 -11.4996 -0.0052 0.9333 -0.0492 -0.3558
121.4871 546.4148 -15.2947 -11.5242 -0.0052 0.9333 -0.0492 -0.3557
121.5909 546.3846 -15.3025 -11.5573 -0.0051 0.9333 -0.0490 -0.3558
121.6945 546.3367 -15.3006 -11.5773 -0.0050 0.9333 -0.0488 -0.3558
121.7982 546.3150 -15.3084 -11.6184 -0.0050 0.9333 -0.0488 -0.3558
121.9020 546.2901 -15.3187 -11.6545 -0.0050 0.9334 -0.0487 -0.3555
122.0056 546.2312 -15.3279 -11.7073 -0.0051 0.9334 -0.0487 -0.3556
122.1094 546.2074 -15.3318 -11.7488 -0.0052 0.9334 -0.0488 -0.3554
122.2131 546.1785 -15.3376 -11.7823 -0.0051 0.9335 -0.0488 -0.3551
122.3168 546.1067 -15.3433 -11.8443 -0.0052 0.9335 -0.0488 -0.3553
122.4205 546.0373 -15.3545 -11.9246 -0.0051 0.9334 -0.0488 -0.3555
122.5243 545.9712 -15.3627 -11.9795 -0.0052 0.9334 -0.0490 -0.3555
122.6280 545.9142 -15.3669 -12.0485 -0.0054 0.9334 -0.0491 -0.3554
122.7316 545.8529 -15.3821 -12.1263 -0.0052 0.9334 -0.0490 -0.3555
122.8352 545.8017 -15.3987 -12.1992 -0.0051 0.9334 -0.0490 -0.3553
122.9390 545.7431 -15.4009 -12.2510 -0.0049 0.9336 -0.0485 -0.3551
123.0426 545.6694 -15.4158 -12.3341 -0.0052 0.9336 -0.0487 -0.3550
123.1462 545.5963 -15.4259 -12.4216 -0.0054 0.9335 -0.0488 -0.3551
123.2500 545.5276 -15.4393 -12.5101 -0.0054 0.9335 -0.0490 -0.3553
123.3536 545.4406 -15.4526 -12.6016 -0.0052 0.9334 -0.0491 -0.3553
123.4574 545.3755 -15.4607 -12.6898 -0.0043 0.9334 -0.0492 -0.3553
123.5610 545.3016 -15.4787 -12.7623 -0.0027 0.9335 -0.0498 -0.3550
123.6648 545.2108 -15.4918 -12.8235 -0.0018 0.9334 -0.0496 -0.3553
123.7685 545.1432 -15.5121 -12.9356 -0.0012 0.9335 -0.0493 -0.3553
123.8721 545.0614 -15.5284 -13.0274 -0.0013 0.9335 -0.0493 -0.3553
123.9759 545.0003 -15.5345 -13.1017 -0.0015 0.9335 -0.0492 -0.3553
124.0796 544.9316 -15.5428 -13.1641 -0.0015 0.9334 -0.0491 -0.3554
124.1832 544.8782 -15.5543 -13.2314 -0.0014 0.9336 -0.0489 -0.3549
124.2870 544.8226 -15.5598 -13.3071 -0.0014 0.9336 -0.0487 -0.3549
124.3906 544.7761 -15.5656 -13.3759 -0.0012 0.9338 -0.0482 -0.3546
124.4944 544.7468 -15.5757 -13.4146 -0.0013 0.9339 -0.0480 -0.3543
