0.0000 -0.0000 0.0000 0.0000 0.0000 -0.0000 -0.0000 1.0000
0.1039 -0.0877 -0.0085 0.0111 0.0001 0.0075 -0.0002 1.0000
0.2077 0.0827 0.0147 0.3035 0.0003 0.0187 -0.0023 0.9998
0.3119 0.0354 0.0085 0.4197 -0.0004 0.0319 -0.0027 0.9995
0.4159 0.1035 0.0041 0.5832 -0.0016 0.0484 -0.0026 0.9988
0.5200 0.1893 0.0127 0.8079 -0.0026 0.0677 -0.0011 0.9977
0.6241 0.2467 -0.0045 0.9659 -0.0029 0.0874 0.0005 0.9962
0.7282 0.3337 -0.0008 1.1902 -0.0032 0.1094 0.0005 0.9940
0.8325 0.4274 0.0124 1.3849 -0.0049 0.1338 0.0001 0.9910
0.9366 0.5780 0.0252 1.6614 -0.0081 0.1582 0.0015 0.9874
1.0408 0.6827 0.0060 1.8519 -0.0115 0.1831 0.0056 0.9830
1.1449 0.8414 -0.0000 2.0952 -0.0135 0.2101 0.0078 0.9776
1.2490 1.0451 -0.0007 2.3162 -0.0154 0.2379 0.0079 0.9711
1.3531 1.2090 0.0293 2.5397 -0.0175 0.2660 0.0081 0.9638
1.4571 1.4480 0.0277 2.7892 -0.0193 0.2949 0.0098 0.9553
1.5611 1.6743 0.0314 2.9795 -0.0202 0.3236 0.0120 0.9459
1.6651 1.9370 0.0410 3.2065 -0.0211 0.3514 0.0136 0.9359
1.7690 2.2402 0.0519 3.4294 -0.0209 0.3790 0.0150 0.9250
1.8729 2.5343 0.0603 3.6186 -0.0213 0.4052 0.0154 0.9138
1.9768 2.8837 0.0886 3.8673 -0.0227 0.4308 0.0146 0.9020
2.0805 3.2221 0.1048 4.0624 -0.0235 0.4542 0.0142 0.8905
2.1841 3.5789 0.1237 4.2620 -0.0241 0.4760 0.0141 0.8790
2.2879 4.0301 0.1379 4.4792 -0.0250 0.4961 0.0147 0.8678
2.3915 4.4379 0.1622 4.6520 -0.0254 0.5144 0.0140 0.8570
2.4951 4.8973 0.1878 4.8457 -0.0248 0.5315 0.0137 0.8466
2.5988 5.3921 0.2047 5.0326 -0.0229 0.5473 0.0138 0.8365
2.7023 5.8979 0.2256 5.1977 -0.0208 0.5607 0.0141 0.8276
2.8059 6.4541 0.2478 5.3795 -0.0191 0.5718 0.0139 0.8201
2.9094 7.0294 0.2717 5.5741 -0.0181 0.5808 0.0142 0.8137
3.0129 7.6144 0.2987 5.7430 -0.0177 0.5874 0.0147 0.8090
3.1165 8.2461 0.3207 5.9269 -0.0178 0.5921 0.0157 0.8055
3.2201 8.8688 0.3476 6.1184 -0.0189 0.5967 0.0159 0.8021
3.3237 9.5373 0.3773 6.3095 -0.0201 0.6010 0.0160 0.7988
3.4274 10.2138 0.4077 6.4951 -0.0209 0.6052 0.0164 0.7956
3.5310 10.9125 0.4353 6.6861 -0.0221 0.6094 0.0168 0.7924
3.6348 11.6774 0.4660 6.8932 -0.0226 0.6137 0.0172 0.7890
3.7384 12.4269 0.4939 7.0518 -0.0233 0.6181 0.0176 0.7855
3.8421 13.1872 0.5299 7.2215 -0.0247 0.6222 0.0182 0.7823
3.9458 13.9826 0.5806 7.4067 -0.0268 0.6266 0.0188 0.7786
4.0495 14.7728 0.6146 7.5636 -0.0280 0.6317 0.0200 0.7744
4.1532 15.5576 0.6538 7.7032 -0.0293 0.6367 0.0206 0.7703
4.2570 16.3548 0.6862 7.8726 -0.0295 0.6419 0.0207 0.7659
4.3608 17.1294 0.7226 7.9710 -0.0296 0.6476 0.0201 0.7611
4.4645 17.9452 0.7663 8.1001 -0.0292 0.6539 0.0197 0.7558
4.5684 18.7652 0.8024 8.1976 -0.0293 0.6622 0.0185 0.7486
4.6723 19.5833 0.8471 8.2920 -0.0301 0.6712 0.0167 0.7404
4.7761 20.4214 0.8831 8.3472 -0.0307 0.6821 0.0156 0.7304
4.8801 21.2772 0.9289 8.3510 -0.0312 0.6945 0.0147 0.7187
4.9841 22.1121 0.9580 8.3278 -0.0310 0.7068 0.0140 0.7066
5.0881 22.9453 0.9881 8.2978 -0.0305 0.7188 0.0137 0.6944
5.1920 23.7717 1.0211 8.2665 -0.0302 0.7297 0.0123 0.6829
5.2959 24.6120 1.0571 8.1860 -0.0292 0.7409 0.0107 0.6709
5.3998 25.4704 1.0791 8.0600 -0.0265 0.7518 0.0101 0.6587
5.5036 26.2918 1.0983 7.8893 -0.0231 0.7622 0.0097 0.6468
5.6074 27.1195 1.1143 7.6967 -0.0189 0.7724 0.0099 0.6348
5.7113 27.9580 1.1270 7.5274 -0.0148 0.7819 0.0101 0.6231
5.8150 28.7364 1.1508 7.2926 -0.0099 0.7904 0.0114 0.6124
5.9188 29.5967 1.1438 7.0337 -0.0046 0.7990 0.0100 0.6013
6.0224 30.3453 1.1402 6.7336 0.0014 0.8063 0.0057 0.5914
6.1261 31.1470 1.1097 6.4784 0.0069 0.8144 -0.0012 0.5803
6.2298 31.9246 1.0793 6.2003 0.0109 0.8222 -0.0083 0.5691
6.3335 32.6899 1.0419 5.8862 0.0151 0.8295 -0.0113 0.5582
6.4371 33.4528 0.9952 5.5240 0.0176 0.8364 -0.0121 0.5476
6.5409 34.1865 0.9414 5.1405 0.0179 0.8431 -0.0111 0.5374
6.6445 34.9219 0.9113 4.7766 0.0181 0.8491 -0.0076 0.5278
6.7483 35.6547 0.8792 4.3728 0.0197 0.8545 -0.0037 0.5190
6.8519 36.3689 0.8340 4.0050 0.0210 0.8587 -0.0022 0.5120
6.9555 37.0718 0.7800 3.5846 0.0226 0.8619 -0.0027 0.5066
7.0590 37.7308 0.7306 3.1916 0.0235 0.8648 -0.0033 0.5016
7.1628 38.4373 0.6760 2.7857 0.0216 0.8677 -0.0060 0.4966
7.2664 39.1422 0.6595 2.3714 0.0208 0.8710 -0.0063 0.4908
7.3701 39.7953 0.6168 1.9594 0.0217 0.8736 -0.0058 0.4861
7.4738 40.4935 0.5704 1.5252 0.0237 0.8756 -0.0056 0.4825
7.5774 41.2024 0.5331 1.0768 0.0248 0.8766 -0.0069 0.4804
7.6810 41.9061 0.4888 0.6216 0.0250 0.8765 -0.0079 0.4807
7.7847 42.6111 0.4438 0.1678 0.0258 0.8756 -0.0071 0.4823
7.8883 43.3704 0.4015 -0.2880 0.0251 0.8740 -0.0073 0.4853
7.9919 44.1292 0.3574 -0.7197 0.0243 0.8721 -0.0077 0.4887
8.0956 44.9205 0.3138 -1.1910 0.0236 0.8701 -0.0082 0.4922
8.1994 45.7056 0.2596 -1.6807 0.0222 0.8681 -0.0090 0.4959
8.3031 46.5319 0.2090 -2.1105 0.0204 0.8667 -0.0099 0.4983
8.4070 47.3706 0.1680 -2.6065 0.0182 0.8664 -0.0110 0.4989
8.5108 48.2038 0.1274 -3.0652 0.0169 0.8664 -0.0110 0.4989
8.6146 49.0421 0.0770 -3.5486 0.0159 0.8668 -0.0111 0.4983
8.7184 49.9316 0.0315 -4.0513 0.0160 0.8670 -0.0108 0.4980
8.8221 50.8245 -0.0295 -4.5631 0.0156 0.8669 -0.0107 0.4981
8.9259 51.6968 -0.0658 -5.0723 0.0155 0.8669 -0.0100 0.4981
9.0296 52.5862 -0.1279 -5.5789 0.0152 0.8671 -0.0101 0.4979
9.1335 53.4778 -0.1722 -6.1306 0.0143 0.8670 -0.0102 0.4981
9.2373 54.3721 -0.2233 -6.6087 0.0141 0.8671 -0.0101 0.4978
9.3410 55.2677 -0.2786 -7.1509 0.0133 0.8668 -0.0102 0.4983
9.4448 56.1757 -0.3392 -7.6523 0.0128 0.8664 -0.0099 0.4990
9.5485 57.0812 -0.3826 -8.1585 0.0126 0.8660 -0.0084 0.4998
9.6522 57.9556 -0.4391 -8.6618 0.0122 0.8652 -0.0076 0.5012
9.7559 58.8453 -0.4881 -9.1754 0.0120 0.8645 -0.0073 0.5024
9.8596 59.7563 -0.5403 -9.6991 0.0124 0.8639 -0.0073 0.5035
9.9635 60.6166 -0.5835 -10.1611 0.0124 0.8635 -0.0074 0.5041
10.0673 61.5145 -0.6400 -10.6557 0.0127 0.8639 -0.0084 0.5034
10.1711 62.3896 -0.6902 -11.1473 0.0127 0.8646 -0.0099 0.5022
10.2750 63.2524 -0.7375 -11.6495 0.0125 0.8658 -0.0108 0.5002
10.3789 64.1294 -0.7778 -12.1597 0.0122 0.8675 -0.0102 0.4971
10.4828 65.0219 -0.8524 -12.6635 0.0122 0.8690 -0.0077 0.4946
10.5865 65.8727 -0.8929 -13.1795 0.0107 0.8707 -0.0080 0.4916
10.6904 66.7158 -0.9477 -13.6725 0.0118 0.8721 -0.0087 0.4892
10.7941 67.5485 -0.9836 -14.2058 0.0127 0.8735 -0.0096 0.4866
10.8980 68.3796 -1.0364 -14.7170 0.0124 0.8750 -0.0104 0.4839
11.0017 69.1762 -1.0936 -15.2211 0.0120 0.8760 -0.0114 0.4820
11.1054 70.0220 -1.1490 -15.7634 0.0117 0.8769 -0.0109 0.4804
11.2091 70.8342 -1.1938 -16.2930 0.0104 0.8777 -0.0068 0.4790
11.3129 71.6623 -1.2284 -16.8052 0.0084 0.8784 -0.0024 0.4779
11.4166 72.4968 -1.2571 -17.3416 0.0078 0.8789 -0.0007 0.4770
11.5204 73.3101 -1.3030 -17.8574 0.0089 0.8790 -0.0034 0.4767
11.6240 74.0836 -1.3396 -18.3775 0.0105 0.8794 -0.0057 0.4758
11.7278 74.8849 -1.3779 -18.9023 0.0137 0.8795 -0.0051 0.4757
11.8315 75.6723 -1.4178 -19.4173 0.0150 0.8795 -0.0038 0.4756
11.9353 76.4633 -1.4551 -19.9425 0.0141 0.8794 -0.0024 0.4758
12.0389 77.2917 -1.4868 -20.4781 0.0123 0.8791 -0.0010 0.4764
12.1426 78.0639 -1.5150 -20.9732 0.0102 0.8789 0.0013 0.4770
12.2464 78.9421 -1.5540 -21.4990 0.0055 0.8788 0.0000 0.4771
12.3501 79.7029 -1.5757 -21.9744 0.0017 0.8785 -0.0015 0.4777
12.4539 80.4872 -1.5913 -22.4855 0.0029 0.8781 -0.0003 0.4786
12.5576 81.2850 -1.6278 -22.9984 0.0052 0.8769 0.0009 0.4806
12.6614 82.0773 -1.6573 -23.4838 0.0060 0.8757 -0.0003 0.4829
12.7651 82.8419 -1.6612 -23.9480 0.0088 0.8733 0.0016 0.4871
12.8688 83.6495 -1.7007 -24.4820 0.0118 0.8711 0.0041 0.4910
12.9724 84.4282 -1.7340 -24.9200 0.0111 0.8682 0.0033 0.4961
13.0762 85.3039 -1.7579 -25.3721 0.0092 0.8650 0.0027 0.5016
13.1799 86.1124 -1.7763 -25.8424 0.0088 0.8617 0.0048 0.5074
13.2837 86.9167 -1.8038 -26.2615 0.0084 0.8585 0.0052 0.5127
13.3874 87.7460 -1.8308 -26.7163 0.0079 0.8551 0.0053 0.5184
13.4911 88.5866 -1.8315 -27.0901 0.0093 0.8511 0.0059 0.5248
13.5949 89.4174 -1.8741 -27.4745 0.0100 0.8475 0.0045 0.5307
13.6988 90.2423 -1.8828 -27.8602 0.0137 0.8443 0.0010 0.5358
13.8025 91.0719 -1.9370 -28.2312 0.0153 0.8405 -0.0013 0.5415
13.9063 91.9086 -1.9468 -28.6158 0.0133 0.8370 -0.0009 0.5471
14.0100 92.7619 -1.9943 -28.9407 0.0119 0.8334 0.0010 0.5525
14.1138 93.6026 -2.0197 -29.2853 0.0116 0.8305 -0.0003 0.5568
14.2176 94.4792 -2.0535 -29.6016 0.0116 0.8283 -0.0045 0.5602
14.3215 95.3182 -2.0883 -29.9367 0.0119 0.8268 -0.0095 0.5623
14.4254 96.1606 -2.1293 -30.2590 0.0116 0.8257 -0.0116 0.5638
14.5293 96.9801 -2.1672 -30.5819 0.0112 0.8246 -0.0119 0.5655
14.6331 97.8612 -2.2159 -30.8619 0.0114 0.8230 -0.0118 0.5679
14.7369 98.6872 -2.2634 -31.1936 0.0092 0.8217 -0.0115 0.5697
14.8408 99.5549 -2.3084 -31.5264 0.0081 0.8198 -0.0094 0.5725
14.9445 100.4100 -2.3536 -31.8134 0.0071 0.8181 -0.0087 0.5750
15.0483 101.2307 -2.3919 -32.0898 0.0053 0.8164 -0.0103 0.5774
15.1520 102.0715 -2.3900 -32.3475 0.0045 0.8148 -0.0124 0.5796
15.2558 102.9095 -2.4524 -32.6111 0.0045 0.8126 -0.0144 0.5826
15.3595 103.7668 -2.5218 -32.8743 0.0048 0.8105 -0.0163 0.5855
15.4633 104.6418 -2.5584 -33.1621 0.0046 0.8083 -0.0157 0.5886
15.5671 105.4878 -2.5849 -33.4229 0.0034 0.8063 -0.0133 0.5914
15.6709 106.3346 -2.6190 -33.6760 0.0027 0.8041 -0.0122 0.5943
15.7746 107.1676 -2.6738 -33.9071 0.0029 0.8022 -0.0140 0.5969
15.8784 108.0838 -2.7235 -34.1715 0.0031 0.7999 -0.0159 0.5999
15.9822 108.9204 -2.7496 -34.4020 0.0031 0.7980 -0.0163 0.6024
16.0861 109.7789 -2.8031 -34.6591 0.0020 0.7957 -0.0166 0.6055
16.1898 110.6705 -2.8382 -34.8777 0.0037 0.7930 -0.0149 0.6091
16.2935 111.5372 -2.8897 -35.0898 0.0061 0.7906 -0.0128 0.6122
16.3973 112.3991 -2.9178 -35.3194 0.0069 0.7886 -0.0123 0.6147
16.5010 113.3006 -2.9669 -35.5077 0.0043 0.7864 -0.0147 0.6175
16.6048 114.1376 -3.0098 -35.6918 0.0023 0.7846 -0.0154 0.6198
16.7086 115.0198 -3.0519 -35.8999 0.0035 0.7831 -0.0142 0.6217
16.8124 115.9096 -3.0815 -36.0857 0.0044 0.7818 -0.0135 0.6233
16.9162 116.7540 -3.1396 -36.2830 0.0048 0.7803 -0.0138 0.6253
17.0200 117.5916 -3.1687 -36.4674 0.0053 0.7785 -0.0121 0.6275
17.1238 118.4779 -3.2091 -36.6479 0.0080 0.7769 -0.0082 0.6296
17.2275 119.3444 -3.2525 -36.8254 0.0090 0.7754 -0.0066 0.6314
17.3314 120.2150 -3.2858 -37.0013 0.0084 0.7740 -0.0079 0.6330
17.4351 121.0795 -3.3214 -37.1618 0.0080 0.7728 -0.0098 0.6346
17.5390 121.9682 -3.3646 -37.3246 0.0085 0.7720 -0.0094 0.6355
17.6429 122.8588 -3.4055 -37.4706 0.0067 0.7717 -0.0105 0.6358
17.7466 123.6815 -3.4448 -37.6475 0.0050 0.7716 -0.0085 0.6360
17.8505 124.5694 -3.4809 -37.7922 0.0037 0.7712 -0.0060 0.6366
17.9543 125.4423 -3.5095 -37.9766 0.0043 0.7707 -0.0039 0.6371
18.0581 126.3250 -3.5418 -38.1251 0.0050 0.7706 -0.0068 0.6372
18.1619 127.1224 -3.5721 -38.2768 0.0051 0.7704 -0.0091 0.6374
18.2658 127.9318 -3.6113 -38.4190 0.0051 0.7705 -0.0087 0.6373
18.3696 128.8148 -3.6432 -38.5741 0.0048 0.7705 -0.0089 0.6374
18.4734 129.6797 -3.6790 -38.7653 0.0062 0.7703 -0.0073 0.6377
18.5772 130.5290 -3.7190 -38.9162 0.0056 0.7698 -0.0093 0.6381
18.6810 131.3874 -3.7440 -39.0638 0.0031 0.7696 -0.0136 0.6383
18.7849 132.2281 -3.7857 -39.1975 0.0021 0.7697 -0.0158 0.6382
18.8885 133.0318 -3.8318 -39.3260 0.0020 0.7696 -0.0180 0.6383
18.9924 133.8722 -3.8866 -39.4786 0.0044 0.7692 -0.0164 0.6387
19.0960 134.6999 -3.9258 -39.6227 0.0050 0.7689 -0.0169 0.6391
19.1999 135.5075 -3.9603 -39.7856 0.0072 0.7683 -0.0140 0.6399
19.3035 136.3230 -3.9996 -39.9327 0.0074 0.7673 -0.0107 0.6411
19.4074 137.1330 -4.0308 -40.1029 0.0065 0.7667 -0.0075 0.6419
19.5112 137.9589 -4.0644 -40.2422 0.0076 0.7653 -0.0059 0.6437
19.6148 138.7506 -4.1147 -40.3547 0.0082 0.7637 -0.0089 0.6454
19.7184 139.5475 -4.1495 -40.4882 0.0107 0.7618 -0.0090 0.6476
19.8221 140.3246 -4.1991 -40.5989 0.0098 0.7592 -0.0107 0.6507
19.9257 141.1418 -4.2170 -40.7284 0.0100 0.7560 -0.0073 0.6545
20.0294 141.9649 -4.2481 -40.8276 0.0129 0.7522 -0.0029 0.6588
20.1329 142.7761 -4.2918 -40.9119 0.0161 0.7476 -0.0016 0.6640
20.2366 143.5380 -4.3162 -40.9888 0.0149 0.7431 -0.0033 0.6690
20.3404 144.3004 -4.3658 -41.0631 0.0149 0.7384 -0.0033 0.6742
20.4440 145.0879 -4.4099 -41.1028 0.0150 0.7336 -0.0042 0.6794
20.5478 145.8767 -4.4535 -41.1617 0.0181 0.7286 -0.0055 0.6846
20.6515 146.6319 -4.4789 -41.1722 0.0183 0.7244 -0.0116 0.6891
20.7553 147.3827 -4.5130 -41.1572 0.0201 0.7198 -0.0164 0.6937
20.8591 148.1362 -4.5823 -41.1650 0.0197 0.7149 -0.0173 0.6987
20.9629 148.9492 -4.6332 -41.1654 0.0178 0.7108 -0.0166 0.7029
21.0668 149.7379 -4.6715 -41.1843 0.0174 0.7068 -0.0149 0.7071
21.1706 150.4288 -4.7372 -41.1521 0.0180 0.7037 -0.0190 0.7100
21.2745 151.1752 -4.7936 -41.1024 0.0189 0.7012 -0.0238 0.7124
21.3785 151.9737 -4.8441 -41.1087 0.0187 0.6997 -0.0267 0.7137
21.4825 152.6822 -4.8851 -41.0726 0.0179 0.6998 -0.0242 0.7137
21.5864 153.4402 -4.9755 -41.0518 0.0147 0.7005 -0.0231 0.7131
21.6904 154.1785 -5.0173 -41.0285 0.0153 0.7020 -0.0213 0.7117
21.7943 154.9403 -5.0719 -41.0125 0.0157 0.7028 -0.0208 0.7109
21.8983 155.6883 -5.1234 -41.0232 0.0160 0.7039 -0.0205 0.7099
22.0022 156.4425 -5.1881 -41.0151 0.0154 0.7056 -0.0203 0.7082
22.1061 157.2032 -5.2292 -41.0166 0.0152 0.7074 -0.0206 0.7064
22.2101 157.9516 -5.2619 -41.0004 0.0149 0.7096 -0.0198 0.7042
22.3139 158.7025 -5.3191 -41.0137 0.0142 0.7118 -0.0187 0.7020
22.4178 159.4286 -5.3637 -41.0232 0.0135 0.7137 -0.0194 0.7001
22.5215 160.1590 -5.4091 -41.0566 0.0141 0.7155 -0.0194 0.6982
22.6254 160.8572 -5.4615 -41.0646 0.0149 0.7168 -0.0205 0.6968
22.7292 161.6097 -5.5294 -41.0779 0.0154 0.7179 -0.0215 0.6957
22.8329 162.2789 -5.5664 -41.0980 0.0175 0.7182 -0.0201 0.6953
22.9365 162.9885 -5.6092 -41.1374 0.0184 0.7183 -0.0178 0.6953
23.0401 163.6952 -5.6590 -41.1431 0.0182 0.7171 -0.0159 0.6966
23.1438 164.3975 -5.7209 -41.1704 0.0174 0.7145 -0.0162 0.6992
23.2474 165.1157 -5.7501 -41.1548 0.0200 0.7105 -0.0142 0.7033
23.3510 165.8119 -5.8222 -41.1426 0.0193 0.7053 -0.0154 0.7085
23.4547 166.4958 -5.8490 -41.1245 0.0191 0.6999 -0.0142 0.7138
23.5583 167.1700 -5.8960 -41.0713 0.0166 0.6944 -0.0134 0.7192
23.6620 167.8548 -5.9292 -41.0226 0.0144 0.6885 -0.0108 0.7250
23.7657 168.5874 -5.9640 -40.9600 0.0113 0.6821 -0.0092 0.7311
23.8694 169.2212 -5.9854 -40.9201 0.0087 0.6755 -0.0063 0.7373
23.9730 169.9456 -6.0185 -40.8000 0.0064 0.6696 -0.0044 0.7427
24.0768 170.5532 -6.0537 -40.7245 0.0057 0.6625 -0.0025 0.7491
24.1805 171.2311 -6.1024 -40.6039 0.0039 0.6557 -0.0044 0.7550
24.2842 171.8747 -6.1232 -40.4853 0.0038 0.6490 -0.0036 0.7608
24.3879 172.4922 -6.1204 -40.3574 0.0019 0.6427 -0.0049 0.7661
24.4916 173.1170 -6.1511 -40.2402 -0.0012 0.6373 -0.0051 0.7706
24.5954 173.7436 -6.1745 -40.1033 -0.0009 0.6324 -0.0022 0.7747
24.6993 174.3850 -6.1895 -39.9593 -0.0003 0.6281 -0.0007 0.7782
24.8031 174.9804 -6.2075 -39.7960 -0.0013 0.6240 -0.0038 0.7814
24.9068 175.5945 -6.2379 -39.6695 0.0001 0.6204 -0.0070 0.7842
25.0105 176.1643 -6.2552 -39.4903 0.0027 0.6166 -0.0114 0.7872
25.1143 176.7406 -6.2631 -39.3467 0.0080 0.6133 -0.0116 0.7897
25.2180 177.3579 -6.2911 -39.1721 0.0074 0.6105 -0.0117 0.7919
25.3218 177.9581 -6.3101 -38.9764 0.0032 0.6083 -0.0103 0.7936
25.4255 178.5694 -6.3517 -38.8172 -0.0029 0.6065 -0.0079 0.7951
25.5294 179.1826 -6.3605 -38.6318 -0.0055 0.6057 -0.0039 0.7957
25.6332 179.7573 -6.3854 -38.4608 -0.0048 0.6052 -0.0028 0.7960
25.7370 180.3845 -6.3803 -38.2961 -0.0025 0.6048 -0.0023 0.7964
25.8408 180.9838 -6.3924 -38.1457 -0.0014 0.6041 -0.0014 0.7969
25.9445 181.6197 -6.3743 -37.9533 -0.0023 0.6033 -0.0012 0.7975
26.0481 182.2329 -6.4013 -37.7704 -0.0045 0.6022 -0.0003 0.7983
26.1519 182.8377 -6.4054 -37.5903 -0.0067 0.6007 0.0013 0.7994
26.2555 183.4784 -6.4111 -37.3984 -0.0074 0.5990 0.0021 0.8007
26.3591 184.0916 -6.4070 -37.2173 -0.0075 0.5965 0.0030 0.8026
26.4628 184.7221 -6.4048 -37.0069 -0.0084 0.5930 0.0044 0.8051
26.5666 185.3340 -6.4084 -36.8138 -0.0087 0.5890 0.0053 0.8081
26.6703 185.9214 -6.4276 -36.5871 -0.0082 0.5841 0.0050 0.8116
26.7739 186.5474 -6.4246 -36.3720 -0.0073 0.5793 0.0033 0.8151
26.8777 187.1757 -6.4297 -36.1329 -0.0060 0.5744 0.0023 0.8186
26.9813 187.7764 -6.4210 -35.8875 -0.0055 0.5694 0.0024 0.8221
27.0850 188.4139 -6.4306 -35.6410 -0.0067 0.5643 0.0034 0.8255
27.1888 189.0322 -6.4308 -35.3704 -0.0073 0.5593 0.0037 0.8289
27.2925 189.6675 -6.4367 -35.0765 -0.0087 0.5542 0.0032 0.8323
27.3963 190.2879 -6.4261 -34.8125 -0.0108 0.5501 0.0023 0.8350
27.5000 190.9358 -6.4241 -34.5161 -0.0124 0.5467 0.0009 0.8372
27.6039 191.5628 -6.4081 -34.2080 -0.0132 0.5447 0.0017 0.8385
27.7078 192.2212 -6.4252 -33.9331 -0.0141 0.5437 0.0037 0.8392
27.8117 192.8649 -6.4034 -33.6338 -0.0120 0.5435 0.0044 0.8393
27.9155 193.5320 -6.4101 -33.3345 -0.0110 0.5439 0.0049 0.8390
28.0194 194.1960 -6.3994 -33.0366 -0.0090 0.5445 0.0055 0.8387
28.1233 194.8744 -6.3901 -32.7443 -0.0085 0.5443 0.0067 0.8388
28.2272 195.5628 -6.3829 -32.4315 -0.0094 0.5447 0.0094 0.8385
28.3309 196.2149 -6.3795 -32.1391 -0.0104 0.5452 0.0108 0.8382
28.4348 196.9120 -6.3643 -31.8228 -0.0111 0.5459 0.0116 0.8377
28.5387 197.5975 -6.3629 -31.5143 -0.0115 0.5465 0.0117 0.8373
28.6424 198.2722 -6.3541 -31.2044 -0.0120 0.5471 0.0114 0.8369
28.7462 198.9594 -6.3500 -30.8906 -0.0123 0.5479 0.0109 0.8364
28.8499 199.6439 -6.3473 -30.5969 -0.0104 0.5484 0.0103 0.8361
28.9538 200.3383 -6.3531 -30.3086 -0.0082 0.5489 0.0081 0.8358
29.0575 201.0137 -6.3408 -30.0084 -0.0078 0.5495 0.0068 0.8354
29.1613 201.7004 -6.3400 -29.6880 -0.0090 0.5500 0.0075 0.8351
29.2649 202.4055 -6.3290 -29.3857 -0.0115 0.5506 0.0074 0.8346
29.3686 203.0879 -6.3297 -29.0882 -0.0125 0.5520 0.0064 0.8337
29.4725 203.7587 -6.3272 -28.7967 -0.0138 0.5537 0.0053 0.8326
29.5763 204.4596 -6.3164 -28.5249 -0.0145 0.5569 0.0053 0.8304
29.6802 205.1668 -6.2972 -28.2479 -0.0141 0.5607 0.0056 0.8279
29.7839 205.8499 -6.3081 -27.9828 -0.0122 0.5651 0.0064 0.8249
29.8878 206.5376 -6.3159 -27.7387 -0.0117 0.5700 0.0050 0.8216
29.9917 207.2389 -6.2901 -27.4759 -0.0122 0.5748 0.0043 0.8182
30.0955 207.9521 -6.2690 -27.2438 -0.0133 0.5797 0.0077 0.8147
30.1993 208.6282 -6.2854 -27.0208 -0.0151 0.5832 0.0118 0.8121
30.3030 209.3519 -6.2742 -26.7965 -0.0179 0.5862 0.0137 0.8099
30.4068 210.0689 -6.2440 -26.5472 -0.0202 0.5883 0.0125 0.8083
30.5104 210.7943 -6.2198 -26.2912 -0.0208 0.5892 0.0127 0.8076
30.6140 211.4580 -6.1994 -26.0844 -0.0204 0.5899 0.0141 0.8071
30.7178 212.1851 -6.1927 -25.8679 -0.0204 0.5904 0.0131 0.8067
30.8214 212.8957 -6.1627 -25.6416 -0.0205 0.5907 0.0118 0.8065
30.9252 213.6328 -6.1397 -25.4088 -0.0211 0.5904 0.0120 0.8067
31.0288 214.3620 -6.1216 -25.1792 -0.0213 0.5899 0.0122 0.8071
31.1325 215.1020 -6.0958 -24.9237 -0.0217 0.5890 0.0127 0.8077
31.2363 215.8089 -6.0837 -24.7062 -0.0214 0.5882 0.0140 0.8083
31.3401 216.5460 -6.0575 -24.4391 -0.0212 0.5869 0.0148 0.8093
31.4437 217.2866 -6.0401 -24.1876 -0.0226 0.5851 0.0145 0.8105
31.5474 218.0061 -5.9980 -23.9471 -0.0246 0.5832 0.0159 0.8118
31.6510 218.7415 -5.9637 -23.6725 -0.0264 0.5808 0.0173 0.8135
31.7548 219.4733 -5.9489 -23.4008 -0.0274 0.5791 0.0165 0.8146
31.8585 220.2325 -5.9143 -23.1157 -0.0271 0.5772 0.0148 0.8160
31.9623 220.9393 -5.8904 -22.8503 -0.0274 0.5751 0.0102 0.8175
32.0660 221.6733 -5.8609 -22.5779 -0.0281 0.5733 0.0082 0.8188
32.1696 222.4019 -5.8244 -22.2799 -0.0281 0.5714 0.0085 0.8201
32.2734 223.1781 -5.7952 -21.9873 -0.0274 0.5696 0.0083 0.8214
32.3772 223.9041 -5.7818 -21.7283 -0.0279 0.5682 0.0052 0.8224
32.4809 224.6562 -5.7636 -21.3950 -0.0275 0.5661 0.0055 0.8239
32.5845 225.4011 -5.7226 -21.1497 -0.0280 0.5640 0.0057 0.8253
32.6883 226.1222 -5.7143 -20.8317 -0.0273 0.5620 0.0069 0.8266
32.7919 226.8462 -5.6756 -20.5079 -0.0254 0.5600 0.0084 0.8280
32.8957 227.5856 -5.6596 -20.2245 -0.0253 0.5581 0.0071 0.8294
32.9994 228.3276 -5.6458 -19.9277 -0.0277 0.5559 0.0052 0.8308
33.1032 229.0824 -5.5995 -19.5636 -0.0288 0.5540 0.0047 0.8320
33.2068 229.7980 -5.5887 -19.2773 -0.0264 0.5524 0.0047 0.8331
33.3105 230.5030 -5.5816 -18.9720 -0.0241 0.5506 0.0030 0.8344
33.4143 231.2369 -5.5555 -18.6219 -0.0232 0.5491 -0.0004 0.8354
33.5182 231.9714 -5.5267 -18.2988 -0.0267 0.5478 -0.0030 0.8362
33.6218 232.6766 -5.5014 -17.9739 -0.0303 0.5465 0.0013 0.8369
33.7255 233.4438 -5.4656 -17.6430 -0.0342 0.5457 0.0059 0.8373
33.8293 234.1443 -5.4340 -17.3289 -0.0384 0.5447 0.0088 0.8377
33.9331 234.9329 -5.3984 -16.9805 -0.0394 0.5441 0.0095 0.8380
34.0367 235.5607 -5.3693 -16.6679 -0.0382 0.5431 0.0072 0.8388
34.1404 236.3072 -5.3456 -16.3296 -0.0358 0.5409 0.0050 0.8403
34.2440 237.0567 -5.3050 -15.9789 -0.0336 0.5391 0.0037 0.8415
34.3478 237.7543 -5.2700 -15.6388 -0.0323 0.5371 0.0032 0.8429
34.4515 238.4839 -5.2293 -15.3011 -0.0313 0.5350 0.0027 0.8442
34.5552 239.1864 -5.2163 -14.9437 -0.0316 0.5335 0.0033 0.8452
34.6589 239.8967 -5.1738 -14.6190 -0.0327 0.5321 0.0056 0.8461
34.7625 240.6376 -5.1474 -14.2649 -0.0354 0.5303 0.0073 0.8470
34.8663 241.3645 -5.1053 -13.9145 -0.0369 0.5291 0.0098 0.8477
34.9700 242.1085 -5.0540 -13.5407 -0.0386 0.5278 0.0122 0.8484
35.0739 242.8081 -5.0030 -13.1962 -0.0400 0.5276 0.0157 0.8484
35.1776 243.5070 -4.9634 -12.8207 -0.0411 0.5269 0.0162 0.8488
35.2813 244.2444 -4.9023 -12.4557 -0.0396 0.5262 0.0103 0.8494
35.3850 244.9545 -4.8900 -12.0675 -0.0349 0.5261 0.0055 0.8497
35.4887 245.6773 -4.8455 -11.6994 -0.0312 0.5257 0.0017 0.8501
35.5924 246.4080 -4.8170 -11.3305 -0.0317 0.5259 0.0026 0.8499
35.6962 247.1164 -4.7574 -10.9703 -0.0344 0.5260 0.0045 0.8498
35.7998 247.8680 -4.7431 -10.6016 -0.0347 0.5251 0.0055 0.8503
35.9035 248.5902 -4.7033 -10.2376 -0.0336 0.5245 0.0064 0.8507
36.0072 249.3148 -4.6775 -9.8785 -0.0326 0.5238 0.0081 0.8512
36.1109 250.0637 -4.6343 -9.4877 -0.0344 0.5231 0.0097 0.8515
36.2145 250.7860 -4.5999 -9.1128 -0.0360 0.5224 0.0103 0.8519
36.3183 251.5318 -4.5525 -8.7333 -0.0363 0.5221 0.0092 0.8520
36.4220 252.2287 -4.5319 -8.3731 -0.0346 0.5215 0.0080 0.8525
36.5258 252.9342 -4.4856 -7.9988 -0.0337 0.5211 0.0080 0.8528
36.6295 253.6919 -4.4521 -7.6182 -0.0336 0.5200 0.0096 0.8534
36.7333 254.4215 -4.4084 -7.2215 -0.0351 0.5184 0.0101 0.8543
36.8370 255.1306 -4.3578 -6.8323 -0.0352 0.5169 0.0116 0.8552
36.9408 255.8630 -4.3247 -6.4559 -0.0348 0.5151 0.0118 0.8564
37.0445 256.5790 -4.2866 -6.0561 -0.0345 0.5126 0.0111 0.8579
37.1483 257.2836 -4.2571 -5.6428 -0.0342 0.5106 0.0082 0.8591
37.2520 257.9979 -4.2219 -5.2222 -0.0324 0.5081 0.0076 0.8606
37.3557 258.7111 -4.1957 -4.8310 -0.0305 0.5049 0.0085 0.8626
37.4594 259.4224 -4.1481 -4.4233 -0.0290 0.5002 0.0100 0.8654
37.5630 260.1247 -4.1162 -3.9930 -0.0277 0.4956 0.0126 0.8680
37.6667 260.8516 -4.0923 -3.5552 -0.0272 0.4890 0.0133 0.8717
37.7703 261.5519 -4.0526 -3.0971 -0.0280 0.4824 0.0134 0.8754
37.8740 262.2141 -4.0172 -2.6437 -0.0292 0.4753 0.0157 0.8792
37.9778 262.9134 -3.9789 -2.1532 -0.0315 0.4687 0.0164 0.8826
38.0815 263.5705 -3.9399 -1.6776 -0.0326 0.4631 0.0151 0.8856
38.1853 264.2422 -3.8997 -1.1597 -0.0325 0.4582 0.0115 0.8882
38.2892 264.8804 -3.8478 -0.6866 -0.0330 0.4547 0.0084 0.8900
38.3932 265.5313 -3.8166 -0.2065 -0.0340 0.4537 0.0061 0.8905
38.4972 266.1897 -3.7920 0.2739 -0.0349 0.4557 0.0021 0.8894
38.6012 266.8697 -3.7596 0.7718 -0.0352 0.4595 -0.0025 0.8875
38.7052 267.5272 -3.7235 1.2111 -0.0344 0.4640 -0.0059 0.8851
38.8093 268.1851 -3.6919 1.6804 -0.0319 0.4707 -0.0037 0.8817
38.9133 268.8757 -3.6798 2.1220 -0.0321 0.4753 -0.0015 0.8792
39.0172 269.5944 -3.6391 2.5695 -0.0337 0.4806 -0.0035 0.8763
39.1212 270.2843 -3.6172 2.9813 -0.0335 0.4854 -0.0024 0.8736
39.2250 271.0077 -3.5915 3.4145 -0.0317 0.4899 -0.0008 0.8712
39.3289 271.6931 -3.5635 3.8423 -0.0304 0.4944 -0.0005 0.8687
39.4327 272.4040 -3.5363 4.2920 -0.0302 0.4982 -0.0016 0.8665
39.5364 273.1135 -3.5136 4.6914 -0.0314 0.5014 -0.0023 0.8646
39.6402 273.8386 -3.4746 5.1087 -0.0336 0.5035 -0.0017 0.8633
39.7438 274.5776 -3.4338 5.5120 -0.0368 0.5058 -0.0013 0.8618
39.8476 275.3145 -3.4180 5.9176 -0.0387 0.5081 -0.0004 0.8604
39.9513 276.0274 -3.3818 6.3256 -0.0383 0.5100 -0.0011 0.8593
40.0550 276.7546 -3.3352 6.7094 -0.0364 0.5111 -0.0055 0.8588
40.1587 277.4510 -3.3324 7.1102 -0.0326 0.5119 -0.0105 0.8583
40.2624 278.1994 -3.3126 7.5249 -0.0290 0.5126 -0.0124 0.8581
40.3662 278.9248 -3.2869 7.9592 -0.0297 0.5135 -0.0131 0.8575
40.4699 279.6834 -3.2467 8.3540 -0.0311 0.5140 -0.0114 0.8571
40.5735 280.4240 -3.2483 8.7459 -0.0325 0.5140 -0.0115 0.8571
40.6773 281.1739 -3.2318 9.1523 -0.0322 0.5140 -0.0092 0.8571
40.7810 281.9399 -3.2031 9.5690 -0.0332 0.5125 -0.0083 0.8580
40.8848 282.6646 -3.1809 9.9618 -0.0331 0.5111 -0.0071 0.8588
40.9884 283.4257 -3.1627 10.3784 -0.0333 0.5092 -0.0076 0.8600
41.0922 284.1700 -3.1308 10.7874 -0.0331 0.5069 -0.0069 0.8613
41.1958 284.9144 -3.0993 11.2223 -0.0341 0.5057 -0.0089 0.8620
41.2994 285.6856 -3.0742 11.6985 -0.0332 0.5036 -0.0087 0.8633
41.4032 286.4386 -3.0520 12.1191 -0.0310 0.5015 -0.0088 0.8646
41.5068 287.1664 -3.0389 12.5568 -0.0288 0.4991 -0.0091 0.8660
41.6105 287.9258 -3.0124 13.0189 -0.0276 0.4959 -0.0085 0.8679
41.7142 288.7018 -3.0000 13.4833 -0.0283 0.4915 -0.0088 0.8703
41.8179 289.4554 -2.9699 13.9518 -0.0312 0.4879 -0.0076 0.8723
41.9215 290.2055 -2.9328 14.4563 -0.0342 0.4845 -0.0068 0.8741
42.0253 290.9408 -2.8944 14.9579 -0.0381 0.4811 -0.0071 0.8758
42.1289 291.6711 -2.8529 15.4327 -0.0398 0.4778 -0.0064 0.8775
42.2327 292.4411 -2.8287 15.9453 -0.0389 0.4734 -0.0077 0.8799
42.3363 293.2040 -2.7874 16.4629 -0.0350 0.4699 -0.0085 0.8820
42.4400 293.9381 -2.7682 16.9926 -0.0316 0.4657 -0.0102 0.8843
42.5438 294.6850 -2.7352 17.5126 -0.0277 0.4615 -0.0100 0.8867
42.6474 295.3901 -2.7279 18.0336 -0.0244 0.4584 -0.0091 0.8884
42.7512 296.1481 -2.7138 18.5780 -0.0232 0.4545 -0.0054 0.8904
42.8548 296.9034 -2.6955 19.1108 -0.0249 0.4498 -0.0028 0.8928
42.9585 297.6400 -2.6691 19.6448 -0.0270 0.4459 0.0014 0.8947
43.0623 298.3905 -2.6384 20.2083 -0.0287 0.4417 0.0030 0.8967
43.1661 299.1058 -2.6077 20.8159 -0.0297 0.4384 0.0040 0.8983
43.2698 299.7917 -2.5797 21.4114 -0.0310 0.4348 0.0022 0.9000
43.3736 300.5332 -2.5293 22.0186 -0.0326 0.4309 0.0006 0.9018
43.4773 301.2578 -2.5048 22.5870 -0.0337 0.4281 0.0013 0.9031
43.5810 301.9875 -2.4538 23.2074 -0.0332 0.4259 0.0014 0.9041
43.6849 302.7027 -2.4292 23.8141 -0.0310 0.4236 0.0017 0.9053
43.7887 303.4056 -2.3956 24.4162 -0.0292 0.4204 0.0003 0.9069
43.8924 304.1444 -2.3716 25.0520 -0.0292 0.4181 0.0007 0.9079
43.9961 304.8224 -2.3170 25.7101 -0.0316 0.4160 0.0001 0.9088
44.1000 305.5503 -2.2684 26.3194 -0.0335 0.4140 0.0026 0.9097
44.2036 306.2568 -2.2420 26.9555 -0.0334 0.4114 0.0018 0.9108
44.3073 306.9593 -2.2149 27.6167 -0.0323 0.4087 -0.0009 0.9121
44.4110 307.6669 -2.1724 28.2310 -0.0300 0.4058 -0.0023 0.9135
44.5148 308.3740 -2.1313 28.8810 -0.0282 0.4030 -0.0003 0.9148
44.6185 309.0821 -2.1190 29.5188 -0.0280 0.4009 0.0028 0.9157
44.7223 309.8010 -2.0755 30.1739 -0.0266 0.3979 0.0053 0.9170
44.8262 310.4776 -2.0540 30.8577 -0.0259 0.3948 0.0069 0.9184
44.9298 311.1513 -2.0216 31.5199 -0.0251 0.3919 0.0094 0.9196
45.0335 311.8472 -1.9851 32.1675 -0.0255 0.3899 0.0098 0.9205
45.1373 312.5229 -1.9521 32.8446 -0.0266 0.3875 0.0088 0.9215
45.2410 313.1938 -1.9399 33.5232 -0.0260 0.3848 0.0088 0.9226
45.3448 313.8733 -1.8787 34.1871 -0.0258 0.3824 0.0080 0.9236
45.4485 314.5315 -1.8781 34.8714 -0.0250 0.3799 0.0105 0.9246
45.5523 315.1939 -1.8191 35.5474 -0.0259 0.3769 0.0108 0.9258
45.6562 315.8451 -1.8044 36.2365 -0.0251 0.3746 0.0103 0.9268
45.7599 316.4724 -1.7494 36.9222 -0.0244 0.3721 0.0122 0.9278
45.8637 317.1052 -1.7344 37.5962 -0.0260 0.3697 0.0118 0.9287
45.9674 317.7792 -1.6848 38.3080 -0.0284 0.3681 0.0095 0.9293
46.0713 318.3949 -1.6616 39.0000 -0.0302 0.3662 0.0078 0.9300
46.1750 319.0443 -1.6088 39.6837 -0.0317 0.3647 0.0105 0.9305
46.2788 319.6786 -1.5746 40.3889 -0.0323 0.3639 0.0098 0.9308
46.3827 320.2589 -1.5409 41.0868 -0.0293 0.3628 0.0100 0.9314
46.4865 320.8907 -1.5111 41.7747 -0.0255 0.3624 0.0089 0.9316
46.5904 321.5226 -1.4670 42.4829 -0.0250 0.3627 0.0100 0.9315
46.6942 322.1740 -1.4444 43.1710 -0.0270 0.3629 0.0092 0.9314
46.7981 322.7993 -1.4076 43.8710 -0.0278 0.3640 0.0119 0.9309
46.9019 323.4554 -1.3765 44.5838 -0.0292 0.3653 0.0117 0.9304
47.0058 324.0919 -1.3212 45.2761 -0.0286 0.3680 0.0121 0.9293
47.1097 324.7533 -1.2906 45.9635 -0.0280 0.3705 0.0084 0.9284
47.2136 325.4222 -1.2527 46.6704 -0.0263 0.3736 0.0072 0.9272
47.3174 326.0740 -1.2236 47.3331 -0.0260 0.3772 0.0056 0.9257
47.4212 326.7550 -1.1865 48.0498 -0.0256 0.3812 0.0067 0.9241
47.5251 327.4454 -1.1623 48.7398 -0.0259 0.3852 0.0067 0.9225
47.6288 328.1448 -1.1263 49.3732 -0.0281 0.3885 0.0053 0.9210
47.7327 328.8064 -1.0917 50.0550 -0.0314 0.3925 0.0060 0.9192
47.8364 329.5177 -1.0266 50.7420 -0.0342 0.3969 0.0065 0.9172
47.9402 330.2325 -0.9933 51.3940 -0.0340 0.4004 0.0043 0.9157
48.0439 330.9436 -0.9706 52.0687 -0.0313 0.4049 0.0021 0.9138
48.1477 331.6826 -0.9224 52.7275 -0.0284 0.4084 0.0019 0.9124
48.2514 332.3991 -0.8954 53.3748 -0.0282 0.4113 0.0032 0.9111
48.3550 333.1428 -0.8574 54.0313 -0.0291 0.4144 0.0033 0.9096
48.4588 333.8894 -0.8121 54.6630 -0.0301 0.4173 0.0032 0.9082
48.5626 334.6380 -0.7872 55.3028 -0.0303 0.4195 0.0041 0.9073
48.6662 335.3893 -0.7345 55.9620 -0.0309 0.4224 0.0036 0.9059
48.7699 336.1394 -0.6956 56.6028 -0.0324 0.4247 0.0025 0.9048
48.8736 336.9192 -0.6658 57.2639 -0.0331 0.4271 0.0016 0.9036
48.9773 337.6674 -0.6260 57.8928 -0.0332 0.4296 0.0011 0.9024
49.0809 338.4564 -0.5791 58.5193 -0.0337 0.4313 0.0001 0.9016
49.1847 339.2600 -0.5355 59.1511 -0.0338 0.4331 -0.0011 0.9007
49.2883 340.0427 -0.4976 59.7822 -0.0339 0.4351 -0.0013 0.8997
49.3920 340.8151 -0.4575 60.4053 -0.0340 0.4368 -0.0009 0.8989
49.4958 341.5911 -0.4078 61.0343 -0.0347 0.4383 -0.0010 0.8982
49.5994 342.4165 -0.3771 61.6761 -0.0355 0.4398 -0.0020 0.8974
49.7032 343.2356 -0.3237 62.3189 -0.0363 0.4417 -0.0015 0.8964
49.8068 344.0027 -0.2977 62.9193 -0.0360 0.4431 -0.0022 0.8957
49.9106 344.7898 -0.2692 63.5079 -0.0356 0.4446 -0.0029 0.8950
50.0142 345.6071 -0.2218 64.1192 -0.0351 0.4458 -0.0026 0.8944
50.1180 346.4235 -0.1734 64.7732 -0.0363 0.4469 -0.0004 0.8938
50.2216 347.2438 -0.1215 65.3689 -0.0386 0.4470 0.0036 0.8937
50.3253 348.0515 -0.0782 65.9613 -0.0400 0.4477 0.0060 0.8933
50.4290 348.8661 -0.0203 66.5679 -0.0397 0.4478 0.0060 0.8933
50.5327 349.6524 0.0165 67.1775 -0.0365 0.4480 0.0055 0.8933
50.6365 350.4528 0.0574 67.7775 -0.0331 0.4486 0.0042 0.8931
50.7402 351.2783 0.1074 68.3941 -0.0315 0.4489 0.0042 0.8930
50.8440 352.0933 0.1539 68.9976 -0.0312 0.4497 0.0065 0.8926
50.9476 352.8968 0.1950 69.6030 -0.0316 0.4504 0.0096 0.8922
51.0512 353.7495 0.2467 70.1985 -0.0333 0.4503 0.0111 0.8922
51.1549 354.5556 0.2988 70.7988 -0.0344 0.4505 0.0121 0.8920
51.2586 355.3414 0.3450 71.3866 -0.0348 0.4507 0.0119 0.8919
51.3623 356.1922 0.3876 72.0080 -0.0340 0.4507 0.0121 0.8919
51.4659 356.9896 0.4246 72.6074 -0.0325 0.4509 0.0119 0.8919
51.5697 357.7896 0.4778 73.2119 -0.0322 0.4506 0.0125 0.8920
51.6733 358.6047 0.5231 73.8205 -0.0328 0.4509 0.0148 0.8918
51.7769 359.3980 0.5867 74.3893 -0.0338 0.4509 0.0142 0.8918
51.8807 360.2403 0.6324 75.0218 -0.0322 0.4514 0.0161 0.8916
51.9843 361.0330 0.6732 75.6098 -0.0320 0.4516 0.0149 0.8915
52.0881 361.8532 0.7290 76.2104 -0.0320 0.4516 0.0148 0.8915
52.1917 362.6659 0.7781 76.8117 -0.0327 0.4517 0.0154 0.8914
52.2954 363.4799 0.8186 77.4117 -0.0324 0.4516 0.0176 0.8915
52.3992 364.2972 0.8687 78.0101 -0.0319 0.4512 0.0193 0.8916
52.5029 365.1087 0.9265 78.5903 -0.0314 0.4508 0.0218 0.8918
52.6067 365.9388 0.9897 79.2026 -0.0305 0.4508 0.0252 0.8918
52.7104 366.7182 1.0337 79.7866 -0.0296 0.4505 0.0280 0.8918
52.8142 367.5321 1.0840 80.3787 -0.0297 0.4499 0.0301 0.8921
52.9179 368.3329 1.1353 80.9823 -0.0309 0.4493 0.0301 0.8923
53.0217 369.1451 1.2048 81.5789 -0.0294 0.4487 0.0340 0.8926
53.1254 369.8976 1.2766 82.1436 -0.0315 0.4479 0.0315 0.8930
53.2292 370.6711 1.3203 82.7094 -0.0314 0.4469 0.0320 0.8934
53.3329 371.4369 1.3718 83.3147 -0.0311 0.4466 0.0332 0.8936
53.4365 372.1746 1.4269 83.8637 -0.0316 0.4460 0.0349 0.8938
53.5403 372.9160 1.4867 84.4307 -0.0347 0.4453 0.0341 0.8941
53.6441 373.6385 1.5567 84.9915 -0.0371 0.4449 0.0363 0.8941
53.7478 374.3329 1.6297 85.5245 -0.0406 0.4451 0.0352 0.8939
53.8516 375.0143 1.6749 86.0690 -0.0440 0.4448 0.0323 0.8940
53.9553 375.7094 1.7537 86.6163 -0.0473 0.4451 0.0282 0.8938
54.0590 376.3188 1.8138 87.1138 -0.0478 0.4456 0.0269 0.8936
54.1628 376.9819 1.8785 87.5987 -0.0489 0.4460 0.0243 0.8934
54.2666 377.6320 1.9512 88.1129 -0.0479 0.4464 0.0241 0.8932
54.3702 378.2460 2.0134 88.5662 -0.0486 0.4462 0.0215 0.8934
54.4739 378.8389 2.0658 89.0411 -0.0474 0.4465 0.0235 0.8932
54.5776 379.4377 2.1221 89.4909 -0.0473 0.4470 0.0233 0.8930
54.6813 380.0429 2.1900 89.9670 -0.0468 0.4478 0.0234 0.8926
54.7851 380.6517 2.2471 90.4019 -0.0470 0.4497 0.0234 0.8916
54.8888 381.2074 2.2970 90.8375 -0.0479 0.4521 0.0229 0.8904
54.9927 381.8366 2.3697 91.2602 -0.0498 0.4553 0.0212 0.8887
55.0964 382.3750 2.4140 91.6920 -0.0492 0.4585 0.0211 0.8871
55.2002 382.9873 2.4613 92.0812 -0.0481 0.4616 0.0183 0.8856
55.3040 383.5607 2.5078 92.5227 -0.0471 0.4658 0.0149 0.8835
55.4078 384.1346 2.5704 92.9017 -0.0459 0.4702 0.0139 0.8813
55.5117 384.7340 2.6170 93.2824 -0.0482 0.4755 0.0126 0.8783
55.6154 385.3480 2.7107 93.6704 -0.0514 0.4806 0.0126 0.8754
55.7192 385.9675 2.7515 94.0659 -0.0538 0.4850 0.0138 0.8728
55.8229 386.5819 2.8306 94.4393 -0.0554 0.4903 0.0146 0.8697
55.9267 387.2022 2.8808 94.7734 -0.0556 0.4953 0.0158 0.8668
56.0304 387.9105 2.9437 95.1937 -0.0546 0.5001 0.0165 0.8641
56.1341 388.5320 2.9995 95.5251 -0.0517 0.5041 0.0171 0.8619
56.2378 389.1559 3.0544 95.8597 -0.0486 0.5066 0.0186 0.8606
56.3416 389.7910 3.1020 96.2138 -0.0467 0.5091 0.0204 0.8592
56.4453 390.4739 3.1696 96.5367 -0.0476 0.5122 0.0234 0.8572
56.5491 391.1797 3.2639 96.9172 -0.0517 0.5148 0.0291 0.8553
56.6529 391.8471 3.3348 97.2811 -0.0601 0.5159 0.0322 0.8539
56.7567 392.5600 3.4655 97.6580 -0.0649 0.5179 0.0358 0.8522
56.8604 393.2582 3.5367 98.0343 -0.0663 0.5205 0.0371 0.8505
56.9643 393.9418 3.6223 98.3800 -0.0673 0.5231 0.0356 0.8489
57.0681 394.6525 3.7272 98.7100 -0.0674 0.5259 0.0347 0.8471
57.1719 395.3641 3.8360 99.0621 -0.0672 0.5281 0.0385 0.8456
57.2756 396.0783 3.9497 99.4226 -0.0672 0.5310 0.0425 0.8437
57.3793 396.8076 4.0667 99.7435 -0.0693 0.5333 0.0438 0.8419
57.4831 397.5478 4.1773 100.0882 -0.0682 0.5359 0.0464 0.8403
57.5868 398.2531 4.2845 100.4333 -0.0694 0.5383 0.0450 0.8387
57.6906 398.9432 4.3947 100.7285 -0.0688 0.5409 0.0452 0.8371
57.7943 399.6562 4.4784 101.0687 -0.0676 0.5439 0.0469 0.8351
57.8982 400.3842 4.6029 101.3255 -0.0684 0.5474 0.0458 0.8328
58.0019 401.1174 4.7099 101.6526 -0.0683 0.5517 0.0460 0.8300
58.1058 401.8156 4.7998 101.9402 -0.0670 0.5561 0.0479 0.8270
58.2097 402.5022 4.8973 102.2103 -0.0666 0.5606 0.0487 0.8240
58.3134 403.2023 5.0220 102.4753 -0.0676 0.5650 0.0481 0.8209
58.4173 403.8675 5.1080 102.7196 -0.0660 0.5690 0.0490 0.8182
58.5211 404.5301 5.2044 102.9638 -0.0653 0.5739 0.0465 0.8150
58.6249 405.2298 5.2950 103.2157 -0.0638 0.5795 0.0409 0.8115
58.7287 405.8903 5.3876 103.4113 -0.0621 0.5854 0.0366 0.8075
58.8327 406.5408 5.4711 103.6320 -0.0614 0.5921 0.0329 0.8029
58.9366 407.1681 5.5437 103.7796 -0.0588 0.6000 0.0332 0.7972
59.0404 407.9358 5.6245 103.9726 -0.0560 0.6086 0.0329 0.7908
59.1443 408.6062 5.7045 104.1241 -0.0520 0.6170 0.0326 0.7846
59.2482 409.2783 5.7642 104.2573 -0.0480 0.6253 0.0318 0.7783
59.3521 409.9925 5.8195 104.3584 -0.0446 0.6335 0.0327 0.7718
59.4558 410.7006 5.8786 104.4509 -0.0429 0.6411 0.0336 0.7655
59.5596 411.4186 5.9542 104.5601 -0.0439 0.6476 0.0358 0.7598
59.6633 412.1914 6.0519 104.6831 -0.0469 0.6536 0.0381 0.7544
59.7669 412.9860 6.1264 104.7823 -0.0486 0.6582 0.0424 0.7500
59.8707 413.7533 6.2036 104.8681 -0.0516 0.6624 0.0434 0.7461
59.9743 414.4935 6.2828 104.9587 -0.0531 0.6655 0.0440 0.7432
60.0781 415.2551 6.3741 105.0299 -0.0554 0.6687 0.0431 0.7402
60.1818 416.0266 6.4730 105.0836 -0.0574 0.6715 0.0439 0.7375
60.2856 416.7619 6.5647 105.1651 -0.0588 0.6738 0.0428 0.7353
60.3893 417.4848 6.6451 105.2528 -0.0599 0.6763 0.0347 0.7334
60.4931 418.2257 6.7030 105.3413 -0.0560 0.6778 0.0260 0.7327
60.5968 418.9620 6.7283 105.3878 -0.0509 0.6801 0.0222 0.7310
60.7006 419.7507 6.8253 105.4446 -0.0527 0.6812 0.0190 0.7300
60.8042 420.5615 6.9173 105.5400 -0.0583 0.6808 0.0195 0.7299
60.9080 421.3563 7.0354 105.5839 -0.0585 0.6812 0.0199 0.7295
61.0116 422.1030 7.0523 105.6541 -0.0563 0.6804 0.0146 0.7305
61.1153 422.8416 7.0798 105.7137 -0.0477 0.6792 0.0063 0.7324
61.2189 423.5704 7.1004 105.8124 -0.0435 0.6767 -0.0016 0.7350
61.3227 424.3274 7.1425 105.8773 -0.0441 0.6753 -0.0021 0.7362
61.4264 425.1150 7.2277 105.9569 -0.0490 0.6743 0.0000 0.7368
61.5302 425.8522 7.2652 106.0116 -0.0510 0.6738 0.0026 0.7371
61.6338 426.6041 7.3043 106.0995 -0.0489 0.6726 0.0034 0.7383
61.7376 427.2792 7.3128 106.1748 -0.0444 0.6714 0.0010 0.7398
61.8413 427.9502 7.3249 106.2233 -0.0415 0.6706 -0.0001 0.7407
61.9451 428.6545 7.3752 106.2955 -0.0394 0.6697 0.0002 0.7416
62.0488 429.3906 7.3905 106.3663 -0.0366 0.6694 0.0003 0.7420
62.1526 430.0252 7.4007 106.4405 -0.0350 0.6698 -0.0020 0.7417
62.2564 430.7334 7.4197 106.5376 -0.0335 0.6703 -0.0039 0.7413
62.3601 431.3738 7.4435 106.6062 -0.0340 0.6710 -0.0072 0.7406
62.4640 432.0327 7.4506 106.6797 -0.0353 0.6735 -0.0103 0.7383
62.5679 432.6816 7.4538 106.7136 -0.0359 0.6780 -0.0120 0.7340
62.6718 433.2881 7.4668 106.7494 -0.0359 0.6840 -0.0133 0.7284
62.7758 433.9695 7.4786 106.7846 -0.0346 0.6909 -0.0133 0.7220
62.8798 434.5803 7.4813 106.7862 -0.0337 0.6975 -0.0124 0.7157
62.9837 435.1746 7.4800 106.7902 -0.0321 0.7038 -0.0114 0.7096
63.0876 435.8095 7.4822 106.7632 -0.0309 0.7102 -0.0112 0.7032
63.1914 436.3436 7.4775 106.7442 -0.0302 0.7162 -0.0106 0.6971
63.2954 436.8980 7.4720 106.7135 -0.0310 0.7226 -0.0111 0.6905
63.3993 437.4469 7.4891 106.6804 -0.0320 0.7290 -0.0117 0.6836
63.5032 437.9381 7.4769 106.6158 -0.0318 0.7356 -0.0121 0.6766
63.6071 438.3745 7.4810 106.5644 -0.0284 0.7412 -0.0125 0.6705
63.7108 438.7911 7.4475 106.4909 -0.0230 0.7466 -0.0132 0.6648
63.8147 439.1793 7.4393 106.4141 -0.0174 0.7515 -0.0149 0.6594
63.9184 439.5689 7.4204 106.3591 -0.0145 0.7557 -0.0179 0.6545
64.0222 439.9483 7.4225 106.3129 -0.0127 0.7593 -0.0209 0.6502
64.1260 440.2818 7.4119 106.2463 -0.0109 0.7625 -0.0223 0.6465
64.2297 440.6095 7.4042 106.1804 -0.0087 0.7651 -0.0213 0.6435
64.3333 440.9128 7.3855 106.1188 -0.0058 0.7673 -0.0186 0.6410
64.4371 441.1975 7.3506 106.0486 -0.0036 0.7692 -0.0159 0.6388
64.5407 441.4853 7.3562 105.9846 -0.0049 0.7708 -0.0158 0.6369
64.6444 441.7561 7.3444 105.9300 -0.0075 0.7724 -0.0170 0.6349
64.7481 442.0109 7.3387 105.8892 -0.0103 0.7737 -0.0179 0.6332
64.8517 442.2233 7.3370 105.8695 -0.0118 0.7745 -0.0186 0.6322
64.9553 442.4122 7.3324 105.8209 -0.0108 0.7753 -0.0184 0.6312
65.0591 442.5797 7.3096 105.7782 -0.0086 0.7758 -0.0176 0.6306
65.1627 442.7432 7.3027 105.7244 -0.0064 0.7763 -0.0164 0.6301
65.2663 442.8902 7.2822 105.6988 -0.0052 0.7760 -0.0170 0.6305
65.3701 443.0447 7.2823 105.6709 -0.0050 0.7754 -0.0182 0.6312
65.4737 443.1806 7.2802 105.6348 -0.0042 0.7747 -0.0168 0.6321
65.5774 443.3546 7.2662 105.6090 -0.0023 0.7735 -0.0131 0.6337
65.6811 443.4849 7.2753 105.5388 -0.0012 0.7717 -0.0108 0.6359
65.7848 443.6302 7.2594 105.5580 0.0001 0.7702 -0.0103 0.6377
65.8886 443.7947 7.2559 105.5347 -0.0002 0.7691 -0.0118 0.6390
65.9922 443.9251 7.2440 105.5082 -0.0009 0.7674 -0.0131 0.6410
66.0959 444.0831 7.2433 105.5007 -0.0012 0.7658 -0.0150 0.6429
66.1997 444.2380 7.2263 105.4618 -0.0012 0.7639 -0.0150 0.6452
66.3033 444.4019 7.2255 105.4582 -0.0014 0.7619 -0.0150 0.6475
66.4071 444.5960 7.2186 105.4422 -0.0043 0.7596 -0.0162 0.6502
66.5107 444.8078 7.2300 105.4375 -0.0081 0.7566 -0.0182 0.6536
66.6143 445.0363 7.2385 105.4174 -0.0107 0.7536 -0.0194 0.6569
66.7181 445.2839 7.2217 105.4035 -0.0102 0.7507 -0.0173 0.6603
66.8217 445.5357 7.2061 105.3686 -0.0084 0.7470 -0.0145 0.6646
66.9254 445.7680 7.1806 105.3442 -0.0075 0.7431 -0.0129 0.6690
67.0291 446.0535 7.1978 105.3226 -0.0062 0.7380 -0.0113 0.6747
67.1328 446.3024 7.1712 105.3233 -0.0052 0.7323 -0.0107 0.6808
67.2364 446.5692 7.1817 105.3140 -0.0053 0.7264 -0.0094 0.6872
67.3401 446.8661 7.1654 105.3266 -0.0053 0.7191 -0.0092 0.6948
67.4437 447.1668 7.1633 105.3558 -0.0052 0.7118 -0.0093 0.7023
67.5473 447.4461 7.1468 105.3821 -0.0052 0.7041 -0.0104 0.7101
67.6511 447.7604 7.1458 105.4039 -0.0063 0.6957 -0.0137 0.7182
67.7547 448.1136 7.1388 105.4531 -0.0069 0.6872 -0.0169 0.7262
67.8583 448.4187 7.1505 105.5080 -0.0078 0.6779 -0.0174 0.7349
67.9621 448.7761 7.1285 105.5648 -0.0072 0.6684 -0.0153 0.7436
68.0657 449.1353 7.1098 105.6437 -0.0068 0.6589 -0.0139 0.7521
68.1693 449.5312 7.1071 105.7196 -0.0070 0.6490 -0.0138 0.7607
68.2731 449.9152 7.1008 105.8208 -0.0074 0.6389 -0.0137 0.7691
68.3767 450.2953 7.1045 105.9392 -0.0078 0.6291 -0.0140 0.7772
68.4803 450.7068 7.0897 106.0243 -0.0076 0.6187 -0.0140 0.7855
68.5841 451.1250 7.0803 106.1814 -0.0074 0.6091 -0.0135 0.7929
68.6878 451.5717 7.0740 106.3339 -0.0073 0.6003 -0.0126 0.7997
68.7916 452.0400 7.0671 106.4779 -0.0074 0.5918 -0.0125 0.8060
68.8953 452.4998 7.0678 106.6535 -0.0072 0.5840 -0.0120 0.8117
68.9991 452.9980 7.0645 106.8599 -0.0072 0.5760 -0.0122 0.8173
69.1028 453.5071 7.0494 107.0645 -0.0066 0.5687 -0.0116 0.8224
69.2066 454.0189 7.0453 107.2612 -0.0059 0.5612 -0.0100 0.8276
69.3103 454.5468 7.0392 107.4936 -0.0045 0.5532 -0.0079 0.8330
69.4139 455.0670 7.0293 107.7408 -0.0035 0.5453 -0.0066 0.8382
69.5177 455.6116 7.0237 108.0218 -0.0031 0.5376 -0.0065 0.8432
69.6214 456.1704 7.0136 108.3150 -0.0029 0.5309 -0.0071 0.8474
69.7253 456.7359 7.0071 108.6266 -0.0032 0.5247 -0.0078 0.8512
69.8291 457.3060 6.9979 108.9408 -0.0037 0.5192 -0.0074 0.8546
69.9328 457.8967 6.9862 109.2678 -0.0050 0.5143 -0.0072 0.8575
70.0367 458.4967 6.9897 109.6208 -0.0060 0.5104 -0.0067 0.8599
70.1406 459.1240 6.9790 109.9518 -0.0071 0.5075 -0.0062 0.8616
70.2443 459.7365 6.9682 110.3239 -0.0075 0.5049 -0.0065 0.8631
70.3482 460.3734 6.9687 110.7044 -0.0079 0.5034 -0.0068 0.8640
70.4519 461.0176 6.9654 111.0708 -0.0085 0.5019 -0.0073 0.8649
70.5558 461.7031 6.9589 111.4520 -0.0086 0.5004 -0.0081 0.8657
70.6596 462.3658 6.9544 111.8587 -0.0080 0.4990 -0.0076 0.8665
70.7633 463.0596 6.9443 112.2588 -0.0070 0.4977 -0.0073 0.8673
70.8672 463.7607 6.9449 112.6807 -0.0064 0.4965 -0.0075 0.8680
70.9708 464.4603 6.9358 113.1042 -0.0057 0.4949 -0.0076 0.8689
71.0747 465.1533 6.9269 113.5175 -0.0048 0.4938 -0.0076 0.8695
71.1784 465.8881 6.9143 113.9816 -0.0037 0.4930 -0.0066 0.8700
71.2822 466.6206 6.8999 114.4090 -0.0029 0.4919 -0.0056 0.8706
71.3859 467.3793 6.8856 114.8441 -0.0023 0.4912 -0.0052 0.8710
71.4896 468.1140 6.8735 115.3240 -0.0012 0.4904 -0.0058 0.8715
71.5933 468.8813 6.8524 115.7755 0.0005 0.4899 -0.0061 0.8718
71.6972 469.6546 6.8275 116.2603 0.0011 0.4898 -0.0073 0.8718
71.8010 470.4195 6.8247 116.7331 0.0002 0.4895 -0.0081 0.8720
71.9047 471.2262 6.7985 117.2353 -0.0009 0.4894 -0.0071 0.8720
72.0085 472.0208 6.7911 117.7376 -0.0017 0.4896 -0.0061 0.8719
72.1122 472.8203 6.7630 118.2389 -0.0011 0.4893 -0.0057 0.8721
72.2160 473.6350 6.7525 118.7422 -0.0003 0.4888 -0.0052 0.8724
72.3197 474.4760 6.7270 119.2384 0.0008 0.4885 -0.0039 0.8726
72.4235 475.3051 6.7139 119.7730 0.0008 0.4882 -0.0037 0.8727
72.5272 476.1588 6.6865 120.2801 0.0011 0.4878 -0.0030 0.8730
72.6309 477.0093 6.6749 120.8175 0.0013 0.4874 -0.0022 0.8732
72.7347 477.8868 6.6558 121.3658 0.0017 0.4869 -0.0023 0.8734
72.8385 478.7632 6.6261 121.9137 0.0015 0.4865 -0.0036 0.8737
72.9422 479.6286 6.6181 122.4500 0.0011 0.4864 -0.0041 0.8737
73.0460 480.5403 6.5811 123.0333 0.0009 0.4867 -0.0031 0.8736
73.1497 481.4230 6.5719 123.5977 -0.0004 0.4870 -0.0050 0.8734
73.2535 482.3145 6.5567 124.1697 -0.0006 0.4881 -0.0066 0.8728
73.3572 483.2342 6.5279 124.7538 0.0001 0.4901 -0.0084 0.8716
73.4611 484.1578 6.5082 125.3182 -0.0004 0.4932 -0.0108 0.8699
73.5649 485.0816 6.4824 125.8743 -0.0008 0.4977 -0.0139 0.8673
73.6688 486.0214 6.4432 126.4175 -0.0013 0.5034 -0.0167 0.8639
73.7727 486.9557 6.4102 126.9415 -0.0021 0.5100 -0.0182 0.8600
73.8767 487.9403 6.3680 127.4805 -0.0034 0.5174 -0.0186 0.8556
73.9806 488.9093 6.3482 127.9714 -0.0056 0.5248 -0.0183 0.8510
74.0845 489.8851 6.3214 128.4736 -0.0064 0.5323 -0.0191 0.8463
74.1885 490.9280 6.2753 128.9446 -0.0053 0.5402 -0.0200 0.8413
74.2923 491.9085 6.2400 129.3798 -0.0045 0.5482 -0.0220 0.8360
74.3962 492.9461 6.1966 129.8359 -0.0041 0.5571 -0.0224 0.8301
74.5001 493.9398 6.1714 130.2398 -0.0051 0.5659 -0.0224 0.8242
74.6038 495.0094 6.1374 130.6181 -0.0050 0.5757 -0.0218 0.8173
74.7078 496.0759 6.0761 130.9848 -0.0040 0.5860 -0.0229 0.8100
74.8117 497.1179 6.0487 131.2953 -0.0027 0.5965 -0.0265 0.8022
74.9155 498.1864 5.9636 131.6170 -0.0007 0.6078 -0.0277 0.7936
75.0193 499.2465 5.9526 131.8795 -0.0011 0.6190 -0.0324 0.7847
75.1233 500.3308 5.8469 132.1127 0.0012 0.6312 -0.0322 0.7750
75.2271 501.4625 5.8066 132.3301 0.0009 0.6428 -0.0351 0.7652
75.3310 502.5247 5.7211 132.4917 0.0031 0.6541 -0.0355 0.7556
75.4348 503.6383 5.6334 132.6335 0.0058 0.6647 -0.0364 0.7462
75.5386 504.7386 5.5507 132.7106 0.0084 0.6743 -0.0365 0.7375
75.6422 505.8555 5.4551 132.8251 0.0100 0.6831 -0.0359 0.7294
75.7459 506.9641 5.3643 132.8829 0.0107 0.6916 -0.0356 0.7213
75.8496 508.0874 5.2781 132.9123 0.0113 0.6996 -0.0368 0.7135
75.9533 509.1945 5.1845 132.9070 0.0122 0.7073 -0.0383 0.7058
76.0570 510.3344 5.0824 132.8966 0.0127 0.7148 -0.0381 0.6982
76.1606 511.4496 4.9878 132.8463 0.0134 0.7211 -0.0356 0.6918
76.2642 512.5692 4.8932 132.7950 0.0150 0.7257 -0.0331 0.6870
76.3677 513.7227 4.7777 132.7080 0.0181 0.7289 -0.0317 0.6837
76.4713 514.8475 4.6799 132.6412 0.0198 0.7310 -0.0324 0.6813
76.5750 515.9797 4.5827 132.5590 0.0198 0.7325 -0.0326 0.6797
76.6786 517.0989 4.4815 132.4962 0.0196 0.7336 -0.0330 0.6785
76.7822 518.2272 4.3792 132.3869 0.0200 0.7348 -0.0338 0.6772
76.8859 519.3887 4.2685 132.3059 0.0216 0.7361 -0.0346 0.6756
76.9896 520.5459 4.1606 132.2162 0.0229 0.7372 -0.0351 0.6744
77.0932 521.7179 4.0364 132.1236 0.0230 0.7382 -0.0346 0.6733
77.1970 522.9277 3.9320 132.0075 0.0222 0.7392 -0.0331 0.6723
77.3006 524.0899 3.8403 131.9241 0.0210 0.7400 -0.0322 0.6715
77.4042 525.2707 3.7317 131.8258 0.0208 0.7403 -0.0331 0.6711
77.5078 526.4801 3.6094 131.6974 0.0215 0.7405 -0.0354 0.6708
77.6116 527.6893 3.4928 131.5846 0.0226 0.7402 -0.0363 0.6710
77.7152 528.9279 3.3702 131.4629 0.0231 0.7403 -0.0356 0.6709
77.8190 530.1479 3.2550 131.3576 0.0232 0.7400 -0.0357 0.6712
77.9227 531.3821 3.1430 131.2637 0.0225 0.7404 -0.0366 0.6708
78.0263 532.6382 3.0159 131.1360 0.0216 0.7405 -0.0382 0.6706
78.1301 533.9077 2.8928 131.0102 0.0212 0.7411 -0.0374 0.6700
78.2338 535.1599 2.7752 130.9049 0.0210 0.7421 -0.0372 0.6689
78.3375 536.4185 2.6486 130.7856 0.0216 0.7430 -0.0372 0.6679
78.4412 537.6935 2.5150 130.6536 0.0218 0.7437 -0.0375 0.6671
78.5448 538.9697 2.4061 130.5057 0.0215 0.7448 -0.0374 0.6658
78.6486 540.2333 2.2752 130.3802 0.0214 0.7460 -0.0372 0.6646
78.7523 541.5409 2.1539 130.2514 0.0205 0.7470 -0.0374 0.6634
78.8560 542.8554 2.0187 130.0906 0.0202 0.7485 -0.0369 0.6619
78.9597 544.1753 1.8949 129.9482 0.0196 0.7494 -0.0374 0.6608
79.0633 545.5090 1.7700 129.7831 0.0197 0.7502 -0.0380 0.6598
79.1671 546.8439 1.6384 129.6292 0.0199 0.7512 -0.0378 0.6586
79.2708 548.1528 1.5201 129.4649 0.0199 0.7522 -0.0378 0.6576
79.3745 549.4961 1.3803 129.2901 0.0201 0.7531 -0.0385 0.6565
79.4782 550.8402 1.2496 129.0968 0.0202 0.7540 -0.0387 0.6554
79.5820 552.2154 1.1086 128.9197 0.0205 0.7551 -0.0386 0.6542
79.6857 553.5581 0.9806 128.7274 0.0196 0.7560 -0.0390 0.6531
79.7895 554.9228 0.8335 128.5247 0.0197 0.7575 -0.0389 0.6514
79.8932 556.3130 0.7075 128.3133 0.0198 0.7588 -0.0387 0.6498
79.9970 557.6931 0.5658 128.1188 0.0202 0.7599 -0.0386 0.6485
80.1006 559.1160 0.4198 127.9121 0.0204 0.7607 -0.0388 0.6476
80.2043 560.5306 0.2767 127.6872 0.0211 0.7618 -0.0389 0.6464
80.3080 561.9284 0.1416 127.4581 0.0220 0.7622 -0.0380 0.6458
80.4117 563.3257 -0.0060 127.2086 0.0211 0.7625 -0.0386 0.6455
80.5153 564.7678 -0.1472 126.9847 0.0220 0.7629 -0.0379 0.6451
80.6191 566.2085 -0.2892 126.7794 0.0230 0.7633 -0.0373 0.6446
80.7227 567.6528 -0.4427 126.5350 0.0227 0.7635 -0.0380 0.6443
80.8264 569.0757 -0.5720 126.2853 0.0232 0.7641 -0.0366 0.6437
80.9301 570.5136 -0.7253 126.0477 0.0236 0.7641 -0.0367 0.6436
81.0338 571.9673 -0.8691 125.7898 0.0225 0.7644 -0.0374 0.6433
81.1375 573.4590 -1.0215 125.5623 0.0220 0.7649 -0.0369 0.6427
81.2412 574.9369 -1.1602 125.3269 0.0215 0.7654 -0.0362 0.6422
81.3449 576.3971 -1.3099 125.0571 0.0219 0.7655 -0.0357 0.6420
81.4486 577.8575 -1.4499 124.8072 0.0219 0.7657 -0.0367 0.6418
81.5523 579.3400 -1.6050 124.5565 0.0224 0.7656 -0.0366 0.6419
81.6561 580.8063 -1.7580 124.3062 0.0217 0.7658 -0.0372 0.6417
81.7597 582.2854 -1.9101 124.0464 0.0222 0.7656 -0.0364 0.6419
81.8635 583.7839 -2.0543 123.7905 0.0226 0.7656 -0.0367 0.6419
81.9671 585.2668 -2.2072 123.5578 0.0242 0.7655 -0.0365 0.6419
82.0708 586.7578 -2.3681 123.2951 0.0249 0.7651 -0.0366 0.6424
82.1745 588.1910 -2.5259 123.0293 0.0248 0.7645 -0.0363 0.6431
82.2782 589.7065 -2.6816 122.7801 0.0262 0.7641 -0.0340 0.6437
82.3820 591.2044 -2.8365 122.5169 0.0261 0.7636 -0.0339 0.6443
82.4857 592.6926 -2.9971 122.2747 0.0248 0.7632 -0.0344 0.6448
82.5894 594.1637 -3.1474 122.0329 0.0259 0.7627 -0.0333 0.6453
82.6931 595.6482 -3.2941 121.8136 0.0259 0.7627 -0.0336 0.6454
82.7969 597.1141 -3.4453 121.5739 0.0261 0.7623 -0.0333 0.6458
82.9006 598.5781 -3.6017 121.3408 0.0260 0.7623 -0.0332 0.6458
83.0042 600.0424 -3.7557 121.0938 0.0246 0.7621 -0.0345 0.6460
83.1078 601.5571 -3.9065 120.8667 0.0244 0.7621 -0.0345 0.6461
83.2116 603.0966 -4.0638 120.6307 0.0244 0.7621 -0.0337 0.6461
83.3152 604.5388 -4.2148 120.3793 0.0246 0.7618 -0.0325 0.6465
83.4190 606.0235 -4.3628 120.1333 0.0272 0.7616 -0.0298 0.6468
83.5226 607.5338 -4.5128 119.8975 0.0288 0.7612 -0.0297 0.6472
83.6262 609.0211 -4.6703 119.6666 0.0290 0.7610 -0.0312 0.6474
83.7300 610.4855 -4.8263 119.4314 0.0283 0.7608 -0.0320 0.6476
83.8336 611.9407 -4.9686 119.2045 0.0269 0.7605 -0.0324 0.6480
83.9373 613.3845 -5.1168 118.9993 0.0260 0.7602 -0.0327 0.6484
84.0410 614.9019 -5.2705 118.7608 0.0258 0.7600 -0.0332 0.6486
84.1447 616.3900 -5.4254 118.5262 0.0245 0.7597 -0.0344 0.6489
84.2484 617.8609 -5.5682 118.3180 0.0241 0.7594 -0.0346 0.6492
84.3521 619.3311 -5.7243 118.0929 0.0236 0.7596 -0.0343 0.6490
84.4557 620.8063 -5.8807 117.8727 0.0244 0.7597 -0.0338 0.6490
84.5594 622.2807 -6.0245 117.6480 0.0250 0.7597 -0.0336 0.6490
84.6630 623.7586 -6.1773 117.4283 0.0258 0.7597 -0.0328 0.6490
84.7667 625.2025 -6.3222 117.1986 0.0259 0.7593 -0.0317 0.6495
84.8703 626.6642 -6.4710 116.9779 0.0270 0.7587 -0.0317 0.6501
84.9740 628.1176 -6.6341 116.7550 0.0267 0.7584 -0.0344 0.6504
85.0777 629.5567 -6.7775 116.5458 0.0255 0.7578 -0.0350 0.6510
85.1813 631.0231 -6.9365 116.3531 0.0240 0.7577 -0.0353 0.6512
85.2851 632.4484 -7.0935 116.1408 0.0225 0.7576 -0.0350 0.6514
85.3887 633.9019 -7.2388 115.9315 0.0225 0.7573 -0.0335 0.6518
85.4925 635.2792 -7.3869 115.7299 0.0228 0.7574 -0.0322 0.6517
85.5961 636.6818 -7.5227 115.5394 0.0233 0.7574 -0.0318 0.6518
85.6997 638.0718 -7.6747 115.3408 0.0233 0.7575 -0.0325 0.6516
85.8034 639.4595 -7.8108 115.1340 0.0229 0.7579 -0.0325 0.6512
85.9071 640.8357 -7.9477 114.9472 0.0225 0.7582 -0.0328 0.6508
86.0108 642.2538 -8.1000 114.7338 0.0220 0.7584 -0.0332 0.6506
86.1145 643.5722 -8.2361 114.5397 0.0214 0.7586 -0.0330 0.6504
86.2182 644.8976 -8.3657 114.3523 0.0203 0.7589 -0.0320 0.6500
86.3218 646.1958 -8.4953 114.1488 0.0193 0.7593 -0.0312 0.6498
86.4256 647.4416 -8.6183 113.9851 0.0200 0.7594 -0.0310 0.6496
86.5292 648.6701 -8.7615 113.8031 0.0216 0.7595 -0.0323 0.6493
86.6330 649.8877 -8.8801 113.6126 0.0215 0.7597 -0.0331 0.6491
86.7367 651.0890 -9.0120 113.4351 0.0219 0.7595 -0.0316 0.6494
86.8403 652.2157 -9.1203 113.2533 0.0215 0.7590 -0.0301 0.6501
86.9441 653.3315 -9.2446 113.0822 0.0208 0.7586 -0.0305 0.6506
87.0477 654.4120 -9.3558 112.9402 0.0197 0.7582 -0.0306 0.6510
87.1514 655.4501 -9.4677 112.7643 0.0192 0.7574 -0.0294 0.6520
87.2550 656.4979 -9.5637 112.6216 0.0184 0.7566 -0.0276 0.6530
87.3587 657.4183 -9.6409 112.4936 0.0170 0.7564 -0.0279 0.6533
87.4625 658.3826 -9.7515 112.3709 0.0176 0.7561 -0.0276 0.6536
87.5662 659.2682 -9.8352 112.2334 0.0180 0.7559 -0.0288 0.6538
87.6699 660.1151 -9.9183 112.1397 0.0182 0.7559 -0.0289 0.6538
87.7736 660.9406 -10.0060 112.0222 0.0175 0.7559 -0.0295 0.6538
87.8773 661.6975 -10.0735 111.9180 0.0166 0.7570 -0.0305 0.6525
87.9812 662.4043 -10.1397 111.8177 0.0150 0.7596 -0.0321 0.6494
88.0852 663.0956 -10.2126 111.7095 0.0141 0.7653 -0.0333 0.6426
88.1892 663.7242 -10.2689 111.5871 0.0130 0.7727 -0.0350 0.6336
88.2933 664.3361 -10.3432 111.4532 0.0132 0.7817 -0.0358 0.6225
88.3975 664.9299 -10.3925 111.2865 0.0143 0.7919 -0.0368 0.6094
88.5016 665.5195 -10.4825 111.0753 0.0163 0.8034 -0.0368 0.5941
88.6058 666.0876 -10.5304 110.8532 0.0168 0.8164 -0.0368 0.5760
88.7101 666.6294 -10.5994 110.6022 0.0169 0.8306 -0.0365 0.5554
88.8143 667.1248 -10.6573 110.3395 0.0165 0.8451 -0.0357 0.5332
88.9186 667.6149 -10.7002 110.0222 0.0165 0.8595 -0.0351 0.5096
89.0228 668.0848 -10.7599 109.7350 0.0173 0.8744 -0.0351 0.4837
89.1271 668.5266 -10.8350 109.3550 0.0183 0.8890 -0.0359 0.4561
89.2313 668.8799 -10.8799 109.0047 0.0188 0.9035 -0.0374 0.4266
89.3356 669.2463 -10.9339 108.5995 0.0200 0.9169 -0.0394 0.3968
89.4396 669.5875 -10.9777 108.2047 0.0240 0.9291 -0.0395 0.3668
89.5437 669.8561 -11.0665 107.7823 0.0279 0.9405 -0.0384 0.3365
89.6478 670.1452 -11.1135 107.3213 0.0288 0.9509 -0.0379 0.3058
89.7518 670.3766 -11.1507 106.8942 0.0285 0.9604 -0.0379 0.2747
89.8558 670.5807 -11.1817 106.4066 0.0291 0.9687 -0.0375 0.2437
89.9597 670.7332 -11.2515 105.9567 0.0322 0.9761 -0.0364 0.2120
90.0637 670.8771 -11.3030 105.4445 0.0356 0.9822 -0.0373 0.1804
90.1676 671.0074 -11.3612 104.9229 0.0368 0.9874 -0.0404 0.1483
90.2715 671.1010 -11.4040 104.4269 0.0369 0.9917 -0.0439 0.1151
90.3755 671.1404 -11.4495 103.8642 0.0375 0.9949 -0.0456 0.0823
90.4793 671.1301 -11.4916 103.3529 0.0374 0.9971 -0.0445 0.0500
90.5831 671.1403 -11.5478 102.7786 0.0382 0.9982 -0.0440 0.0169
90.6870 671.0698 -11.6104 102.2032 0.0386 0.9981 -0.0448 -0.0169
90.7908 670.9957 -11.6550 101.6600 0.0391 0.9969 -0.0468 -0.0506
90.8946 670.8598 -11.7182 101.0936 0.0392 0.9944 -0.0491 -0.0846
90.9985 670.6868 -11.7622 100.5330 0.0393 0.9909 -0.0511 -0.1183
91.1021 670.4848 -11.8076 99.9622 0.0395 0.9865 -0.0524 -0.1502
91.2058 670.2235 -11.8711 99.3679 0.0410 0.9811 -0.0525 -0.1816
91.3095 669.9221 -11.9303 98.8528 0.0417 0.9753 -0.0531 -0.2102
91.4130 669.6273 -11.9824 98.2764 0.0427 0.9692 -0.0535 -0.2367
91.5166 669.2427 -12.0497 97.7018 0.0433 0.9629 -0.0549 -0.2606
91.6202 668.8857 -12.0980 97.1480 0.0437 0.9569 -0.0563 -0.2817
91.7237 668.4830 -12.1481 96.5852 0.0443 0.9512 -0.0572 -0.2998
91.8272 668.0058 -12.2144 96.0254 0.0450 0.9465 -0.0562 -0.3145
91.9306 667.5574 -12.2818 95.4917 0.0451 0.9426 -0.0538 -0.3266
92.0341 667.1041 -12.3380 94.9030 0.0437 0.9390 -0.0509 -0.3374
92.1377 666.5965 -12.3971 94.3351 0.0421 0.9356 -0.0490 -0.3471
92.2412 666.1064 -12.4440 93.7764 0.0406 0.9324 -0.0464 -0.3562
92.3449 665.5850 -12.5045 93.2221 0.0394 0.9288 -0.0438 -0.3658
92.4486 665.0628 -12.5596 92.6582 0.0361 0.9252 -0.0408 -0.3756
92.5522 664.5105 -12.6059 92.0788 0.0328 0.9213 -0.0370 -0.3857
92.6560 663.9203 -12.6443 91.5532 0.0317 0.9169 -0.0332 -0.3964
92.7597 663.3184 -12.6874 91.0039 0.0287 0.9124 -0.0284 -0.4072
92.8635 662.7210 -12.7223 90.4705 0.0260 0.9074 -0.0235 -0.4188
92.9672 662.0667 -12.7362 89.9509 0.0236 0.9020 -0.0208 -0.4306
93.0710 661.4229 -12.7843 89.4370 0.0224 0.8964 -0.0188 -0.4423
93.1747 660.7512 -12.7984 88.9782 0.0233 0.8904 -0.0174 -0.4543
93.2785 660.0672 -12.8166 88.5045 0.0242 0.8842 -0.0148 -0.4662
93.3821 659.3631 -12.8304 88.0342 0.0262 0.8781 -0.0131 -0.4776
93.4858 658.6621 -12.8368 87.6178 0.0284 0.8729 -0.0114 -0.4870
93.5895 657.9059 -12.8506 87.1762 0.0299 0.8685 -0.0100 -0.4948
93.6931 657.1364 -12.8502 86.7328 0.0299 0.8653 -0.0078 -0.5002
93.7967 656.4190 -12.8509 86.3264 0.0307 0.8636 -0.0052 -0.5032
93.9004 655.6569 -12.8559 85.8778 0.0307 0.8629 -0.0024 -0.5044
94.0040 654.9151 -12.8120 85.4354 0.0284 0.8626 0.0009 -0.5052
94.1076 654.1236 -12.8046 84.9861 0.0263 0.8628 0.0016 -0.5049
94.2113 653.3502 -12.8148 84.5186 0.0227 0.8634 0.0004 -0.5041
94.3150 652.5801 -12.8243 84.0434 0.0193 0.8645 -0.0017 -0.5023
94.4186 651.7980 -12.8309 83.5598 0.0172 0.8657 -0.0040 -0.5002
94.5222 650.9877 -12.8412 83.0853 0.0171 0.8674 -0.0052 -0.4974
94.6260 650.2110 -12.7980 82.6307 0.0184 0.8690 -0.0050 -0.4945
94.7297 649.3431 -12.8122 82.1368 0.0178 0.8701 -0.0054 -0.4925
94.8335 648.5763 -12.8339 81.6250 0.0137 0.8704 -0.0060 -0.4922
94.9372 647.7315 -12.8692 81.0793 0.0104 0.8704 -0.0068 -0.4922
95.0410 646.8797 -12.8664 80.5395 0.0106 0.8706 -0.0074 -0.4917
95.1447 646.0410 -12.8801 80.0607 0.0097 0.8709 -0.0066 -0.4913
95.2484 645.1920 -12.8830 79.5399 0.0119 0.8712 -0.0067 -0.4908
95.3521 644.3201 -12.9128 79.0282 0.0116 0.8718 -0.0046 -0.4898
95.4559 643.4241 -12.9018 78.4641 0.0153 0.8723 -0.0052 -0.4886
95.5595 642.5750 -12.9327 77.9293 0.0156 0.8731 -0.0047 -0.4873
95.6631 641.7743 -12.9493 77.4092 0.0173 0.8743 -0.0055 -0.4850
95.7669 640.8733 -12.9645 76.8410 0.0166 0.8752 -0.0046 -0.4834
95.8705 640.0317 -12.9613 76.3150 0.0183 0.8760 -0.0052 -0.4820
95.9742 639.1849 -12.9754 75.7672 0.0191 0.8770 -0.0057 -0.4800
96.0779 638.3798 -13.0042 75.2240 0.0177 0.8784 -0.0061 -0.4775
96.1816 637.5510 -13.0308 74.6821 0.0168 0.8790 -0.0061 -0.4764
96.2853 636.7191 -13.0288 74.1156 0.0192 0.8796 -0.0063 -0.4754
96.3891 635.8704 -13.0363 73.5478 0.0196 0.8800 -0.0057 -0.4745
96.4929 635.0321 -13.0537 72.9827 0.0190 0.8804 -0.0060 -0.4738
96.5966 634.2287 -13.0860 72.4346 0.0187 0.8805 -0.0073 -0.4735
96.7004 633.4417 -13.0808 71.8946 0.0192 0.8808 -0.0068 -0.4731
96.8040 632.6368 -13.0917 71.3650 0.0195 0.8806 -0.0049 -0.4735
96.9077 631.8566 -13.1101 70.8308 0.0197 0.8807 -0.0043 -0.4732
97.0115 631.0670 -13.1286 70.3215 0.0176 0.8807 -0.0046 -0.4733
97.1151 630.2654 -13.1307 69.7812 0.0194 0.8810 -0.0062 -0.4727
97.2189 629.5334 -13.1560 69.3077 0.0193 0.8814 -0.0055 -0.4719
97.3225 628.7327 -13.1540 68.7592 0.0199 0.8818 -0.0062 -0.4712
97.4262 627.9707 -13.1718 68.2427 0.0191 0.8824 -0.0066 -0.4701
97.5300 627.2542 -13.1890 67.7435 0.0179 0.8830 -0.0056 -0.4690
97.6337 626.5143 -13.2095 67.2187 0.0196 0.8838 -0.0043 -0.4675
97.7375 625.7955 -13.2308 66.7102 0.0200 0.8846 -0.0045 -0.4659
97.8412 625.0997 -13.2447 66.1834 0.0169 0.8851 -0.0048 -0.4651
97.9451 624.4091 -13.2474 65.7181 0.0171 0.8858 -0.0058 -0.4637
98.0487 623.7534 -13.2757 65.2718 0.0156 0.8863 -0.0044 -0.4629
98.1525 623.1109 -13.3098 64.8155 0.0157 0.8862 -0.0037 -0.4630
98.2562 622.4348 -13.3017 64.3272 0.0148 0.8865 -0.0041 -0.4624
98.3600 621.8480 -13.3128 63.8711 0.0134 0.8869 -0.0034 -0.4617
98.4637 621.2403 -13.3288 63.4564 0.0144 0.8872 -0.0028 -0.4611
98.5675 620.6626 -13.3440 63.0431 0.0170 0.8876 -0.0023 -0.4603
98.6712 620.1243 -13.3545 62.6502 0.0180 0.8883 -0.0011 -0.4590
98.7749 619.5955 -13.3704 62.2716 0.0178 0.8887 -0.0003 -0.4582
98.8786 619.1056 -13.3836 61.9008 0.0171 0.8891 -0.0001 -0.4573
98.9823 618.6304 -13.3800 61.5503 0.0169 0.8896 0.0002 -0.4565
99.0861 618.1692 -13.3934 61.2236 0.0167 0.8898 -0.0007 -0.4560
99.1897 617.7265 -13.4127 60.9177 0.0166 0.8901 -0.0011 -0.4555
99.2935 617.3252 -13.4203 60.6236 0.0173 0.8902 -0.0019 -0.4551
99.3972 616.9825 -13.4108 60.3500 0.0168 0.8907 -0.0026 -0.4543
99.5008 616.6318 -13.4186 60.0847 0.0154 0.8906 -0.0026 -0.4546
99.6046 616.3180 -13.4285 59.8430 0.0148 0.8906 -0.0018 -0.4546
99.7083 616.0290 -13.4384 59.6213 0.0159 0.8911 -0.0017 -0.4536
99.8120 615.7284 -13.4584 59.4371 0.0178 0.8913 -0.0027 -0.4530
99.9157 615.4594 -13.4546 59.2367 0.0185 0.8912 -0.0039 -0.4532
100.0193 615.2358 -13.4606 59.0447 0.0178 0.8913 -0.0040 -0.4530
100.1231 615.0167 -13.4620 58.8801 0.0171 0.8916 -0.0035 -0.4524
100.2267 614.8463 -13.4687 58.7394 0.0184 0.8917 -0.0036 -0.4521
100.3305 614.6247 -13.4756 58.6016 0.0189 0.8917 -0.0038 -0.4523
100.4341 614.4541 -13.4772 58.4725 0.0179 0.8917 -0.0052 -0.4523
100.5379 614.2735 -13.4796 58.3409 0.0174 0.8918 -0.0065 -0.4520
100.6415 614.1136 -13.4942 58.2277 0.0168 0.8917 -0.0069 -0.4522
100.7452 613.9538 -13.4985 58.0961 0.0177 0.8917 -0.0073 -0.4521
100.8489 613.8000 -13.5076 57.9686 0.0183 0.8919 -0.0074 -0.4517
100.9526 613.6363 -13.5040 57.8677 0.0185 0.8920 -0.0075 -0.4516
101.0562 613.4608 -13.5003 57.7438 0.0180 0.8918 -0.0078 -0.4519
101.1600 613.2939 -13.5000 57.6086 0.0166 0.8918 -0.0078 -0.4521
101.2636 613.1421 -13.5187 57.4827 0.0162 0.8919 -0.0081 -0.4519
101.3674 612.9528 -13.5225 57.3602 0.0170 0.8918 -0.0078 -0.4521
101.4710 612.8192 -13.5224 57.2577 0.0169 0.8919 -0.0072 -0.4519
101.5747 612.6242 -13.5254 57.1354 0.0178 0.8918 -0.0073 -0.4520
101.6784 612.4691 -13.5310 57.0168 0.0184 0.8918 -0.0076 -0.4521
101.7821 612.3384 -13.5432 56.8907 0.0180 0.8919 -0.0076 -0.4518
101.8859 612.1979 -13.5425 56.7894 0.0177 0.8920 -0.0077 -0.4516
101.9896 612.0401 -13.5395 56.7001 0.0178 0.8918 -0.0073 -0.4521
102.0932 611.8932 -13.5357 56.6044 0.0183 0.8919 -0.0072 -0.4519
102.1970 611.7642 -13.5413 56.4913 0.0188 0.8918 -0.0070 -0.4520
102.3007 611.6442 -13.5457 56.3940 0.0181 0.8918 -0.0066 -0.4521
102.4045 611.5198 -13.5534 56.2946 0.0181 0.8917 -0.0074 -0.4521
102.5083 611.3919 -13.5461 56.2080 0.0172 0.8917 -0.0076 -0.4522
102.6119 611.2853 -13.5520 56.1328 0.0179 0.8918 -0.0081 -0.4519
102.7156 611.1648 -13.5561 56.0668 0.0187 0.8917 -0.0085 -0.4521
102.8194 611.0582 -13.5614 55.9720 0.0189 0.8917 -0.0085 -0.4521
102.9230 610.9354 -13.5656 55.8680 0.0185 0.8918 -0.0070 -0.4520
103.0267 610.8077 -13.5601 55.7677 0.0173 0.8918 -0.0049 -0.4521
103.1305 610.7281 -13.5732 55.7119 0.0164 0.8917 -0.0050 -0.4523
103.2341 610.6144 -13.5815 55.6090 0.0165 0.8918 -0.0062 -0.4521
103.3379 610.5231 -13.5796 55.5536 0.0166 0.8918 -0.0069 -0.4521
103.4415 610.4358 -13.5853 55.4808 0.0161 0.8919 -0.0069 -0.4520
103.5452 610.3342 -13.5760 55.4070 0.0165 0.8919 -0.0072 -0.4518
103.6490 610.2152 -13.5781 55.3034 0.0160 0.8920 -0.0075 -0.4518
103.7526 610.0821 -13.5869 55.2213 0.0150 0.8922 -0.0077 -0.4513
103.8564 609.9553 -13.5971 55.1138 0.0149 0.8922 -0.0096 -0.4513
103.9601 609.8136 -13.5935 55.0142 0.0148 0.8925 -0.0113 -0.4507
104.0637 609.6623 -13.5963 54.8909 0.0143 0.8928 -0.0125 -0.4500
104.1674 609.4914 -13.5994 54.7490 0.0136 0.8934 -0.0132 -0.4488
104.2710 609.2604 -13.6042 54.5692 0.0127 0.8945 -0.0140 -0.4466
104.3746 609.0451 -13.6115 54.4147 0.0130 0.8956 -0.0147 -0.4444
104.4782 608.8033 -13.6222 54.2134 0.0135 0.8970 -0.0155 -0.4415
104.5820 608.5175 -13.6203 54.0022 0.0131 0.8984 -0.0173 -0.4387
104.6857 608.2567 -13.6271 53.7607 0.0128 0.9005 -0.0174 -0.4343
104.7894 607.9297 -13.6488 53.5321 0.0125 0.9024 -0.0177 -0.4304
104.8930 607.6411 -13.6518 53.2509 0.0150 0.9047 -0.0189 -0.4254
104.9967 607.3066 -13.6742 52.9698 0.0166 0.9067 -0.0185 -0.4211
105.1005 606.9392 -13.6901 52.6479 0.0173 0.9088 -0.0172 -0.4166
105.2041 606.5897 -13.6943 52.3231 0.0165 0.9111 -0.0182 -0.4114
105.3077 606.2125 -13.7090 51.9641 0.0156 0.9131 -0.0186 -0.4071
105.4115 605.8172 -13.7250 51.6127 0.0173 0.9151 -0.0168 -0.4025
105.5153 605.4336 -13.7429 51.2287 0.0202 0.9170 -0.0160 -0.3981
105.6189 605.0382 -13.7616 50.8176 0.0202 0.9189 -0.0146 -0.3938
105.7226 604.6298 -13.7721 50.4236 0.0180 0.9202 -0.0119 -0.3910
105.8265 604.2123 -13.7868 49.9866 0.0192 0.9214 -0.0103 -0.3880
105.9302 603.7581 -13.7863 49.5335 0.0164 0.9225 -0.0092 -0.3855
106.0341 603.3122 -13.8046 49.0609 0.0155 0.9227 -0.0079 -0.3851
106.1379 602.8533 -13.7945 48.5809 0.0135 0.9231 -0.0060 -0.3842
106.2417 602.3812 -13.8136 48.1010 0.0142 0.9236 -0.0058 -0.3830
106.3455 601.8765 -13.8089 47.6071 0.0141 0.9239 -0.0060 -0.3824
106.4492 601.3609 -13.8426 47.0753 0.0147 0.9241 -0.0066 -0.3818
106.5530 600.8508 -13.8592 46.5579 0.0102 0.9247 -0.0083 -0.3804
106.6568 600.3567 -13.8525 46.0130 0.0069 0.9249 -0.0101 -0.3800
106.7605 599.8142 -13.8836 45.4355 0.0055 0.9252 -0.0125 -0.3791
106.8642 599.2626 -13.8975 44.8737 0.0087 0.9256 -0.0135 -0.3783
106.9680 598.7020 -13.9215 44.2853 0.0096 0.9258 -0.0121 -0.3776
107.0718 598.1383 -13.9435 43.6763 0.0080 0.9260 -0.0104 -0.3772
107.1755 597.5548 -13.9632 43.0798 0.0073 0.9265 -0.0088 -0.3760
107.2791 596.9583 -13.9771 42.4340 0.0074 0.9270 -0.0090 -0.3749
107.3829 596.3267 -14.0009 41.7901 0.0097 0.9273 -0.0095 -0.3740
107.4865 595.7350 -14.0172 41.1686 0.0095 0.9281 -0.0083 -0.3722
107.5902 595.1274 -14.0355 40.4963 0.0101 0.9289 -0.0085 -0.3701
107.6939 594.4906 -14.0610 39.8307 0.0109 0.9301 -0.0079 -0.3669
107.7976 593.8925 -14.0791 39.1601 0.0139 0.9310 -0.0080 -0.3648
107.9012 593.2698 -14.1074 38.4520 0.0144 0.9320 -0.0080 -0.3622
108.0050 592.6692 -14.1137 37.7957 0.0138 0.9327 -0.0088 -0.3602
108.1087 592.0502 -14.1363 37.1120 0.0126 0.9333 -0.0103 -0.3587
108.2125 591.4242 -14.1698 36.4290 0.0104 0.9337 -0.0105 -0.3578
108.3162 590.8247 -14.2163 35.7238 0.0105 0.9334 -0.0116 -0.3585
108.4200 590.2052 -14.2232 35.0323 0.0071 0.9332 -0.0111 -0.3590
108.5237 589.6089 -14.2615 34.3331 0.0065 0.9328 -0.0109 -0.3601
108.6275 589.0078 -14.2897 33.6413 0.0066 0.9326 -0.0106 -0.3608
108.7312 588.3766 -14.3136 32.9655 0.0076 0.9322 -0.0107 -0.3618
108.8351 587.7631 -14.3540 32.2957 0.0083 0.9317 -0.0104 -0.3629
108.9389 587.1405 -14.3659 31.6137 0.0080 0.9314 -0.0115 -0.3638
109.0426 586.4965 -14.4031 30.9197 0.0075 0.9310 -0.0122 -0.3647
109.1464 585.8635 -14.4426 30.2249 0.0078 0.9303 -0.0122 -0.3664
109.2501 585.2238 -14.4716 29.5329 0.0077 0.9297 -0.0123 -0.3680
109.3539 584.6036 -14.5014 28.8671 0.0070 0.9295 -0.0120 -0.3685
109.4576 583.9601 -14.5437 28.1665 0.0078 0.9287 -0.0128 -0.3704
109.5612 583.3193 -14.5717 27.4855 0.0077 0.9285 -0.0134 -0.3711
109.6650 582.6597 -14.6137 26.8138 0.0078 0.9280 -0.0146 -0.3723
109.7687 582.0028 -14.6410 26.1162 0.0074 0.9278 -0.0144 -0.3728
109.8724 581.3537 -14.6826 25.4206 0.0076 0.9277 -0.0145 -0.3730
109.9761 580.6870 -14.7200 24.7167 0.0079 0.9276 -0.0138 -0.3732
110.0797 580.0181 -14.7598 24.0170 0.0077 0.9276 -0.0139 -0.3732
110.1835 579.3535 -14.7999 23.3143 0.0073 0.9277 -0.0141 -0.3729
110.2872 578.7001 -14.8413 22.6139 0.0065 0.9280 -0.0146 -0.3723
110.3909 578.0350 -14.8710 21.9120 0.0072 0.9283 -0.0144 -0.3715
110.4946 577.3727 -14.9138 21.2039 0.0070 0.9284 -0.0142 -0.3712
110.5982 576.7084 -14.9405 20.4921 0.0055 0.9288 -0.0148 -0.3702
110.7020 576.0461 -14.9952 19.7761 0.0055 0.9290 -0.0168 -0.3696
110.8056 575.3932 -15.0471 19.0468 0.0050 0.9294 -0.0171 -0.3687
110.9092 574.7192 -15.0843 18.3277 0.0047 0.9300 -0.0155 -0.3673
111.0129 574.0658 -15.1322 17.5994 0.0056 0.9304 -0.0139 -0.3662
111.1166 573.4056 -15.1591 16.9085 0.0056 0.9307 -0.0129 -0.3655
111.2202 572.7463 -15.2064 16.1571 0.0064 0.9309 -0.0133 -0.3651
111.3240 572.0823 -15.2408 15.4651 0.0048 0.9314 -0.0134 -0.3637
111.4276 571.4575 -15.2812 14.7842 0.0057 0.9317 -0.0142 -0.3628
111.5314 570.8181 -15.3276 14.0779 0.0067 0.9323 -0.0150 -0.3614
111.6350 570.2096 -15.3716 13.3855 0.0057 0.9326 -0.0159 -0.3606
111.7387 569.5652 -15.4121 12.6660 0.0061 0.9330 -0.0171 -0.3595
111.8424 568.9360 -15.4696 11.9522 0.0056 0.9334 -0.0163 -0.3584
111.9461 568.3278 -15.5108 11.2613 0.0052 0.9338 -0.0139 -0.3575
112.0497 567.6993 -15.5281 10.5683 0.0056 0.9339 -0.0122 -0.3572
112.1535 567.0928 -15.5807 9.8557 0.0047 0.9339 -0.0119 -0.3574
112.2571 566.4996 -15.6234 9.1821 0.0022 0.9336 -0.0126 -0.3581
112.3609 565.8991 -15.6656 8.4892 0.0019 0.9334 -0.0138 -0.3586
112.4646 565.3014 -15.7030 7.8421 0.0034 0.9330 -0.0152 -0.3595
112.5682 564.6859 -15.7387 7.1394 0.0063 0.9326 -0.0159 -0.3605
112.6720 564.0674 -15.7865 6.4638 0.0069 0.9322 -0.0167 -0.3616
112.7756 563.4882 -15.8222 5.8597 0.0080 0.9318 -0.0172 -0.3626
112.8794 562.8727 -15.8584 5.1929 0.0083 0.9313 -0.0173 -0.3638
112.9830 562.2868 -15.9107 4.5261 0.0076 0.9309 -0.0181 -0.3647
113.0867 561.7177 -15.9412 3.9094 0.0058 0.9304 -0.0199 -0.3660
113.1905 561.1673 -16.0143 3.2979 0.0032 0.9299 -0.0230 -0.3672
113.2941 560.6184 -16.0641 2.7115 0.0008 0.9294 -0.0253 -0.3682
113.3978 560.0885 -16.1180 2.1147 -0.0001 0.9291 -0.0260 -0.3689
113.5015 559.5610 -16.1696 1.5703 0.0009 0.9289 -0.0247 -0.3696
113.6052 559.0296 -16.2085 1.0223 0.0034 0.9286 -0.0241 -0.3702
113.7090 558.5536 -16.2715 0.4876 0.0043 0.9285 -0.0246 -0.3704
113.8126 558.0650 -16.3019 -0.0373 0.0064 0.9284 -0.0263 -0.3706
113.9164 557.6408 -16.3841 -0.4634 0.0060 0.9285 -0.0288 -0.3702
114.0201 557.1994 -16.4373 -0.9503 0.0048 0.9284 -0.0300 -0.3704
114.1239 556.7629 -16.4690 -1.4137 0.0043 0.9284 -0.0299 -0.3704
114.2276 556.3715 -16.5093 -1.8345 0.0044 0.9286 -0.0293 -0.3700
114.3314 555.9874 -16.5677 -2.2494 0.0048 0.9288 -0.0288 -0.3695
114.4350 555.6380 -16.5980 -2.6126 0.0055 0.9287 -0.0300 -0.3696
114.5387 555.2822 -16.6476 -3.0129 0.0018 0.9284 -0.0307 -0.3703
114.6425 554.9427 -16.6856 -3.3956 0.0003 0.9284 -0.0313 -0.3702
114.7463 554.6047 -16.7165 -3.7715 0.0001 0.9284 -0.0311 -0.3702
114.8500 554.2547 -16.7579 -4.1219 -0.0005 0.9285 -0.0298 -0.3702
114.9538 553.9131 -16.8018 -4.4718 -0.0014 0.9285 -0.0286 -0.3703
115.0574 553.6005 -16.8387 -4.8421 -0.0013 0.9283 -0.0282 -0.3706
115.1611 553.3224 -16.8670 -5.1335 -0.0010 0.9283 -0.0281 -0.3707
115.2649 553.0331 -16.9143 -5.4672 -0.0011 0.9282 -0.0280 -0.3710
115.3686 552.7065 -16.9320 -5.7566 0.0012 0.9281 -0.0292 -0.3712
115.4724 552.4089 -16.9750 -6.0922 0.0018 0.9280 -0.0294 -0.3715
115.5761 552.1135 -16.9975 -6.3774 0.0023 0.9280 -0.0297 -0.3714
115.6797 551.8384 -17.0239 -6.6670 0.0026 0.9280 -0.0297 -0.3714
115.7835 551.5693 -17.0580 -6.9530 0.0025 0.9280 -0.0302 -0.3714
115.8871 551.3196 -17.0742 -7.2196 0.0026 0.9281 -0.0306 -0.3710
115.9909 551.0606 -17.1034 -7.4794 0.0026 0.9282 -0.0311 -0.3708
116.0946 550.8346 -17.1407 -7.7375 0.0025 0.9282 -0.0320 -0.3706
116.1983 550.5887 -17.1680 -7.9801 0.0018 0.9284 -0.0333 -0.3701
116.3020 550.3910 -17.2014 -8.2136 0.0034 0.9286 -0.0358 -0.3693
116.4056 550.1827 -17.2287 -8.4332 0.0054 0.9289 -0.0377 -0.3685
116.5094 549.9430 -17.2483 -8.6727 0.0055 0.9293 -0.0381 -0.3673
116.6133 549.7584 -17.2790 -8.8780 0.0056 0.9300 -0.0385 -0.3655
116.7167 549.5728 -17.2949 -9.0700 0.0050 0.9306 -0.0389 -0.3640
116.8205 549.3793 -17.3241 -9.3207 0.0026 0.9307 -0.0387 -0.3636
116.9242 549.2203 -17.3476 -9.5218 0.0003 0.9313 -0.0378 -0.3623
117.0280 549.0659 -17.3626 -9.6729 0.0003 0.9318 -0.0377 -0.3611
117.1316 548.9254 -17.3784 -9.8205 0.0019 0.9324 -0.0385 -0.3594
117.2354 548.7578 -17.4091 -9.9738 0.0022 0.9327 -0.0386 -0.3587
117.3391 548.6318 -17.4315 -10.1305 0.0021 0.9328 -0.0389 -0.3583
117.4429 548.5564 -17.4546 -10.2612 0.0020 0.9330 -0.0397 -0.3578
117.5467 548.4210 -17.4688 -10.4085 0.0013 0.9328 -0.0406 -0.3580
117.6504 548.3163 -17.4867 -10.5176 0.0009 0.9328 -0.0412 -0.3582
117.7540 548.2105 -17.4957 -10.6217 0.0006 0.9326 -0.0417 -0.3586
117.8577 548.1114 -17.5089 -10.7166 0.0006 0.9325 -0.0421 -0.3586
117.9615 548.0170 -17.5263 -10.8452 0.0003 0.9325 -0.0428 -0.3587
118.0651 547.9521 -17.5275 -10.9155 0.0001 0.9327 -0.0432 -0.3581
118.1689 547.8662 -17.5370 -10.9928 0.0002 0.9327 -0.0430 -0.3580
118.2725 547.7842 -17.5568 -11.0972 -0.0001 0.9327 -0.0434 -0.3579
118.3763 547.7401 -17.5654 -11.1639 -0.0005 0.9329 -0.0436 -0.3576
118.4799 547.6767 -17.5796 -11.2375 -0.0008 0.9330 -0.0439 -0.3571
118.5836 547.6361 -17.5843 -11.2801 -0.0011 0.9332 -0.0440 -0.3567
118.6872 547.5838 -17.5953 -11.3459 -0.0010 0.9332 -0.0440 -0.3567
118.7910 547.5175 -17.6066 -11.4165 -0.0009 0.9333 -0.0442 -0.3564
118.8948 547.4550 -17.6085 -11.4659 -0.0013 0.9333 -0.0446 -0.3563
118.9985 547.4250 -17.6131 -11.5358 -0.0014 0.9333 -0.0447 -0.3563
119.1021 547.3571 -17.6236 -11.5926 -0.0015 0.9334 -0.0447 -0.3561
119.2059 547.3160 -17.6270 -11.6317 -0.0017 0.9334 -0.0450 -0.3561
119.3096 547.2897 -17.6331 -11.6666 -0.0016 0.9334 -0.0450 -0.3559
119.4132 547.2572 -17.6315 -11.7067 -0.0017 0.9335 -0.0453 -0.3557
119.5170 547.2334 -17.6356 -11.7239 -0.0018 0.9335 -0.0452 -0.3556
119.6207 547.1967 -17.6392 -11.7552 -0.0019 0.9336 -0.0455 -0.3553
119.7244 547.1748 -17.6512 -11.8073 -0.0021 0.9335 -0.0459 -0.3556
119.8281 547.1361 -17.6629 -11.8569 -0.0021 0.9334 -0.0459 -0.3559
119.9319 547.0984 -17.6644 -11.8845 -0.0022 0.9334 -0.0461 -0.3559
120.0355 547.0917 -17.6681 -11.8796 -0.0020 0.9336 -0.0460 -0.3555
120.1392 547.0944 -17.6621 -11.8966 -0.0022 0.9336 -0.0462 -0.3554
120.2429 547.0663 -17.6710 -11.9157 -0.0023 0.9336 -0.0461 -0.3553
120.3466 547.0584 -17.6682 -11.9315 -0.0024 0.9336 -0.0463 -0.3553
120.4502 547.0520 -17.6685 -11.9448 -0.0026 0.9336 -0.0465 -0.3553
120.5540 547.0427 -17.6711 -11.9566 -0.0027 0.9336 -0.0466 -0.3554
120.6576 547.0380 -17.6744 -11.9751 -0.0028 0.9337 -0.0468 -0.3550
120.7614 547.0247 -17.6803 -11.9606 -0.0030 0.9338 -0.0472 -0.3548
120.8650 547.0245 -17.6730 -11.9766 -0.0033 0.9337 -0.0475 -0.3550
120.9686 547.0110 -17.6779 -11.9933 -0.0032 0.9337 -0.0476 -0.3549
121.0724 546.9665 -17.6886 -12.0169 -0.0032 0.9337 -0.0476 -0.3548
121.1760 546.9733 -17.6815 -12.0213 -0.0032 0.9338 -0.0474 -0.3546
121.2797 546.9584 -17.6978 -12.0499 -0.0031 0.9337 -0.0474 -0.3548
121.3834 546.9374 -17.6943 -12.0806 -0.0031 0.9338 -0.0474 -0.3547
121.4871 546.9146 -17.6984 -12.1241 -0.0031 0.9337 -0.0474 -0.3548
121.5909 546.8763 -17.7113 -12.1510 -0.0030 0.9337 -0.0472 -0.3549
121.6945 546.8366 -17.7149 -12.1915 -0.0029 0.9337 -0.0470 -0.3551
121.7982 546.8165 -17.7090 -12.2151 -0.0029 0.9338 -0.0469 -0.3548
121.9020 546.7722 -17.7195 -12.2732 -0.0030 0.9337 -0.0468 -0.3549
122.0056 546.7348 -17.7247 -12.3076 -0.0031 0.9337 -0.0470 -0.3548
122.1094 546.6961 -17.7291 -12.3480 -0.0030 0.9338 -0.0467 -0.3548
122.2131 546.6487 -17.7290 -12.4024 -0.0032 0.9338 -0.0469 -0.3546
122.3168 546.5936 -17.7471 -12.4450 -0.0032 0.9338 -0.0471 -0.3547
122.4205 546.5305 -17.7562 -12.5034 -0.0030 0.9339 -0.0471 -0.3545
122.5243 546.4792 -17.7658 -12.5918 -0.0032 0.9337 -0.0473 -0.3548
122.6280 546.4168 -17.7760 -12.6642 -0.0031 0.9337 -0.0472 -0.3548
122.7316 546.3421 -17.7871 -12.7372 -0.0030 0.9337 -0.0473 -0.3548
122.8352 546.3208 -17.7983 -12.8209 -0.0028 0.9339 -0.0470 -0.3545
122.9390 546.2525 -17.8053 -12.8832 -0.0030 0.9339 -0.0469 -0.3544
123.0426 546.1738 -17.8230 -12.9860 -0.0029 0.9339 -0.0469 -0.3546
123.1462 546.0875 -17.8328 -13.0313 -0.0032 0.9339 -0.0470 -0.3544
123.2500 546.0102 -17.8466 -13.1340 -0.0031 0.9338 -0.0472 -0.3546
123.3536 545.9560 -17.8570 -13.1983 -0.0029 0.9338 -0.0472 -0.3546
123.4574 545.8658 -17.8658 -13.2885 -0.0016 0.9338 -0.0476 -0.3546
123.5610 545.7969 -17.8799 -13.3833 -0.0005 0.9339 -0.0478 -0.3544
123.6648 545.6990 -17.8955 -13.4771 0.0001 0.9337 -0.0480 -0.3548
123.7685 545.6368 -17.9049 -13.5591 0.0008 0.9338 -0.0475 -0.3547
123.8721 545.5663 -17.9137 -13.6492 0.0005 0.9338 -0.0473 -0.3547
123.9759 545.5052 -17.9356 -13.7108 0.0004 0.9339 -0.0473 -0.3543
124.0796 545.4259 -17.9368 -13.8005 0.0006 0.9337 -0.0474 -0.3549
124.1832 545.3869 -17.9482 -13.8481 0.0011 0.9341 -0.0471 -0.3540
124.2870 545.3337 -17.9527 -13.9070 0.0011 0.9341 -0.0466 -0.3539
124.3906 545.2797 -17.9509 -13.9505 0.0011 0.9342 -0.0459 -0.3538
124.4944 545.2421 -17.9806 -14.0217 0.0006 0.9344 -0.0461 -0.3533
