0.0000 -0.0000 0.0000 0.0000 0.0000 -0.0000 -0.0000 1.0000
0.1039 -0.0725 -0.0074 0.0183 0.0002 0.0071 -0.0001 1.0000
0.2077 -0.0636 -0.0103 0.0192 0.0002 0.0152 -0.0009 0.9999
0.3119 0.0085 0.0100 0.4199 -0.0006 0.0319 -0.0026 0.9995
0.4159 0.0352 0.0132 0.5334 -0.0016 0.0479 -0.0022 0.9989
0.5200 0.1553 0.0133 0.8215 -0.0025 0.0675 -0.0010 0.9977
0.6241 0.1629 -0.0130 0.9076 -0.0028 0.0864 0.0010 0.9963
0.7282 0.2812 -0.0027 1.1880 -0.0032 0.1087 0.0010 0.9941
0.8325 0.3747 0.0070 1.3453 -0.0050 0.1329 0.0006 0.9911
0.9366 0.5417 0.0248 1.6381 -0.0081 0.1577 0.0018 0.9875
1.0408 0.6406 0.0006 1.8274 -0.0115 0.1824 0.0059 0.9831
1.1449 0.8124 -0.0063 2.0592 -0.0136 0.2093 0.0081 0.9777
1.2490 1.0122 -0.0018 2.3023 -0.0153 0.2371 0.0084 0.9713
1.3531 1.1651 0.0286 2.5044 -0.0175 0.2653 0.0084 0.9640
1.4571 1.4049 0.0266 2.7625 -0.0193 0.2940 0.0102 0.9556
1.5611 1.6252 0.0269 2.9486 -0.0203 0.3226 0.0124 0.9462
1.6651 1.8940 0.0350 3.1582 -0.0211 0.3506 0.0140 0.9362
1.7690 2.1959 0.0452 3.3916 -0.0211 0.3779 0.0154 0.9255
1.8729 2.4878 0.0530 3.5852 -0.0214 0.4045 0.0158 0.9142
1.9768 2.8420 0.0850 3.8269 -0.0228 0.4302 0.0149 0.9023
2.0805 3.1712 0.1029 4.0303 -0.0237 0.4537 0.0145 0.8907
2.1841 3.5612 0.1269 4.2278 -0.0243 0.4754 0.0143 0.8793
2.2879 3.9912 0.1339 4.4408 -0.0251 0.4951 0.0151 0.8684
2.3915 4.3776 0.1576 4.6407 -0.0256 0.5136 0.0143 0.8575
2.4951 4.8343 0.1834 4.8132 -0.0250 0.5312 0.0140 0.8468
2.5988 5.3522 0.1984 5.0026 -0.0232 0.5464 0.0141 0.8371
2.7023 5.8600 0.2255 5.1747 -0.0210 0.5601 0.0143 0.8280
2.8059 6.3965 0.2489 5.3663 -0.0194 0.5715 0.0142 0.8203
2.9094 6.9785 0.2710 5.5428 -0.0184 0.5803 0.0144 0.8141
3.0129 7.5592 0.2998 5.7008 -0.0180 0.5863 0.0150 0.8097
3.1165 8.1691 0.3190 5.9114 -0.0181 0.5917 0.0159 0.8058
3.2201 8.7955 0.3530 6.0943 -0.0192 0.5963 0.0162 0.8023
3.3237 9.4796 0.3851 6.2865 -0.0204 0.6005 0.0162 0.7992
3.4274 10.1660 0.4127 6.4758 -0.0213 0.6050 0.0166 0.7957
3.5310 10.8584 0.4454 6.6684 -0.0224 0.6092 0.0170 0.7925
3.6348 11.5941 0.4710 6.8476 -0.0230 0.6133 0.0176 0.7894
3.7384 12.3933 0.5021 7.0418 -0.0236 0.6174 0.0178 0.7861
3.8421 13.1591 0.5399 7.2250 -0.0251 0.6215 0.0184 0.7828
3.9458 13.9208 0.5851 7.3803 -0.0271 0.6260 0.0190 0.7792
4.0495 14.6982 0.6226 7.5660 -0.0284 0.6312 0.0204 0.7749
4.1532 15.4814 0.6654 7.7092 -0.0295 0.6359 0.0209 0.7709
4.2570 16.3062 0.6983 7.8564 -0.0298 0.6411 0.0211 0.7666
4.3608 17.0926 0.7387 7.9782 -0.0298 0.6470 0.0205 0.7617
4.4645 17.8835 0.7797 8.0878 -0.0296 0.6533 0.0199 0.7563
4.5684 18.7031 0.8099 8.2016 -0.0297 0.6612 0.0187 0.7494
4.6723 19.5363 0.8551 8.2741 -0.0303 0.6707 0.0170 0.7409
4.7761 20.3678 0.8993 8.3322 -0.0312 0.6813 0.0157 0.7311
4.8801 21.2076 0.9409 8.3694 -0.0316 0.6938 0.0150 0.7193
4.9841 22.0464 0.9761 8.3637 -0.0315 0.7061 0.0142 0.7073
5.0881 22.8900 1.0076 8.3132 -0.0311 0.7180 0.0137 0.6952
5.1920 23.7065 1.0380 8.2354 -0.0307 0.7295 0.0125 0.6832
5.2959 24.5381 1.0788 8.1592 -0.0299 0.7407 0.0106 0.6711
5.3998 25.3831 1.1073 8.0391 -0.0271 0.7516 0.0102 0.6590
5.5036 26.2451 1.1195 7.8958 -0.0235 0.7620 0.0099 0.6470
5.6074 27.0888 1.1429 7.7290 -0.0191 0.7721 0.0102 0.6352
5.7113 27.8910 1.1489 7.4961 -0.0154 0.7812 0.0104 0.6240
5.8150 28.7198 1.1779 7.3197 -0.0101 0.7901 0.0117 0.6128
5.9188 29.5148 1.1741 7.0596 -0.0050 0.7986 0.0102 0.6018
6.0224 30.3126 1.1653 6.7724 0.0010 0.8063 0.0057 0.5914
6.1261 31.0763 1.1331 6.4668 0.0063 0.8138 -0.0012 0.5811
6.2298 31.8713 1.1028 6.1898 0.0103 0.8214 -0.0081 0.5702
6.3335 32.6382 1.0664 5.8997 0.0147 0.8289 -0.0112 0.5591
6.4371 33.4171 1.0240 5.5441 0.0172 0.8360 -0.0118 0.5484
6.5409 34.1254 0.9713 5.2043 0.0174 0.8428 -0.0109 0.5378
6.6445 34.8925 0.9418 4.8299 0.0176 0.8488 -0.0075 0.5283
6.7483 35.5948 0.9122 4.4062 0.0192 0.8542 -0.0035 0.5196
6.8519 36.3251 0.8632 4.0251 0.0203 0.8582 -0.0022 0.5128
6.9555 37.0019 0.8061 3.6303 0.0220 0.8615 -0.0024 0.5073
7.0590 37.7248 0.7622 3.2332 0.0231 0.8643 -0.0032 0.5025
7.1628 38.4278 0.7041 2.8534 0.0211 0.8674 -0.0057 0.4971
7.2664 39.1003 0.6971 2.4173 0.0202 0.8706 -0.0060 0.4915
7.3701 39.7736 0.6483 1.9978 0.0211 0.8731 -0.0057 0.4871
7.4738 40.4528 0.6060 1.5698 0.0230 0.8752 -0.0052 0.4831
7.5774 41.1523 0.5706 1.1149 0.0242 0.8763 -0.0066 0.4812
7.6810 41.8631 0.5191 0.6662 0.0243 0.8760 -0.0078 0.4816
7.7847 42.6010 0.4822 0.2188 0.0253 0.8753 -0.0069 0.4829
7.8883 43.3494 0.4404 -0.2320 0.0247 0.8735 -0.0072 0.4861
7.9919 44.0846 0.3954 -0.6830 0.0236 0.8715 -0.0075 0.4897
8.0956 44.8831 0.3498 -1.1617 0.0230 0.8694 -0.0081 0.4934
8.1994 45.7078 0.2960 -1.5999 0.0218 0.8677 -0.0087 0.4966
8.3031 46.5090 0.2525 -2.0652 0.0200 0.8663 -0.0096 0.4990
8.4070 47.3406 0.2166 -2.5318 0.0178 0.8659 -0.0106 0.4998
8.5108 48.1810 0.1713 -3.0281 0.0164 0.8660 -0.0108 0.4996
8.6146 49.0198 0.1252 -3.4934 0.0155 0.8663 -0.0109 0.4992
8.7184 49.9101 0.0692 -4.0021 0.0154 0.8665 -0.0106 0.4989
8.8221 50.7632 0.0338 -4.5156 0.0151 0.8663 -0.0102 0.4991
8.9259 51.6648 -0.0085 -5.0242 0.0152 0.8664 -0.0097 0.4990
9.0296 52.5594 -0.0699 -5.5264 0.0148 0.8666 -0.0097 0.4987
9.1335 53.4460 -0.1127 -6.0367 0.0139 0.8666 -0.0098 0.4987
9.2373 54.3553 -0.1657 -6.5275 0.0137 0.8668 -0.0097 0.4983
9.3410 55.2448 -0.2170 -7.0559 0.0130 0.8665 -0.0098 0.4989
9.4448 56.1351 -0.2757 -7.5697 0.0124 0.8662 -0.0095 0.4995
9.5485 57.0585 -0.3287 -8.0790 0.0120 0.8656 -0.0081 0.5005
9.6522 57.9633 -0.3724 -8.5835 0.0118 0.8649 -0.0071 0.5018
9.7559 58.8318 -0.4280 -9.1137 0.0114 0.8641 -0.0069 0.5032
9.8596 59.7291 -0.4796 -9.6226 0.0117 0.8635 -0.0068 0.5042
9.9635 60.6017 -0.5272 -10.0899 0.0117 0.8632 -0.0071 0.5047
10.0673 61.4943 -0.5664 -10.6072 0.0119 0.8633 -0.0079 0.5045
10.1711 62.3585 -0.6057 -11.0781 0.0122 0.8642 -0.0093 0.5029
10.2750 63.2666 -0.6623 -11.5459 0.0121 0.8655 -0.0103 0.5006
10.3789 64.1407 -0.7023 -12.0708 0.0117 0.8671 -0.0097 0.4979
10.4828 64.9940 -0.7666 -12.5755 0.0119 0.8686 -0.0072 0.4954
10.5865 65.8802 -0.8153 -13.0918 0.0104 0.8702 -0.0076 0.4924
10.6904 66.6739 -0.8593 -13.5904 0.0114 0.8715 -0.0081 0.4902
10.7941 67.5028 -0.8993 -14.1262 0.0120 0.8730 -0.0091 0.4875
10.8980 68.3911 -0.9512 -14.6358 0.0119 0.8744 -0.0099 0.4849
11.0017 69.1874 -1.0012 -15.1453 0.0115 0.8756 -0.0108 0.4827
11.1054 69.9996 -1.0661 -15.6582 0.0110 0.8765 -0.0106 0.4811
11.2091 70.8106 -1.0988 -16.1900 0.0099 0.8772 -0.0062 0.4800
11.3129 71.6525 -1.1311 -16.7378 0.0081 0.8778 -0.0017 0.4790
11.4166 72.4537 -1.1449 -17.2393 0.0079 0.8785 -0.0000 0.4777
11.5204 73.2685 -1.2020 -17.7316 0.0084 0.8786 -0.0026 0.4774
11.6240 74.0875 -1.2549 -18.2671 0.0098 0.8789 -0.0052 0.4769
11.7278 74.8971 -1.2814 -18.8061 0.0133 0.8791 -0.0045 0.4765
11.8315 75.6914 -1.3070 -19.3160 0.0148 0.8791 -0.0032 0.4764
11.9353 76.4872 -1.3575 -19.8462 0.0136 0.8789 -0.0019 0.4768
12.0389 77.2737 -1.3638 -20.3646 0.0119 0.8788 -0.0001 0.4771
12.1426 78.0900 -1.4068 -20.8659 0.0099 0.8785 0.0018 0.4777
12.2464 78.9226 -1.4407 -21.3989 0.0051 0.8784 0.0007 0.4779
12.3501 79.6891 -1.4662 -21.8538 0.0013 0.8780 -0.0010 0.4787
12.4539 80.4652 -1.4757 -22.3519 0.0029 0.8775 0.0006 0.4795
12.5576 81.2975 -1.5033 -22.8915 0.0052 0.8766 0.0016 0.4813
12.6614 82.0345 -1.5259 -23.3464 0.0063 0.8752 0.0005 0.4837
12.7651 82.8661 -1.5557 -23.8441 0.0079 0.8729 0.0019 0.4878
12.8688 83.6511 -1.6020 -24.3213 0.0108 0.8705 0.0043 0.4921
12.9724 84.4380 -1.6025 -24.7871 0.0109 0.8678 0.0041 0.4968
13.0762 85.2901 -1.6257 -25.2708 0.0087 0.8645 0.0033 0.5025
13.1799 86.0904 -1.6492 -25.7491 0.0083 0.8613 0.0055 0.5080
13.2837 86.9110 -1.6683 -26.1570 0.0078 0.8579 0.0059 0.5137
13.3874 87.7384 -1.6861 -26.5588 0.0075 0.8543 0.0060 0.5197
13.4911 88.5710 -1.7017 -26.9495 0.0091 0.8508 0.0069 0.5253
13.5949 89.4086 -1.7351 -27.3559 0.0095 0.8472 0.0051 0.5311
13.6988 90.2359 -1.7518 -27.7396 0.0132 0.8439 0.0015 0.5364
13.8025 91.0560 -1.7711 -28.0963 0.0150 0.8402 -0.0003 0.5421
13.9063 91.8962 -1.7909 -28.5058 0.0129 0.8366 -0.0001 0.5477
14.0100 92.7709 -1.8499 -28.8334 0.0115 0.8329 0.0018 0.5533
14.1138 93.6201 -1.8799 -29.1651 0.0108 0.8299 0.0004 0.5578
14.2176 94.4622 -1.8952 -29.4898 0.0114 0.8278 -0.0034 0.5609
14.3215 95.3231 -1.9223 -29.8003 0.0115 0.8263 -0.0083 0.5630
14.4254 96.1392 -1.9630 -30.1019 0.0117 0.8252 -0.0104 0.5646
14.5293 96.9657 -2.0030 -30.4336 0.0113 0.8242 -0.0109 0.5661
14.6331 97.8066 -2.0581 -30.7164 0.0106 0.8228 -0.0112 0.5681
14.7369 98.6369 -2.1065 -31.0270 0.0088 0.8211 -0.0104 0.5706
14.8408 99.5326 -2.1539 -31.3508 0.0078 0.8195 -0.0087 0.5729
14.9445 100.3897 -2.1936 -31.6437 0.0062 0.8177 -0.0080 0.5755
15.0483 101.2208 -2.2245 -31.9349 0.0050 0.8160 -0.0093 0.5780
15.1520 102.0756 -2.2619 -32.2005 0.0009 0.8141 -0.0142 0.5805
15.2558 102.9478 -2.3134 -32.4767 0.0031 0.8119 -0.0143 0.5836
15.3595 103.8216 -2.3553 -32.7466 0.0044 0.8096 -0.0152 0.5867
15.4633 104.6438 -2.3851 -32.9999 0.0028 0.8078 -0.0153 0.5893
15.5671 105.4839 -2.4194 -33.2675 0.0026 0.8057 -0.0129 0.5922
15.6709 106.3659 -2.4752 -33.5368 0.0018 0.8034 -0.0117 0.5953
15.7746 107.2056 -2.5078 -33.7671 0.0017 0.8013 -0.0136 0.5981
15.8784 108.1004 -2.5426 -34.0220 0.0030 0.7993 -0.0147 0.6007
15.9822 108.9311 -2.5698 -34.2410 0.0026 0.7974 -0.0157 0.6033
16.0861 109.8102 -2.6138 -34.4672 0.0027 0.7951 -0.0149 0.6063
16.1898 110.6948 -2.6492 -34.6822 0.0037 0.7926 -0.0136 0.6096
16.2935 111.5439 -2.7010 -34.9139 0.0043 0.7901 -0.0129 0.6128
16.3973 112.3833 -2.7367 -35.1295 0.0047 0.7881 -0.0128 0.6154
16.5010 113.2330 -2.7469 -35.2932 0.0038 0.7860 -0.0138 0.6181
16.6048 114.0884 -2.7887 -35.4768 0.0023 0.7841 -0.0146 0.6204
16.7086 115.0045 -2.8270 -35.6978 0.0031 0.7826 -0.0132 0.6224
16.8124 115.8418 -2.8850 -35.8894 0.0029 0.7811 -0.0132 0.6243
16.9162 116.7166 -2.9449 -36.0784 0.0024 0.7796 -0.0148 0.6261
17.0200 117.5826 -2.9633 -36.2793 0.0049 0.7778 -0.0112 0.6284
17.1238 118.4949 -2.9976 -36.4406 0.0068 0.7761 -0.0077 0.6306
17.2275 119.3480 -3.0366 -36.6200 0.0072 0.7745 -0.0066 0.6325
17.3314 120.1887 -3.0752 -36.7892 0.0071 0.7732 -0.0075 0.6341
17.4351 121.0624 -3.1031 -36.9494 0.0073 0.7721 -0.0087 0.6354
17.5390 121.9838 -3.1394 -37.1152 0.0073 0.7712 -0.0087 0.6365
17.6429 122.8559 -3.1685 -37.2580 0.0065 0.7709 -0.0088 0.6369
17.7466 123.6974 -3.2092 -37.4320 0.0049 0.7708 -0.0075 0.6370
17.8505 124.5892 -3.2429 -37.5855 0.0030 0.7704 -0.0057 0.6376
17.9543 125.4530 -3.2720 -37.7379 0.0032 0.7701 -0.0037 0.6380
18.0581 126.2962 -3.3030 -37.9004 0.0044 0.7697 -0.0056 0.6383
18.1619 127.1009 -3.3480 -38.0731 0.0049 0.7698 -0.0078 0.6383
18.2658 127.9650 -3.3730 -38.2193 0.0057 0.7697 -0.0070 0.6384
18.3696 128.8070 -3.4107 -38.3624 0.0055 0.7696 -0.0070 0.6385
18.4734 129.6928 -3.4485 -38.5207 0.0065 0.7692 -0.0052 0.6389
18.5772 130.5499 -3.4717 -38.6875 0.0064 0.7690 -0.0073 0.6392
18.6810 131.4095 -3.4989 -38.8553 0.0061 0.7689 -0.0098 0.6393
18.7849 132.2549 -3.5253 -38.9568 0.0048 0.7685 -0.0123 0.6397
18.8885 133.0858 -3.5638 -39.0898 0.0063 0.7685 -0.0133 0.6396
18.9924 133.8992 -3.6251 -39.2334 0.0074 0.7685 -0.0129 0.6397
19.0960 134.7206 -3.6613 -39.3866 0.0080 0.7678 -0.0131 0.6405
19.1999 135.5489 -3.6960 -39.5427 0.0095 0.7672 -0.0106 0.6413
19.3035 136.3571 -3.7484 -39.6880 0.0099 0.7663 -0.0076 0.6424
19.4074 137.2001 -3.7927 -39.8725 0.0090 0.7658 -0.0044 0.6430
19.5112 137.9871 -3.8366 -40.0010 0.0096 0.7646 -0.0034 0.6445
19.6148 138.7287 -3.8604 -40.1249 0.0109 0.7631 -0.0058 0.6461
19.7184 139.5268 -3.8943 -40.2540 0.0117 0.7611 -0.0071 0.6485
19.8221 140.3309 -3.9397 -40.3674 0.0116 0.7584 -0.0079 0.6516
19.9257 141.1623 -3.9438 -40.4993 0.0142 0.7550 -0.0023 0.6555
20.0294 141.8948 -3.9768 -40.5848 0.0167 0.7512 0.0018 0.6599
20.1329 142.7545 -4.0530 -40.6777 0.0133 0.7466 -0.0030 0.6651
20.2366 143.5187 -4.0817 -40.7582 0.0144 0.7418 -0.0027 0.6705
20.3404 144.2798 -4.1005 -40.8413 0.0155 0.7372 -0.0016 0.6755
20.4440 145.0576 -4.1248 -40.8848 0.0183 0.7327 -0.0002 0.6803
20.5478 145.8667 -4.1949 -40.9060 0.0192 0.7276 -0.0035 0.6857
20.6515 146.6536 -4.2115 -40.9343 0.0196 0.7232 -0.0091 0.6903
20.7553 147.3979 -4.2733 -40.9341 0.0199 0.7185 -0.0152 0.6951
20.8591 148.1854 -4.2917 -40.9367 0.0220 0.7137 -0.0144 0.6999
20.9629 148.9291 -4.3505 -40.9383 0.0195 0.7097 -0.0134 0.7041
21.0668 149.6880 -4.4072 -40.9200 0.0182 0.7061 -0.0133 0.7077
21.1706 150.4269 -4.4402 -40.8640 0.0218 0.7025 -0.0138 0.7112
21.2745 151.2238 -4.5143 -40.8529 0.0184 0.7000 -0.0234 0.7135
21.3785 151.9952 -4.5564 -40.8259 0.0205 0.6988 -0.0238 0.7146
21.4825 152.7045 -4.5967 -40.7951 0.0182 0.6989 -0.0231 0.7146
21.5864 153.4827 -4.6941 -40.7633 0.0164 0.6996 -0.0207 0.7140
21.6904 154.2196 -4.7264 -40.7707 0.0169 0.7006 -0.0187 0.7131
21.7943 154.9721 -4.7801 -40.7461 0.0174 0.7016 -0.0184 0.7121
21.8983 155.7267 -4.8384 -40.7323 0.0174 0.7030 -0.0182 0.7107
22.0022 156.4836 -4.8906 -40.7389 0.0170 0.7047 -0.0177 0.7090
22.1061 157.2145 -4.9439 -40.7264 0.0159 0.7066 -0.0189 0.7072
22.2101 157.9548 -5.0015 -40.7213 0.0147 0.7086 -0.0190 0.7052
22.3139 158.6893 -5.0545 -40.7240 0.0148 0.7106 -0.0164 0.7032
22.4178 159.3966 -5.0999 -40.7481 0.0141 0.7125 -0.0170 0.7013
22.5215 160.1443 -5.1423 -40.7549 0.0138 0.7146 -0.0183 0.6992
22.6254 160.8718 -5.1956 -40.7697 0.0147 0.7160 -0.0192 0.6977
22.7292 161.5838 -5.2358 -40.7736 0.0152 0.7169 -0.0203 0.6967
22.8329 162.2971 -5.2862 -40.8064 0.0172 0.7174 -0.0194 0.6962
22.9365 163.0174 -5.3173 -40.8330 0.0185 0.7174 -0.0171 0.6963
23.0401 163.6980 -5.3717 -40.8491 0.0179 0.7160 -0.0152 0.6977
23.1438 164.4262 -5.4303 -40.8719 0.0176 0.7134 -0.0150 0.7004
23.2474 165.1245 -5.4839 -40.8548 0.0185 0.7094 -0.0148 0.7044
23.3510 165.8467 -5.5139 -40.8477 0.0196 0.7044 -0.0138 0.7094
23.4547 166.5152 -5.5694 -40.8351 0.0183 0.6990 -0.0140 0.7147
23.5583 167.2163 -5.6260 -40.7594 0.0149 0.6933 -0.0141 0.7204
23.6620 167.8663 -5.6557 -40.7271 0.0125 0.6874 -0.0120 0.7261
23.7657 168.5219 -5.6836 -40.6510 0.0095 0.6813 -0.0100 0.7319
23.8694 169.2449 -5.7339 -40.5861 0.0063 0.6749 -0.0077 0.7378
23.9730 169.9175 -5.7452 -40.4983 0.0046 0.6687 -0.0049 0.7435
24.0768 170.5776 -5.7618 -40.4062 0.0054 0.6615 -0.0019 0.7499
24.1805 171.2229 -5.7824 -40.2918 0.0047 0.6548 -0.0023 0.7557
24.2842 171.8486 -5.8116 -40.1862 0.0033 0.6482 -0.0035 0.7615
24.3879 172.5079 -5.8129 -40.0660 0.0024 0.6420 -0.0036 0.7667
24.4916 173.1278 -5.8471 -39.9234 -0.0014 0.6362 -0.0042 0.7715
24.5954 173.7416 -5.8710 -39.7844 -0.0007 0.6314 -0.0011 0.7754
24.6993 174.3835 -5.8845 -39.6343 -0.0003 0.6270 0.0004 0.7790
24.8031 174.9652 -5.8911 -39.4708 -0.0004 0.6232 -0.0017 0.7821
24.9068 175.5617 -5.9258 -39.3222 0.0005 0.6195 -0.0053 0.7850
25.0105 176.1575 -5.9373 -39.1556 0.0042 0.6157 -0.0093 0.7879
25.1143 176.7589 -5.9503 -39.0320 0.0091 0.6124 -0.0092 0.7905
25.2180 177.3387 -5.9747 -38.8453 0.0087 0.6098 -0.0086 0.7925
25.3218 177.9546 -5.9947 -38.6655 0.0045 0.6073 -0.0074 0.7944
25.4255 178.5780 -6.0136 -38.4890 -0.0012 0.6055 -0.0050 0.7958
25.5294 179.1932 -6.0355 -38.3012 -0.0048 0.6046 -0.0024 0.7965
25.6332 179.7839 -6.0610 -38.1490 -0.0042 0.6043 -0.0012 0.7968
25.7370 180.3624 -6.0560 -37.9915 -0.0021 0.6036 -0.0010 0.7973
25.8408 181.0073 -6.0678 -37.8105 -0.0011 0.6031 -0.0001 0.7977
25.9445 181.6136 -6.0601 -37.6323 -0.0022 0.6024 -0.0000 0.7982
26.0481 182.2243 -6.0755 -37.4246 -0.0043 0.6014 0.0007 0.7989
26.1519 182.8439 -6.0839 -37.2494 -0.0062 0.5999 0.0026 0.8001
26.2555 183.4873 -6.1021 -37.0484 -0.0068 0.5981 0.0042 0.8014
26.3591 184.1143 -6.0880 -36.8737 -0.0068 0.5956 0.0049 0.8032
26.4628 184.7144 -6.0853 -36.6501 -0.0079 0.5921 0.0062 0.8058
26.5666 185.3499 -6.0841 -36.4539 -0.0083 0.5882 0.0070 0.8087
26.6703 185.9255 -6.1009 -36.2251 -0.0078 0.5834 0.0067 0.8121
26.7739 186.5335 -6.1018 -36.0105 -0.0068 0.5784 0.0051 0.8157
26.8777 187.1877 -6.1007 -35.7791 -0.0058 0.5734 0.0037 0.8192
26.9813 187.7775 -6.0880 -35.5508 -0.0054 0.5682 0.0038 0.8229
27.0850 188.4231 -6.1012 -35.2822 -0.0064 0.5632 0.0049 0.8263
27.1888 189.0519 -6.0933 -35.0072 -0.0072 0.5585 0.0054 0.8294
27.2925 189.6636 -6.1054 -34.7215 -0.0083 0.5533 0.0050 0.8329
27.3963 190.2757 -6.0786 -34.4365 -0.0101 0.5491 0.0041 0.8357
27.5000 190.9322 -6.0851 -34.1400 -0.0118 0.5456 0.0023 0.8380
27.6039 191.5482 -6.0739 -33.8582 -0.0130 0.5436 0.0033 0.8393
27.7078 192.2010 -6.0772 -33.5694 -0.0136 0.5427 0.0056 0.8398
27.8117 192.8451 -6.0681 -33.2644 -0.0113 0.5424 0.0061 0.8400
27.9155 193.5170 -6.0604 -32.9627 -0.0107 0.5429 0.0065 0.8397
28.0194 194.1677 -6.0534 -32.6644 -0.0085 0.5434 0.0071 0.8394
28.1233 194.8685 -6.0394 -32.3729 -0.0081 0.5434 0.0080 0.8394
28.2272 195.5371 -6.0292 -32.0522 -0.0090 0.5436 0.0109 0.8392
28.3309 196.2033 -6.0252 -31.7529 -0.0102 0.5441 0.0123 0.8389
28.4348 196.9245 -6.0089 -31.4439 -0.0109 0.5449 0.0132 0.8383
28.5387 197.6065 -6.0037 -31.1357 -0.0113 0.5456 0.0132 0.8378
28.6424 198.2754 -6.0018 -30.8304 -0.0118 0.5464 0.0131 0.8373
28.7462 198.9733 -5.9988 -30.5351 -0.0118 0.5471 0.0126 0.8369
28.8499 199.6649 -5.9821 -30.2271 -0.0101 0.5476 0.0118 0.8366
28.9538 200.3441 -5.9889 -29.9290 -0.0078 0.5480 0.0094 0.8364
29.0575 201.0127 -5.9593 -29.6193 -0.0073 0.5486 0.0080 0.8360
29.1613 201.7191 -5.9651 -29.3125 -0.0085 0.5492 0.0087 0.8356
29.2649 202.3962 -5.9685 -29.0177 -0.0112 0.5496 0.0091 0.8353
29.3686 203.1004 -5.9713 -28.7125 -0.0122 0.5509 0.0082 0.8344
29.4725 203.7603 -5.9621 -28.4244 -0.0134 0.5531 0.0070 0.8330
29.5763 204.4468 -5.9542 -28.1372 -0.0140 0.5561 0.0069 0.8310
29.6802 205.1591 -5.9322 -27.8642 -0.0138 0.5599 0.0074 0.8284
29.7839 205.8422 -5.9367 -27.6031 -0.0122 0.5642 0.0082 0.8255
29.8878 206.5153 -5.9450 -27.3469 -0.0115 0.5690 0.0065 0.8222
29.9917 207.1963 -5.9183 -27.0849 -0.0120 0.5741 0.0062 0.8187
30.0955 207.9165 -5.8987 -26.8601 -0.0134 0.5786 0.0096 0.8155
30.1993 208.6195 -5.8942 -26.6194 -0.0152 0.5823 0.0132 0.8127
30.3030 209.3135 -5.8871 -26.3954 -0.0174 0.5854 0.0151 0.8104
30.4068 210.0337 -5.8612 -26.1591 -0.0200 0.5873 0.0140 0.8090
30.5104 210.7760 -5.8381 -25.9121 -0.0206 0.5882 0.0145 0.8083
30.6140 211.4849 -5.8106 -25.6862 -0.0205 0.5888 0.0152 0.8079
30.7178 212.1695 -5.8097 -25.4538 -0.0202 0.5896 0.0147 0.8073
30.8214 212.8688 -5.7737 -25.2194 -0.0203 0.5896 0.0138 0.8073
30.9252 213.6173 -5.7667 -24.9702 -0.0208 0.5893 0.0136 0.8076
31.0288 214.3495 -5.7353 -24.7333 -0.0214 0.5890 0.0138 0.8078
31.1325 215.0563 -5.7035 -24.5118 -0.0218 0.5882 0.0141 0.8083
31.2363 215.7909 -5.6963 -24.2744 -0.0215 0.5873 0.0152 0.8089
31.3401 216.5356 -5.6609 -24.0141 -0.0212 0.5860 0.0166 0.8099
31.4437 217.2777 -5.6397 -23.7581 -0.0225 0.5842 0.0165 0.8111
31.5474 217.9741 -5.5901 -23.5238 -0.0247 0.5823 0.0174 0.8124
31.6510 218.7332 -5.5676 -23.2744 -0.0266 0.5801 0.0183 0.8139
31.7548 219.4688 -5.5424 -22.9940 -0.0276 0.5780 0.0177 0.8154
31.8585 220.2048 -5.5292 -22.7264 -0.0274 0.5764 0.0161 0.8165
31.9623 220.9544 -5.4924 -22.4333 -0.0281 0.5744 0.0114 0.8180
32.0660 221.6572 -5.4569 -22.1506 -0.0280 0.5725 0.0094 0.8194
32.1696 222.4043 -5.4259 -21.8769 -0.0291 0.5705 0.0088 0.8207
32.2734 223.1304 -5.3846 -21.5604 -0.0280 0.5689 0.0089 0.8219
32.3772 223.8747 -5.3638 -21.2817 -0.0281 0.5672 0.0065 0.8230
32.4809 224.6324 -5.3326 -20.9656 -0.0277 0.5651 0.0067 0.8246
32.5845 225.3809 -5.2940 -20.6810 -0.0275 0.5630 0.0083 0.8259
32.6883 226.0916 -5.2844 -20.3892 -0.0266 0.5612 0.0094 0.8272
32.7919 226.8000 -5.2562 -20.1117 -0.0257 0.5592 0.0096 0.8286
32.8957 227.5584 -5.2329 -19.8073 -0.0249 0.5574 0.0088 0.8298
32.9994 228.3347 -5.2079 -19.4628 -0.0269 0.5554 0.0081 0.8311
33.1032 229.0792 -5.1820 -19.1640 -0.0286 0.5533 0.0064 0.8325
33.2068 229.7788 -5.1594 -18.8284 -0.0269 0.5515 0.0062 0.8337
33.3105 230.4900 -5.1492 -18.5294 -0.0237 0.5497 0.0047 0.8350
33.4143 231.2089 -5.1217 -18.1928 -0.0226 0.5483 0.0017 0.8360
33.5182 231.9087 -5.0686 -17.8606 -0.0259 0.5468 -0.0003 0.8369
33.6218 232.6470 -5.0620 -17.5166 -0.0303 0.5458 0.0028 0.8374
33.7255 233.3949 -5.0432 -17.1990 -0.0339 0.5451 0.0089 0.8376
33.8293 234.1272 -5.0075 -16.8767 -0.0372 0.5441 0.0122 0.8381
33.9331 234.8390 -4.9552 -16.5465 -0.0390 0.5432 0.0121 0.8386
34.0367 235.5516 -4.9347 -16.2158 -0.0376 0.5419 0.0106 0.8395
34.1404 236.2925 -4.9051 -15.8851 -0.0353 0.5400 0.0079 0.8409
34.2440 236.9841 -4.8675 -15.5433 -0.0334 0.5381 0.0058 0.8422
34.3478 237.7012 -4.8274 -15.1778 -0.0317 0.5362 0.0061 0.8435
34.4515 238.4151 -4.8052 -14.8668 -0.0311 0.5343 0.0050 0.8447
34.5552 239.1504 -4.7861 -14.5122 -0.0312 0.5326 0.0063 0.8458
34.6589 239.8833 -4.7297 -14.1661 -0.0322 0.5308 0.0083 0.8469
34.7625 240.5760 -4.6920 -13.8178 -0.0336 0.5295 0.0117 0.8476
34.8663 241.3085 -4.6569 -13.4527 -0.0355 0.5286 0.0143 0.8480
34.9700 242.0505 -4.6234 -13.0674 -0.0384 0.5274 0.0146 0.8486
35.0739 242.8105 -4.5402 -12.7266 -0.0392 0.5269 0.0194 0.8488
35.1776 243.5459 -4.4976 -12.3341 -0.0398 0.5262 0.0192 0.8492
35.2813 244.2272 -4.4734 -11.9825 -0.0390 0.5255 0.0138 0.8498
35.3850 244.9270 -4.4160 -11.6071 -0.0332 0.5250 0.0095 0.8504
35.4887 245.6618 -4.3640 -11.2323 -0.0296 0.5248 0.0061 0.8507
35.5924 246.4003 -4.3479 -10.8712 -0.0309 0.5249 0.0060 0.8506
35.6962 247.1138 -4.2873 -10.4821 -0.0332 0.5248 0.0090 0.8506
35.7998 247.8591 -4.2834 -10.1320 -0.0343 0.5239 0.0086 0.8510
35.9035 248.5472 -4.2324 -9.7526 -0.0327 0.5235 0.0099 0.8513
36.0072 249.2705 -4.1873 -9.3927 -0.0316 0.5227 0.0113 0.8518
36.1109 250.0215 -4.1527 -8.9874 -0.0337 0.5221 0.0126 0.8521
36.2145 250.7388 -4.1147 -8.6160 -0.0352 0.5216 0.0134 0.8523
36.3183 251.4497 -4.0777 -8.2439 -0.0356 0.5213 0.0124 0.8526
36.4220 252.1841 -4.0490 -7.8876 -0.0336 0.5207 0.0118 0.8530
36.5258 252.8925 -4.0081 -7.4873 -0.0333 0.5202 0.0110 0.8533
36.6295 253.6214 -3.9600 -7.1123 -0.0329 0.5192 0.0128 0.8539
36.7333 254.3699 -3.9257 -6.7328 -0.0344 0.5172 0.0132 0.8551
36.8370 255.0663 -3.8745 -6.3564 -0.0346 0.5156 0.0148 0.8560
36.9408 255.7956 -3.8456 -5.9581 -0.0344 0.5139 0.0144 0.8570
37.0445 256.5356 -3.8055 -5.5393 -0.0342 0.5117 0.0140 0.8583
37.1483 257.2458 -3.7649 -5.1586 -0.0342 0.5094 0.0109 0.8598
37.2520 257.9705 -3.7162 -4.7166 -0.0318 0.5069 0.0105 0.8614
37.3557 258.6703 -3.6807 -4.3163 -0.0292 0.5036 0.0123 0.8634
37.4594 259.3865 -3.6511 -3.9250 -0.0285 0.4993 0.0131 0.8659
37.5630 260.0650 -3.6123 -3.5097 -0.0270 0.4942 0.0156 0.8688
37.6667 260.7555 -3.5637 -3.0472 -0.0261 0.4879 0.0167 0.8724
37.7703 261.4711 -3.5284 -2.5885 -0.0270 0.4812 0.0167 0.8760
37.8740 262.1703 -3.5020 -2.1248 -0.0290 0.4744 0.0183 0.8796
37.9778 262.8503 -3.4694 -1.6507 -0.0305 0.4673 0.0195 0.8834
38.0815 263.5134 -3.4244 -1.1391 -0.0318 0.4617 0.0181 0.8863
38.1853 264.1556 -3.3965 -0.6883 -0.0321 0.4569 0.0151 0.8888
38.2892 264.8460 -3.3418 -0.1898 -0.0326 0.4534 0.0117 0.8906
38.3932 265.4607 -3.3027 0.3218 -0.0334 0.4527 0.0090 0.8910
38.4972 266.1131 -3.2634 0.7967 -0.0340 0.4543 0.0057 0.8902
38.6012 266.7870 -3.2403 1.3035 -0.0339 0.4580 0.0016 0.8883
38.7052 267.4445 -3.1986 1.7507 -0.0326 0.4631 -0.0011 0.8857
38.8093 268.1192 -3.1722 2.2245 -0.0309 0.4688 -0.0002 0.8828
38.9133 268.8204 -3.1468 2.6732 -0.0311 0.4742 0.0019 0.8799
39.0172 269.5352 -3.1158 3.1141 -0.0323 0.4793 0.0010 0.8771
39.1212 270.2368 -3.0881 3.5799 -0.0322 0.4842 0.0021 0.8743
39.2250 270.8987 -3.0730 3.9843 -0.0309 0.4885 0.0028 0.8720
39.3289 271.6040 -3.0389 4.3838 -0.0293 0.4928 0.0033 0.8696
39.4327 272.3253 -3.0079 4.8367 -0.0295 0.4969 0.0017 0.8673
39.5364 273.0212 -2.9805 5.2488 -0.0300 0.5001 0.0024 0.8655
39.6402 273.7410 -2.9524 5.6769 -0.0326 0.5026 0.0023 0.8639
39.7438 274.4563 -2.9059 6.0799 -0.0361 0.5050 0.0027 0.8624
39.8476 275.2079 -2.8657 6.4848 -0.0378 0.5070 0.0031 0.8611
39.9513 275.9417 -2.8263 6.9027 -0.0377 0.5085 0.0016 0.8602
40.0550 276.6418 -2.7897 7.2825 -0.0353 0.5098 -0.0009 0.8596
40.1587 277.3525 -2.7801 7.7070 -0.0312 0.5108 -0.0061 0.8591
40.2624 278.0957 -2.7740 8.1107 -0.0285 0.5113 -0.0077 0.8589
40.3662 278.8329 -2.7364 8.4986 -0.0290 0.5121 -0.0095 0.8584
40.4699 279.5687 -2.7018 8.9178 -0.0305 0.5125 -0.0085 0.8581
40.5735 280.3065 -2.6903 9.3375 -0.0314 0.5128 -0.0071 0.8579
40.6773 281.0572 -2.6749 9.7213 -0.0313 0.5123 -0.0051 0.8582
40.7810 281.8131 -2.6437 10.1474 -0.0321 0.5113 -0.0041 0.8588
40.8848 282.5671 -2.6154 10.5611 -0.0323 0.5098 -0.0040 0.8597
40.9884 283.3062 -2.5888 10.9966 -0.0323 0.5081 -0.0038 0.8607
41.0922 284.0454 -2.5675 11.4124 -0.0328 0.5061 -0.0041 0.8618
41.1958 284.8197 -2.5341 11.8431 -0.0333 0.5042 -0.0050 0.8629
41.2994 285.5820 -2.5103 12.2858 -0.0331 0.5023 -0.0065 0.8640
41.4032 286.3032 -2.4779 12.7133 -0.0305 0.5000 -0.0058 0.8655
41.5068 287.1044 -2.4716 13.1555 -0.0288 0.4972 -0.0068 0.8671
41.6105 287.8180 -2.4438 13.6233 -0.0276 0.4941 -0.0061 0.8689
41.7142 288.5825 -2.4166 14.0700 -0.0279 0.4901 -0.0059 0.8712
41.8179 289.3189 -2.3755 14.5604 -0.0301 0.4865 -0.0046 0.8731
41.9215 290.0739 -2.3628 15.0535 -0.0339 0.4835 -0.0038 0.8747
42.0253 290.7893 -2.3180 15.5335 -0.0376 0.4799 -0.0036 0.8765
42.1289 291.5520 -2.2715 16.0271 -0.0395 0.4760 -0.0032 0.8785
42.2327 292.3148 -2.2394 16.5515 -0.0382 0.4717 -0.0038 0.8809
42.3363 293.0414 -2.1970 17.0726 -0.0345 0.4679 -0.0048 0.8831
42.4400 293.7920 -2.1685 17.5935 -0.0310 0.4639 -0.0069 0.8853
42.5438 294.5180 -2.1309 18.1102 -0.0270 0.4602 -0.0066 0.8874
42.6474 295.2716 -2.1200 18.6390 -0.0238 0.4564 -0.0053 0.8894
42.7512 296.0353 -2.1063 19.1767 -0.0228 0.4525 -0.0022 0.8915
42.8548 296.7546 -2.0895 19.7246 -0.0241 0.4486 0.0010 0.8934
42.9585 297.4644 -2.0630 20.2957 -0.0263 0.4447 0.0051 0.8953
43.0623 298.2232 -2.0353 20.8423 -0.0280 0.4405 0.0068 0.8973
43.1661 298.9440 -1.9965 21.4425 -0.0289 0.4371 0.0077 0.8989
43.2698 299.6480 -1.9674 22.0438 -0.0300 0.4333 0.0058 0.9008
43.3736 300.3858 -1.9102 22.6202 -0.0315 0.4298 0.0040 0.9024
43.4773 301.1442 -1.8881 23.2250 -0.0332 0.4269 0.0047 0.9037
43.5810 301.8383 -1.8371 23.8334 -0.0326 0.4241 0.0048 0.9050
43.6849 302.5563 -1.8319 24.4742 -0.0303 0.4222 0.0051 0.9060
43.7887 303.2632 -1.7712 25.0730 -0.0281 0.4193 0.0040 0.9074
43.8924 303.9570 -1.7421 25.7059 -0.0278 0.4169 0.0048 0.9085
43.9961 304.6745 -1.6874 26.3607 -0.0305 0.4144 0.0048 0.9096
44.1000 305.3787 -1.6482 26.9663 -0.0328 0.4121 0.0059 0.9105
44.2036 306.1105 -1.6290 27.6196 -0.0332 0.4094 0.0042 0.9118
44.3073 306.7787 -1.5596 28.2484 -0.0309 0.4068 0.0035 0.9130
44.4110 307.4634 -1.5308 28.9193 -0.0284 0.4045 0.0025 0.9141
44.5148 308.1762 -1.5002 29.5376 -0.0274 0.4018 0.0035 0.9153
44.6185 308.8908 -1.4929 30.1793 -0.0275 0.3990 0.0055 0.9165
44.7223 309.5681 -1.4466 30.8433 -0.0265 0.3964 0.0080 0.9177
44.8262 310.2470 -1.4103 31.5376 -0.0251 0.3933 0.0103 0.9190
44.9298 310.9381 -1.3942 32.2027 -0.0244 0.3904 0.0128 0.9202
45.0335 311.6182 -1.3471 32.8443 -0.0254 0.3879 0.0129 0.9213
45.1373 312.3126 -1.3146 33.5252 -0.0260 0.3860 0.0125 0.9220
45.2410 312.9631 -1.2949 34.1910 -0.0253 0.3835 0.0124 0.9231
45.3448 313.6170 -1.2404 34.8635 -0.0253 0.3810 0.0117 0.9241
45.4485 314.2813 -1.2312 35.5568 -0.0247 0.3787 0.0132 0.9251
45.5523 314.9797 -1.1899 36.2372 -0.0258 0.3752 0.0130 0.9265
45.6562 315.6288 -1.1537 36.9382 -0.0246 0.3730 0.0132 0.9274
45.7599 316.2799 -1.1156 37.6205 -0.0243 0.3704 0.0143 0.9285
45.8637 316.8931 -1.0905 38.3259 -0.0257 0.3684 0.0143 0.9292
45.9674 317.5195 -1.0352 39.0119 -0.0281 0.3667 0.0128 0.9298
46.0713 318.1391 -1.0179 39.6890 -0.0293 0.3648 0.0110 0.9305
46.1750 318.7666 -0.9685 40.4028 -0.0315 0.3635 0.0135 0.9309
46.2788 319.3934 -0.9300 41.0849 -0.0313 0.3624 0.0139 0.9314
46.3827 320.0055 -0.8997 41.7604 -0.0282 0.3613 0.0149 0.9319
46.4865 320.6596 -0.8469 42.4826 -0.0243 0.3609 0.0137 0.9322
46.5904 321.2906 -0.8075 43.1815 -0.0244 0.3609 0.0134 0.9322
46.6942 321.9032 -0.7850 43.8753 -0.0266 0.3614 0.0120 0.9320
46.7981 322.5192 -0.7519 44.5715 -0.0281 0.3624 0.0144 0.9315
46.9019 323.1957 -0.7096 45.3017 -0.0290 0.3638 0.0145 0.9309
47.0058 323.8387 -0.6564 45.9870 -0.0292 0.3662 0.0138 0.9300
47.1097 324.5151 -0.6198 46.6775 -0.0275 0.3688 0.0118 0.9290
47.2136 325.1633 -0.5766 47.3977 -0.0261 0.3724 0.0107 0.9277
47.3174 325.8155 -0.5562 48.0956 -0.0249 0.3761 0.0102 0.9262
47.4212 326.4987 -0.5073 48.7587 -0.0251 0.3797 0.0105 0.9247
47.5251 327.1885 -0.4910 49.4477 -0.0254 0.3835 0.0104 0.9231
47.6288 327.8615 -0.4311 50.1174 -0.0276 0.3874 0.0095 0.9215
47.7327 328.5602 -0.3936 50.8150 -0.0306 0.3914 0.0097 0.9197
47.8364 329.2476 -0.3332 51.4718 -0.0335 0.3956 0.0101 0.9178
47.9402 329.9530 -0.3053 52.1551 -0.0331 0.3998 0.0087 0.9160
48.0439 330.6570 -0.2774 52.8203 -0.0304 0.4034 0.0071 0.9145
48.1477 331.3976 -0.2431 53.4682 -0.0281 0.4070 0.0063 0.9130
48.2514 332.1101 -0.1943 54.1009 -0.0278 0.4105 0.0071 0.9114
48.3550 332.8694 -0.1589 54.7643 -0.0284 0.4132 0.0073 0.9101
48.4588 333.6158 -0.1060 55.4016 -0.0292 0.4160 0.0076 0.9089
48.5626 334.3396 -0.0794 56.0311 -0.0299 0.4186 0.0079 0.9077
48.6662 335.0850 -0.0334 56.6996 -0.0310 0.4211 0.0078 0.9065
48.7699 335.8491 0.0160 57.3466 -0.0321 0.4235 0.0069 0.9053
48.8736 336.6276 0.0649 57.9965 -0.0327 0.4260 0.0057 0.9041
48.9773 337.3879 0.0962 58.6234 -0.0332 0.4282 0.0048 0.9030
49.0809 338.1751 0.1312 59.2900 -0.0336 0.4303 0.0037 0.9021
49.1847 338.9264 0.1853 59.9001 -0.0336 0.4321 0.0034 0.9012
49.2883 339.7135 0.2273 60.5339 -0.0336 0.4341 0.0033 0.9002
49.3920 340.5203 0.2703 61.1764 -0.0339 0.4357 0.0030 0.8994
49.4958 341.3003 0.3173 61.7900 -0.0346 0.4375 0.0023 0.8985
49.5994 342.1259 0.3620 62.4338 -0.0353 0.4390 0.0020 0.8978
49.7032 342.9316 0.4186 63.0744 -0.0361 0.4410 0.0023 0.8968
49.8068 343.6980 0.4479 63.6734 -0.0360 0.4426 0.0021 0.8960
49.9106 344.4885 0.4831 64.2679 -0.0352 0.4441 0.0016 0.8953
50.0142 345.3266 0.5332 64.9208 -0.0349 0.4455 0.0017 0.8946
50.1180 346.1124 0.5864 65.5110 -0.0362 0.4460 0.0039 0.8943
50.2216 346.9497 0.6422 66.1364 -0.0382 0.4461 0.0082 0.8941
50.3253 347.7366 0.7103 66.7333 -0.0403 0.4468 0.0094 0.8937
50.4290 348.5234 0.7598 67.3312 -0.0396 0.4467 0.0103 0.8938
50.5327 349.3233 0.7920 67.9171 -0.0368 0.4473 0.0093 0.8936
50.6365 350.1154 0.8403 68.5264 -0.0332 0.4479 0.0082 0.8934
50.7402 350.9439 0.8929 69.1429 -0.0317 0.4485 0.0081 0.8932
50.8440 351.7875 0.9480 69.7923 -0.0317 0.4488 0.0093 0.8930
50.9476 352.5588 0.9905 70.3770 -0.0330 0.4496 0.0117 0.8926
51.0512 353.3605 1.0416 70.9563 -0.0340 0.4497 0.0140 0.8924
51.1549 354.2009 1.0977 71.5787 -0.0355 0.4500 0.0147 0.8922
51.2586 355.0160 1.1582 72.2010 -0.0354 0.4502 0.0149 0.8921
51.3623 355.8304 1.2026 72.7978 -0.0345 0.4504 0.0150 0.8920
51.4659 356.6363 1.2324 73.4064 -0.0333 0.4503 0.0151 0.8921
51.5697 357.4346 1.2985 73.9775 -0.0332 0.4503 0.0155 0.8921
51.6733 358.2404 1.3602 74.5742 -0.0334 0.4502 0.0180 0.8921
51.7769 359.0745 1.4089 75.1835 -0.0327 0.4504 0.0201 0.8920
51.8807 359.9117 1.4681 75.8242 -0.0320 0.4506 0.0197 0.8919
51.9843 360.7043 1.5095 76.4146 -0.0315 0.4510 0.0192 0.8917
52.0881 361.4975 1.5720 76.9765 -0.0317 0.4511 0.0199 0.8917
52.1917 362.3212 1.6290 77.5892 -0.0320 0.4509 0.0210 0.8918
52.2954 363.1117 1.6770 78.2002 -0.0322 0.4509 0.0218 0.8917
52.3992 363.9221 1.7130 78.7962 -0.0318 0.4507 0.0245 0.8918
52.5029 364.7426 1.7845 79.3881 -0.0312 0.4503 0.0268 0.8919
52.6067 365.5749 1.8466 79.9757 -0.0307 0.4499 0.0295 0.8921
52.7104 366.3777 1.8937 80.5706 -0.0297 0.4494 0.0331 0.8922
52.8142 367.1809 1.9655 81.1699 -0.0298 0.4490 0.0349 0.8924
52.9179 367.9857 2.0305 81.7698 -0.0301 0.4485 0.0360 0.8926
53.0217 368.7609 2.0878 82.3663 -0.0299 0.4477 0.0380 0.8929
53.1254 369.5123 2.1429 82.9298 -0.0305 0.4467 0.0380 0.8933
53.2292 370.2997 2.2231 83.5239 -0.0309 0.4462 0.0377 0.8936
53.3329 371.0455 2.2778 84.1060 -0.0306 0.4456 0.0388 0.8939
53.4365 371.7874 2.3344 84.6350 -0.0318 0.4449 0.0398 0.8942
53.5403 372.5109 2.3791 85.2086 -0.0337 0.4439 0.0411 0.8945
53.6441 373.2456 2.4671 85.7651 -0.0365 0.4442 0.0423 0.8942
53.7478 373.9364 2.5259 86.3091 -0.0399 0.4440 0.0419 0.8942
53.8516 374.6330 2.6053 86.8593 -0.0434 0.4440 0.0382 0.8942
53.9553 375.2938 2.6696 87.4221 -0.0451 0.4445 0.0364 0.8939
54.0590 375.9440 2.7318 87.9255 -0.0463 0.4447 0.0339 0.8938
54.1628 376.6232 2.8160 88.4309 -0.0476 0.4452 0.0312 0.8936
54.2666 377.2428 2.8715 88.9122 -0.0479 0.4457 0.0294 0.8934
54.3702 377.8949 2.9399 89.4033 -0.0476 0.4460 0.0281 0.8933
54.4739 378.4859 3.0079 89.8613 -0.0470 0.4460 0.0289 0.8933
54.5776 379.1025 3.0717 90.3204 -0.0466 0.4463 0.0295 0.8932
54.6813 379.7357 3.1295 90.7893 -0.0461 0.4472 0.0301 0.8927
54.7851 380.3018 3.1944 91.2046 -0.0475 0.4489 0.0284 0.8919
54.8888 380.9017 3.2571 91.6684 -0.0483 0.4516 0.0280 0.8905
54.9927 381.4593 3.3178 92.0909 -0.0495 0.4547 0.0271 0.8888
55.0964 382.0273 3.3785 92.4997 -0.0491 0.4578 0.0266 0.8873
55.2002 382.6052 3.4300 92.8987 -0.0477 0.4613 0.0246 0.8856
55.3040 383.1775 3.4892 93.2774 -0.0470 0.4646 0.0205 0.8840
55.4078 383.7268 3.5356 93.7338 -0.0460 0.4695 0.0195 0.8815
55.5117 384.3523 3.5950 94.0795 -0.0490 0.4747 0.0168 0.8786
55.6154 384.9686 3.6733 94.4713 -0.0505 0.4797 0.0189 0.8758
55.7192 385.5598 3.7370 94.8585 -0.0533 0.4847 0.0200 0.8728
55.8229 386.1717 3.8126 95.2470 -0.0551 0.4895 0.0215 0.8700
55.9267 386.8066 3.8788 95.5761 -0.0555 0.4942 0.0218 0.8673
56.0304 387.4652 3.9309 95.9661 -0.0550 0.4991 0.0225 0.8645
56.1341 388.0970 3.9898 96.3281 -0.0523 0.5030 0.0223 0.8624
56.2378 388.7385 4.0403 96.6630 -0.0497 0.5063 0.0240 0.8606
56.3416 389.4171 4.1225 97.0430 -0.0468 0.5088 0.0265 0.8592
56.4453 390.0658 4.1578 97.3385 -0.0490 0.5114 0.0289 0.8575
56.5491 390.7590 4.2717 97.7302 -0.0529 0.5133 0.0345 0.8559
56.6529 391.4821 4.3789 98.1391 -0.0603 0.5148 0.0378 0.8543
56.7567 392.2027 4.5301 98.4980 -0.0651 0.5170 0.0411 0.8525
56.8604 392.8538 4.5837 98.8256 -0.0672 0.5197 0.0423 0.8507
56.9643 393.5455 4.6698 99.1907 -0.0684 0.5219 0.0410 0.8493
57.0681 394.2516 4.7631 99.5506 -0.0682 0.5246 0.0410 0.8476
57.1719 394.9769 4.8891 99.8730 -0.0685 0.5271 0.0437 0.8459
57.2756 395.6830 5.0199 100.2488 -0.0694 0.5299 0.0466 0.8439
57.3793 396.4400 5.1388 100.5424 -0.0695 0.5329 0.0501 0.8418
57.4831 397.1285 5.2467 100.9187 -0.0687 0.5348 0.0526 0.8405
57.5868 397.8413 5.3672 101.2434 -0.0697 0.5374 0.0509 0.8389
57.6906 398.5657 5.4790 101.5379 -0.0692 0.5405 0.0515 0.8369
57.7943 399.2632 5.5856 101.8424 -0.0697 0.5434 0.0508 0.8351
57.8982 399.9668 5.6939 102.1360 -0.0698 0.5468 0.0509 0.8328
58.0019 400.6711 5.8120 102.4475 -0.0699 0.5511 0.0510 0.8300
58.1058 401.3613 5.9054 102.7607 -0.0691 0.5552 0.0518 0.8272
58.2097 402.0500 6.0408 103.0430 -0.0706 0.5596 0.0504 0.8242
58.3134 402.7452 6.1459 103.2921 -0.0695 0.5640 0.0526 0.8212
58.4173 403.3967 6.2558 103.5074 -0.0688 0.5684 0.0523 0.8182
58.5211 404.0791 6.3303 103.7686 -0.0650 0.5731 0.0531 0.8152
58.6249 404.7470 6.4104 104.0166 -0.0642 0.5788 0.0481 0.8115
58.7287 405.4886 6.5115 104.2554 -0.0624 0.5852 0.0438 0.8073
58.8327 406.1565 6.5994 104.4502 -0.0607 0.5921 0.0409 0.8025
58.9366 406.8430 6.6940 104.6433 -0.0585 0.5997 0.0403 0.7971
59.0404 407.5504 6.7991 104.8140 -0.0569 0.6079 0.0387 0.7910
59.1443 408.1903 6.8696 104.9710 -0.0523 0.6166 0.0394 0.7845
59.2482 408.8665 6.9231 105.1016 -0.0492 0.6245 0.0385 0.7785
59.3521 409.5375 7.0106 105.2173 -0.0459 0.6325 0.0386 0.7722
59.4558 410.2773 7.0790 105.3318 -0.0446 0.6403 0.0391 0.7659
59.5596 410.9839 7.1646 105.4102 -0.0466 0.6470 0.0401 0.7600
59.6633 411.7690 7.2673 105.5332 -0.0500 0.6526 0.0417 0.7549
59.7669 412.5460 7.3497 105.6517 -0.0500 0.6575 0.0481 0.7503
59.8707 413.3013 7.4210 105.7468 -0.0527 0.6612 0.0499 0.7467
59.9743 414.0481 7.5080 105.8140 -0.0546 0.6647 0.0498 0.7434
60.0781 414.7628 7.5927 105.9145 -0.0565 0.6668 0.0504 0.7413
60.1818 415.5350 7.7120 105.9865 -0.0581 0.6699 0.0512 0.7384
60.2856 416.3197 7.8235 106.0550 -0.0600 0.6727 0.0494 0.7359
60.3893 417.0789 7.9110 106.1450 -0.0603 0.6752 0.0418 0.7340
60.4931 417.8117 7.9713 106.1928 -0.0555 0.6771 0.0342 0.7330
60.5968 418.5840 7.9997 106.2702 -0.0519 0.6795 0.0292 0.7313
60.7006 419.4046 8.0991 106.3504 -0.0520 0.6804 0.0278 0.7305
60.8042 420.1823 8.2112 106.4092 -0.0577 0.6805 0.0287 0.7299
60.9080 420.9159 8.3436 106.4678 -0.0587 0.6801 0.0282 0.7302
61.0116 421.7335 8.3766 106.5177 -0.0567 0.6792 0.0215 0.7315
61.1153 422.3914 8.3903 106.5743 -0.0484 0.6782 0.0146 0.7331
61.2189 423.1850 8.4373 106.6592 -0.0439 0.6770 0.0062 0.7347
61.3227 423.9856 8.4763 106.7510 -0.0438 0.6750 0.0060 0.7364
61.4264 424.7314 8.5827 106.8169 -0.0484 0.6741 0.0086 0.7370
61.5302 425.4537 8.6146 106.9037 -0.0522 0.6727 0.0098 0.7380
61.6338 426.1716 8.6625 106.9555 -0.0500 0.6718 0.0103 0.7390
61.7376 426.9203 8.6717 107.0392 -0.0455 0.6709 0.0079 0.7402
61.8413 427.6288 8.7091 107.1286 -0.0417 0.6696 0.0073 0.7415
61.9451 428.2681 8.7593 107.1670 -0.0408 0.6698 0.0069 0.7414
62.0488 428.9065 8.7794 107.2112 -0.0381 0.6698 0.0072 0.7415
62.1526 429.6321 8.8131 107.3187 -0.0357 0.6697 0.0053 0.7418
62.2564 430.3855 8.8410 107.4188 -0.0339 0.6701 0.0038 0.7415
62.3601 430.9819 8.8694 107.4743 -0.0343 0.6707 0.0009 0.7409
62.4640 431.5888 8.8774 107.5356 -0.0353 0.6733 -0.0014 0.7385
62.5679 432.2257 8.9036 107.5535 -0.0360 0.6779 -0.0037 0.7343
62.6718 432.8710 8.9209 107.5989 -0.0359 0.6840 -0.0047 0.7286
62.7758 433.4941 8.9257 107.6230 -0.0352 0.6906 -0.0048 0.7223
62.8798 434.1484 8.9416 107.6438 -0.0340 0.6975 -0.0037 0.7157
62.9837 434.7566 8.9581 107.6130 -0.0328 0.7037 -0.0033 0.7097
63.0876 435.3663 8.9745 107.6165 -0.0316 0.7102 -0.0035 0.7033
63.1914 435.9304 8.9611 107.6057 -0.0312 0.7163 -0.0032 0.6971
63.2954 436.4652 8.9741 107.5722 -0.0321 0.7225 -0.0034 0.6906
63.3993 436.9844 8.9873 107.5415 -0.0331 0.7291 -0.0033 0.6836
63.5032 437.5000 8.9948 107.4750 -0.0327 0.7355 -0.0040 0.6767
63.6071 437.9611 9.0036 107.4043 -0.0295 0.7414 -0.0045 0.6704
63.7108 438.4019 8.9898 107.3539 -0.0247 0.7469 -0.0057 0.6645
63.8147 438.7881 8.9764 107.2977 -0.0191 0.7518 -0.0073 0.6591
63.9184 439.1660 8.9629 107.2267 -0.0162 0.7558 -0.0104 0.6546
64.0222 439.5201 8.9655 107.1725 -0.0146 0.7594 -0.0129 0.6503
64.1260 439.8662 8.9530 107.1013 -0.0129 0.7625 -0.0145 0.6466
64.2297 440.1965 8.9494 107.0320 -0.0109 0.7652 -0.0137 0.6435
64.3333 440.5211 8.9454 106.9776 -0.0076 0.7676 -0.0104 0.6408
64.4371 440.8268 8.9072 106.9068 -0.0059 0.7695 -0.0083 0.6386
64.5407 441.0976 8.9223 106.8556 -0.0067 0.7711 -0.0079 0.6366
64.6444 441.3586 8.9172 106.7766 -0.0096 0.7725 -0.0092 0.6348
64.7481 441.5824 8.9160 106.7427 -0.0123 0.7738 -0.0101 0.6332
64.8517 441.8200 8.9138 106.7174 -0.0138 0.7747 -0.0108 0.6321
64.9553 442.0028 8.9061 106.6886 -0.0128 0.7755 -0.0103 0.6312
65.0591 442.1857 8.8887 106.6304 -0.0107 0.7761 -0.0099 0.6305
65.1627 442.3425 8.8883 106.5705 -0.0087 0.7764 -0.0086 0.6301
65.2663 442.4826 8.8692 106.5635 -0.0071 0.7762 -0.0094 0.6304
65.3701 442.6417 8.8655 106.5348 -0.0070 0.7756 -0.0102 0.6311
65.4737 442.7769 8.8845 106.5022 -0.0061 0.7748 -0.0090 0.6321
65.5774 442.9437 8.8681 106.4592 -0.0045 0.7735 -0.0058 0.6337
65.6811 443.0797 8.8779 106.4188 -0.0032 0.7718 -0.0030 0.6358
65.7848 443.2278 8.8626 106.3983 -0.0018 0.7705 -0.0027 0.6374
65.8886 443.3873 8.8784 106.3964 -0.0021 0.7693 -0.0044 0.6388
65.9922 443.5279 8.8673 106.3765 -0.0029 0.7678 -0.0060 0.6407
66.0959 443.6612 8.8652 106.3588 -0.0032 0.7659 -0.0071 0.6429
66.1997 443.8387 8.8595 106.3288 -0.0033 0.7639 -0.0078 0.6452
66.3033 443.9973 8.8526 106.3108 -0.0034 0.7620 -0.0077 0.6475
66.4071 444.1943 8.8440 106.2889 -0.0062 0.7598 -0.0090 0.6501
66.5107 444.4251 8.8458 106.2871 -0.0099 0.7568 -0.0104 0.6535
66.6143 444.6252 8.8558 106.2708 -0.0124 0.7539 -0.0111 0.6568
66.7181 444.8680 8.8439 106.2565 -0.0121 0.7508 -0.0095 0.6604
66.8217 445.1227 8.8387 106.2170 -0.0100 0.7472 -0.0069 0.6645
66.9254 445.3753 8.8147 106.2061 -0.0094 0.7432 -0.0054 0.6690
67.0291 445.6540 8.8468 106.2077 -0.0076 0.7381 -0.0036 0.6747
67.1328 445.9178 8.8108 106.1749 -0.0069 0.7327 -0.0031 0.6805
67.2364 446.1742 8.8317 106.1724 -0.0066 0.7266 -0.0016 0.6871
67.3401 446.4622 8.8161 106.1800 -0.0068 0.7194 -0.0013 0.6946
67.4437 446.7527 8.8295 106.2068 -0.0066 0.7118 -0.0017 0.7023
67.5473 447.0473 8.7984 106.2278 -0.0066 0.7042 -0.0027 0.7100
67.6511 447.3689 8.8266 106.2753 -0.0073 0.6960 -0.0059 0.7180
67.7547 447.7234 8.8129 106.3062 -0.0080 0.6874 -0.0087 0.7261
67.8583 448.0406 8.8273 106.3783 -0.0084 0.6782 -0.0089 0.7348
67.9621 448.3987 8.7962 106.4381 -0.0080 0.6686 -0.0074 0.7435
68.0657 448.7319 8.7956 106.4874 -0.0077 0.6591 -0.0060 0.7520
68.1693 449.1249 8.7963 106.5666 -0.0078 0.6491 -0.0059 0.7606
68.2731 449.5239 8.7902 106.6807 -0.0082 0.6392 -0.0063 0.7690
68.3767 449.9079 8.7998 106.7980 -0.0084 0.6294 -0.0063 0.7770
68.4803 450.3076 8.7886 106.8855 -0.0082 0.6190 -0.0063 0.7854
68.5841 450.7382 8.7867 107.0292 -0.0078 0.6094 -0.0059 0.7928
68.6878 451.1755 8.7875 107.1942 -0.0076 0.6006 -0.0051 0.7995
68.7916 451.6518 8.7821 107.3404 -0.0076 0.5920 -0.0044 0.8059
68.8953 452.0966 8.7741 107.5170 -0.0075 0.5844 -0.0041 0.8114
68.9991 452.5816 8.7829 107.6992 -0.0072 0.5763 -0.0041 0.8172
69.1028 453.1197 8.7681 107.8993 -0.0066 0.5690 -0.0036 0.8223
69.2066 453.6430 8.7698 108.1111 -0.0058 0.5613 -0.0022 0.8276
69.3103 454.1567 8.7693 108.3549 -0.0043 0.5533 -0.0000 0.8329
69.4139 454.6829 8.7597 108.5890 -0.0033 0.5456 0.0011 0.8380
69.5177 455.2136 8.7586 108.8672 -0.0028 0.5383 0.0016 0.8428
69.6214 455.7900 8.7502 109.1503 -0.0025 0.5313 0.0008 0.8472
69.7253 456.3393 8.7488 109.4570 -0.0028 0.5251 -0.0001 0.8510
69.8291 456.9445 8.7532 109.7892 -0.0032 0.5195 0.0006 0.8545
69.9328 457.5229 8.7392 110.1174 -0.0042 0.5145 0.0009 0.8575
70.0367 458.1210 8.7523 110.4709 -0.0055 0.5108 0.0012 0.8597
70.1406 458.7298 8.7485 110.8015 -0.0063 0.5077 0.0017 0.8615
70.2443 459.3725 8.7381 111.1669 -0.0067 0.5052 0.0014 0.8630
70.3482 459.9985 8.7370 111.5247 -0.0073 0.5034 0.0012 0.8640
70.4519 460.6579 8.7462 111.9204 -0.0076 0.5020 0.0010 0.8648
70.5558 461.3171 8.7443 112.2924 -0.0078 0.5007 -0.0001 0.8656
70.6596 461.9944 8.7482 112.6895 -0.0072 0.4992 0.0004 0.8665
70.7633 462.6919 8.7507 113.1093 -0.0063 0.4978 0.0006 0.8672
70.8672 463.3898 8.7373 113.5140 -0.0057 0.4968 0.0004 0.8678
70.9708 464.0857 8.7348 113.9314 -0.0050 0.4956 0.0003 0.8685
71.0747 464.8233 8.7289 114.3635 -0.0042 0.4943 0.0000 0.8693
71.1784 465.5087 8.7355 114.8192 -0.0032 0.4934 0.0009 0.8698
71.2822 466.2778 8.7172 115.2387 -0.0023 0.4924 0.0020 0.8704
71.3859 466.9944 8.7105 115.6832 -0.0017 0.4915 0.0023 0.8709
71.4896 467.7433 8.7094 116.1428 -0.0006 0.4907 0.0020 0.8714
71.5933 468.5269 8.6880 116.6048 0.0008 0.4903 0.0010 0.8716
71.6972 469.2646 8.6653 117.1049 0.0017 0.4903 0.0003 0.8716
71.8010 470.0616 8.6686 117.5875 0.0010 0.4900 -0.0003 0.8717
71.9047 470.8689 8.6581 118.0630 -0.0001 0.4898 0.0010 0.8718
72.0085 471.6713 8.6578 118.5734 -0.0011 0.4897 0.0013 0.8719
72.1122 472.4550 8.6413 119.0669 -0.0006 0.4894 0.0016 0.8721
72.2160 473.2785 8.6266 119.5789 0.0004 0.4891 0.0023 0.8722
72.3197 474.1187 8.6062 120.0827 0.0014 0.4886 0.0037 0.8725
72.4235 474.9408 8.5997 120.5961 0.0014 0.4883 0.0040 0.8727
72.5272 475.8011 8.5840 121.1417 0.0019 0.4880 0.0047 0.8728
72.6309 476.6337 8.5753 121.6831 0.0020 0.4878 0.0054 0.8730
72.7347 477.5229 8.5628 122.2083 0.0021 0.4874 0.0050 0.8732
72.8385 478.3849 8.5496 122.7589 0.0022 0.4872 0.0041 0.8733
72.9422 479.2681 8.5446 123.3054 0.0020 0.4868 0.0039 0.8735
73.0460 480.1774 8.5096 123.8633 0.0015 0.4870 0.0043 0.8734
73.1497 481.0409 8.5205 124.4306 0.0003 0.4874 0.0027 0.8732
73.2535 481.9589 8.4988 125.0077 0.0000 0.4884 0.0010 0.8726
73.3572 482.8626 8.4808 125.5765 0.0006 0.4905 -0.0007 0.8715
73.4611 483.7682 8.4607 126.1557 0.0003 0.4935 -0.0027 0.8697
73.5649 484.7290 8.4383 126.7076 -0.0005 0.4980 -0.0064 0.8671
73.6688 485.6533 8.4133 127.2612 -0.0007 0.5036 -0.0085 0.8639
73.7727 486.6169 8.3892 127.8004 -0.0016 0.5103 -0.0101 0.8599
73.8767 487.5857 8.3647 128.3129 -0.0029 0.5176 -0.0105 0.8556
73.9806 488.5412 8.3452 128.8141 -0.0053 0.5251 -0.0105 0.8509
74.0845 489.5228 8.3254 129.3216 -0.0062 0.5326 -0.0111 0.8463
74.1885 490.5637 8.2921 129.7730 -0.0052 0.5405 -0.0121 0.8412
74.2923 491.5354 8.2622 130.2227 -0.0045 0.5488 -0.0139 0.8358
74.3962 492.5555 8.2331 130.6679 -0.0041 0.5575 -0.0145 0.8300
74.5001 493.5962 8.2147 131.0730 -0.0051 0.5665 -0.0147 0.8239
74.6038 494.6494 8.1951 131.4447 -0.0051 0.5761 -0.0139 0.8172
74.7078 495.7111 8.1476 131.7981 -0.0041 0.5863 -0.0150 0.8099
74.8117 496.7453 8.1251 132.1155 -0.0033 0.5968 -0.0185 0.8021
74.9155 497.8317 8.0544 132.4257 -0.0014 0.6080 -0.0196 0.7937
75.0193 498.8761 8.0595 132.7017 -0.0018 0.6195 -0.0244 0.7846
75.1233 499.9457 7.9685 132.9411 0.0004 0.6315 -0.0239 0.7750
75.2271 501.0821 7.9423 133.1620 -0.0001 0.6434 -0.0271 0.7650
75.3310 502.1831 7.8710 133.3136 0.0018 0.6543 -0.0273 0.7557
75.4348 503.2965 7.7957 133.4305 0.0047 0.6650 -0.0284 0.7463
75.5386 504.3749 7.7262 133.5513 0.0071 0.6747 -0.0286 0.7375
75.6422 505.4992 7.6529 133.6263 0.0088 0.6836 -0.0279 0.7293
75.7459 506.6383 7.5755 133.6919 0.0094 0.6921 -0.0277 0.7212
75.8496 507.7322 7.5071 133.7436 0.0096 0.7000 -0.0288 0.7135
75.9533 508.8620 7.4251 133.7271 0.0104 0.7078 -0.0303 0.7056
76.0570 509.9870 7.3362 133.7252 0.0110 0.7153 -0.0301 0.6980
76.1606 511.1274 7.2540 133.6619 0.0117 0.7214 -0.0277 0.6919
76.2642 512.2606 7.1695 133.5891 0.0132 0.7263 -0.0254 0.6868
76.3677 513.4056 7.0740 133.5320 0.0162 0.7293 -0.0239 0.6836
76.4713 514.5129 6.9900 133.4337 0.0175 0.7313 -0.0245 0.6814
76.5750 515.6754 6.9118 133.3787 0.0177 0.7330 -0.0248 0.6796
76.6786 516.7621 6.8370 133.2988 0.0178 0.7342 -0.0249 0.6782
76.7822 517.8920 6.7505 133.2008 0.0182 0.7353 -0.0258 0.6770
76.8859 519.0578 6.6576 133.1027 0.0197 0.7364 -0.0266 0.6757
76.9896 520.2316 6.5630 133.0061 0.0206 0.7374 -0.0273 0.6746
77.0932 521.3966 6.4618 132.8988 0.0209 0.7386 -0.0266 0.6733
77.1970 522.5813 6.3700 132.7848 0.0204 0.7396 -0.0251 0.6722
77.3006 523.7743 6.2917 132.6863 0.0190 0.7405 -0.0240 0.6714
77.4042 524.9613 6.2055 132.6087 0.0186 0.7409 -0.0252 0.6709
77.5078 526.1805 6.1056 132.4807 0.0197 0.7410 -0.0271 0.6706
77.6116 527.3874 6.0010 132.3662 0.0206 0.7408 -0.0280 0.6708
77.7152 528.6076 5.9035 132.2567 0.0214 0.7410 -0.0272 0.6706
77.8190 529.8266 5.8077 132.1441 0.0211 0.7410 -0.0276 0.6707
77.9227 531.0730 5.7179 132.0285 0.0207 0.7410 -0.0282 0.6706
78.0263 532.3124 5.6138 131.9109 0.0201 0.7411 -0.0296 0.6704
78.1301 533.6009 5.5118 131.7963 0.0197 0.7419 -0.0290 0.6696
78.2338 534.8412 5.4060 131.6774 0.0197 0.7427 -0.0287 0.6687
78.3375 536.1104 5.3041 131.5562 0.0196 0.7435 -0.0291 0.6678
78.4412 537.4059 5.1891 131.4035 0.0199 0.7443 -0.0292 0.6670
78.5448 538.6712 5.0968 131.2826 0.0194 0.7453 -0.0292 0.6658
78.6486 539.9474 4.9720 131.1218 0.0192 0.7465 -0.0291 0.6645
78.7523 541.2441 4.8769 130.9832 0.0186 0.7476 -0.0293 0.6633
78.8560 542.5590 4.7676 130.8548 0.0181 0.7489 -0.0289 0.6618
78.9597 543.8353 4.6642 130.6863 0.0174 0.7500 -0.0292 0.6605
79.0633 545.1925 4.5570 130.5183 0.0171 0.7509 -0.0299 0.6595
79.1671 546.5068 4.4550 130.3801 0.0174 0.7519 -0.0298 0.6584
79.2708 547.8237 4.3449 130.1631 0.0177 0.7526 -0.0297 0.6576
79.3745 549.2026 4.2266 130.0077 0.0178 0.7537 -0.0303 0.6563
79.4782 550.5387 4.1176 129.8207 0.0178 0.7547 -0.0305 0.6552
79.5820 551.8951 4.0091 129.6528 0.0175 0.7558 -0.0308 0.6539
79.6857 553.2363 3.9017 129.4560 0.0175 0.7570 -0.0307 0.6524
79.7895 554.6270 3.7767 129.2489 0.0170 0.7582 -0.0310 0.6510
79.8932 556.0060 3.6700 129.0343 0.0168 0.7594 -0.0310 0.6496
79.9970 557.3920 3.5543 128.8416 0.0172 0.7607 -0.0309 0.6482
80.1006 558.7985 3.4377 128.6184 0.0176 0.7615 -0.0309 0.6472
80.2043 560.1906 3.3149 128.4007 0.0182 0.7623 -0.0307 0.6463
80.3080 561.6225 3.2018 128.1600 0.0183 0.7629 -0.0308 0.6456
80.4117 563.0566 3.0800 127.9291 0.0181 0.7634 -0.0309 0.6449
80.5153 564.4721 2.9626 127.7010 0.0190 0.7638 -0.0301 0.6445
80.6191 565.9119 2.8357 127.4536 0.0194 0.7642 -0.0303 0.6439
80.7227 567.3094 2.7089 127.2330 0.0197 0.7647 -0.0300 0.6434
80.8264 568.7917 2.6006 126.9584 0.0197 0.7650 -0.0296 0.6430
80.9301 570.2194 2.4698 126.7112 0.0196 0.7651 -0.0297 0.6429
81.0338 571.6748 2.3576 126.4799 0.0196 0.7655 -0.0296 0.6424
81.1375 573.1653 2.2238 126.2280 0.0186 0.7660 -0.0294 0.6419
81.2412 574.6281 2.1117 125.9659 0.0186 0.7664 -0.0279 0.6415
81.3449 576.0765 1.9903 125.7163 0.0188 0.7668 -0.0278 0.6410
81.4486 577.5500 1.8637 125.4427 0.0185 0.7667 -0.0289 0.6411
81.5523 579.0198 1.7442 125.1970 0.0191 0.7669 -0.0284 0.6409
81.6561 580.5188 1.6112 124.9631 0.0186 0.7670 -0.0291 0.6408
81.7597 581.9856 1.4936 124.7007 0.0191 0.7670 -0.0286 0.6408
81.8635 583.5297 1.3633 124.4364 0.0191 0.7669 -0.0291 0.6408
81.9671 584.9281 1.2415 124.1787 0.0199 0.7667 -0.0293 0.6410
82.0708 586.4208 1.1079 123.9123 0.0210 0.7664 -0.0290 0.6414
82.1745 587.9235 0.9668 123.6511 0.0214 0.7659 -0.0285 0.6419
82.2782 589.4721 0.8331 123.3651 0.0217 0.7652 -0.0272 0.6429
82.3820 590.9121 0.7088 123.1181 0.0219 0.7645 -0.0263 0.6437
82.4857 592.4090 0.5799 122.8921 0.0213 0.7644 -0.0265 0.6439
82.5894 593.8793 0.4610 122.6568 0.0220 0.7641 -0.0256 0.6443
82.6931 595.3560 0.3346 122.4101 0.0217 0.7638 -0.0263 0.6446
82.7969 596.8422 0.2062 122.1453 0.0220 0.7636 -0.0261 0.6448
82.9006 598.3031 0.0830 121.9173 0.0220 0.7633 -0.0259 0.6452
83.0042 599.8441 -0.0609 121.6753 0.0217 0.7631 -0.0262 0.6454
83.1078 601.2864 -0.1799 121.4581 0.0213 0.7629 -0.0262 0.6456
83.2116 602.7915 -0.3112 121.1977 0.0207 0.7629 -0.0260 0.6457
83.3152 604.2853 -0.4468 120.9594 0.0203 0.7628 -0.0251 0.6459
83.4190 605.7527 -0.5566 120.7218 0.0236 0.7626 -0.0219 0.6461
83.5226 607.2400 -0.6855 120.4553 0.0245 0.7620 -0.0222 0.6467
83.6262 608.7401 -0.8244 120.2306 0.0249 0.7619 -0.0237 0.6468
83.7300 610.2000 -0.9445 120.0083 0.0243 0.7617 -0.0246 0.6470
83.8336 611.6858 -1.0708 119.7683 0.0233 0.7614 -0.0244 0.6474
83.9373 613.1556 -1.1859 119.5407 0.0226 0.7611 -0.0249 0.6478
84.0410 614.6227 -1.3100 119.3284 0.0228 0.7608 -0.0249 0.6482
84.1447 616.1213 -1.4415 119.0943 0.0214 0.7606 -0.0259 0.6483
84.2484 617.5871 -1.5655 118.8570 0.0208 0.7604 -0.0262 0.6486
84.3521 619.0741 -1.6881 118.6305 0.0201 0.7604 -0.0260 0.6486
84.4557 620.5414 -1.8098 118.3967 0.0206 0.7605 -0.0259 0.6485
84.5594 622.0258 -1.9345 118.1713 0.0213 0.7605 -0.0257 0.6485
84.6630 623.4905 -2.0655 117.9374 0.0218 0.7604 -0.0250 0.6486
84.7667 624.9710 -2.1840 117.7213 0.0222 0.7602 -0.0235 0.6489
84.8703 626.4386 -2.3085 117.4984 0.0222 0.7596 -0.0243 0.6496
84.9740 627.8819 -2.4330 117.2898 0.0232 0.7592 -0.0262 0.6500
85.0777 629.3351 -2.5698 117.0584 0.0219 0.7588 -0.0267 0.6504
85.1813 630.7768 -2.7035 116.8563 0.0194 0.7583 -0.0276 0.6510
85.2851 632.2286 -2.8255 116.6558 0.0188 0.7581 -0.0270 0.6513
85.3887 633.6445 -2.9464 116.4401 0.0196 0.7581 -0.0246 0.6514
85.4925 635.0592 -3.0720 116.2298 0.0193 0.7580 -0.0239 0.6515
85.5961 636.4923 -3.1890 116.0290 0.0197 0.7580 -0.0236 0.6515
85.6997 637.9040 -3.3039 115.8195 0.0195 0.7583 -0.0244 0.6512
85.8034 639.2651 -3.4173 115.6428 0.0196 0.7586 -0.0239 0.6508
85.9071 640.6653 -3.5340 115.4247 0.0189 0.7589 -0.0245 0.6505
86.0108 642.0191 -3.6535 115.2281 0.0183 0.7590 -0.0248 0.6504
86.1145 643.3790 -3.7757 115.0358 0.0180 0.7593 -0.0243 0.6500
86.2182 644.6844 -3.8779 114.8296 0.0168 0.7596 -0.0234 0.6497
86.3218 645.9854 -3.9844 114.6331 0.0159 0.7599 -0.0221 0.6495
86.4256 647.2566 -4.0849 114.4459 0.0161 0.7600 -0.0224 0.6493
86.5292 648.5007 -4.2067 114.2546 0.0178 0.7602 -0.0241 0.6490
86.6330 649.7184 -4.3018 114.0735 0.0179 0.7602 -0.0244 0.6489
86.7367 650.8869 -4.4118 113.8778 0.0181 0.7601 -0.0230 0.6492
86.8403 652.0300 -4.5003 113.7317 0.0179 0.7596 -0.0218 0.6498
86.9441 653.1299 -4.6021 113.5469 0.0175 0.7590 -0.0216 0.6505
87.0477 654.2380 -4.6903 113.3925 0.0161 0.7586 -0.0223 0.6509
87.1514 655.2629 -4.7792 113.2341 0.0158 0.7578 -0.0206 0.6519
87.2550 656.3103 -4.8732 113.0762 0.0148 0.7571 -0.0188 0.6528
87.3587 657.2888 -4.9350 112.9620 0.0137 0.7567 -0.0188 0.6533
87.4625 658.2048 -5.0256 112.8180 0.0142 0.7565 -0.0187 0.6536
87.5662 659.0922 -5.0953 112.7020 0.0147 0.7563 -0.0197 0.6537
87.6699 659.9453 -5.1569 112.5804 0.0154 0.7562 -0.0196 0.6538
87.7736 660.7483 -5.2311 112.4566 0.0144 0.7562 -0.0202 0.6539
87.8773 661.5142 -5.2782 112.3770 0.0132 0.7571 -0.0216 0.6528
87.9812 662.2202 -5.3387 112.2663 0.0121 0.7599 -0.0228 0.6495
88.0852 662.9130 -5.3924 112.1552 0.0107 0.7653 -0.0243 0.6431
88.1892 663.5632 -5.4486 112.0198 0.0094 0.7727 -0.0258 0.6342
88.2933 664.1632 -5.4952 111.8836 0.0092 0.7819 -0.0273 0.6227
88.3975 664.7531 -5.5517 111.7205 0.0106 0.7922 -0.0280 0.6095
88.5016 665.3477 -5.6153 111.5316 0.0120 0.8040 -0.0280 0.5939
88.6058 665.9208 -5.6545 111.2854 0.0127 0.8169 -0.0278 0.5760
88.7101 666.4478 -5.7025 111.0667 0.0127 0.8312 -0.0277 0.5552
88.8143 666.9801 -5.7604 110.7909 0.0122 0.8456 -0.0270 0.5330
88.9186 667.4532 -5.7857 110.4744 0.0117 0.8598 -0.0269 0.5098
89.0228 667.9372 -5.8333 110.1903 0.0122 0.8748 -0.0268 0.4835
89.1271 668.3447 -5.9052 109.7926 0.0131 0.8893 -0.0276 0.4562
89.2313 668.7470 -5.9351 109.4652 0.0136 0.9038 -0.0291 0.4268
89.3356 669.1132 -5.9766 109.0316 0.0143 0.9172 -0.0314 0.3969
89.4396 669.4241 -6.0154 108.6650 0.0179 0.9296 -0.0321 0.3667
89.5437 669.6857 -6.0958 108.2474 0.0217 0.9410 -0.0308 0.3363
89.6478 669.9839 -6.1347 107.7485 0.0223 0.9513 -0.0310 0.3059
89.7518 670.1832 -6.1577 107.3518 0.0217 0.9607 -0.0311 0.2748
89.8558 670.4173 -6.1899 106.8428 0.0223 0.9691 -0.0307 0.2437
89.9597 670.5745 -6.2431 106.3875 0.0250 0.9766 -0.0300 0.2117
90.0637 670.7241 -6.2952 105.8881 0.0280 0.9828 -0.0311 0.1801
90.1676 670.8359 -6.3312 105.3408 0.0291 0.9880 -0.0343 0.1480
90.2715 670.9422 -6.3731 104.8678 0.0292 0.9922 -0.0377 0.1151
90.3755 670.9732 -6.4089 104.3039 0.0295 0.9954 -0.0395 0.0824
90.4793 670.9992 -6.4537 103.8068 0.0296 0.9976 -0.0390 0.0499
90.5831 670.9772 -6.4933 103.2465 0.0302 0.9987 -0.0386 0.0168
90.6870 670.9175 -6.5475 102.6378 0.0303 0.9986 -0.0396 -0.0170
90.7908 670.8152 -6.5907 102.1116 0.0306 0.9974 -0.0422 -0.0507
90.8946 670.7066 -6.6453 101.5159 0.0303 0.9950 -0.0441 -0.0843
90.9985 670.5635 -6.6891 100.9783 0.0303 0.9914 -0.0465 -0.1183
91.1021 670.3268 -6.7310 100.3992 0.0305 0.9870 -0.0484 -0.1504
91.2058 670.0520 -6.7924 99.8227 0.0319 0.9818 -0.0485 -0.1806
91.3095 669.8014 -6.8444 99.2754 0.0324 0.9759 -0.0496 -0.2100
91.4130 669.4707 -6.8998 98.7032 0.0332 0.9697 -0.0502 -0.2366
91.5166 669.1261 -6.9620 98.1369 0.0338 0.9636 -0.0513 -0.2602
91.6202 668.7051 -7.0205 97.5812 0.0342 0.9574 -0.0534 -0.2817
91.7237 668.3345 -7.0734 97.0117 0.0350 0.9519 -0.0546 -0.2996
91.8272 667.8723 -7.1472 96.4705 0.0359 0.9472 -0.0537 -0.3140
91.9306 667.4221 -7.1944 95.9274 0.0358 0.9432 -0.0512 -0.3264
92.0341 666.9777 -7.2610 95.3375 0.0344 0.9394 -0.0487 -0.3376
92.1377 666.5061 -7.3219 94.7543 0.0328 0.9359 -0.0469 -0.3476
92.2412 665.9690 -7.3680 94.2015 0.0314 0.9327 -0.0447 -0.3565
92.3449 665.4307 -7.4352 93.6333 0.0300 0.9293 -0.0422 -0.3658
92.4486 664.8915 -7.4900 93.0940 0.0267 0.9255 -0.0389 -0.3758
92.5522 664.3385 -7.5393 92.5163 0.0230 0.9217 -0.0354 -0.3855
92.6560 663.7621 -7.5854 91.9688 0.0221 0.9174 -0.0317 -0.3961
92.7597 663.1746 -7.6335 91.4073 0.0194 0.9127 -0.0268 -0.4072
92.8635 662.5470 -7.6743 90.8835 0.0166 0.9077 -0.0223 -0.4187
92.9672 661.9318 -7.6992 90.3693 0.0144 0.9023 -0.0196 -0.4303
93.0710 661.2847 -7.7462 89.8781 0.0127 0.8966 -0.0174 -0.4424
93.1747 660.6228 -7.7727 89.3908 0.0138 0.8905 -0.0164 -0.4544
93.2785 659.9300 -7.7861 88.9086 0.0147 0.8843 -0.0137 -0.4665
93.3821 659.2429 -7.7857 88.4722 0.0167 0.8784 -0.0121 -0.4775
93.4858 658.5326 -7.8182 88.0516 0.0186 0.8731 -0.0107 -0.4871
93.5895 657.7436 -7.8417 87.6180 0.0198 0.8686 -0.0092 -0.4950
93.6931 657.0267 -7.8513 87.1811 0.0204 0.8658 -0.0071 -0.5000
93.7967 656.2917 -7.8501 86.7589 0.0212 0.8638 -0.0047 -0.5033
93.9004 655.5209 -7.8580 86.3461 0.0207 0.8632 -0.0015 -0.5044
94.0040 654.7774 -7.8247 85.8788 0.0189 0.8627 0.0014 -0.5053
94.1076 653.9848 -7.8185 85.4250 0.0170 0.8630 0.0022 -0.5049
94.2113 653.2097 -7.8477 84.9342 0.0133 0.8636 0.0011 -0.5039
94.3150 652.4296 -7.8638 84.4984 0.0104 0.8646 -0.0015 -0.5023
94.4186 651.6674 -7.8694 84.0354 0.0077 0.8663 -0.0033 -0.4995
94.5222 650.8404 -7.8854 83.5323 0.0080 0.8677 -0.0044 -0.4970
94.6260 650.0482 -7.8613 83.0130 0.0102 0.8691 -0.0050 -0.4946
94.7297 649.2050 -7.8884 82.5091 0.0095 0.8702 -0.0051 -0.4927
94.8335 648.4249 -7.9145 82.0530 0.0066 0.8708 -0.0061 -0.4916
94.9372 647.6326 -7.9558 81.5344 0.0024 0.8707 -0.0067 -0.4918
95.0410 646.7523 -7.9588 80.9759 0.0015 0.8708 -0.0066 -0.4916
95.1447 645.9055 -7.9893 80.4675 0.0024 0.8710 -0.0070 -0.4912
95.2484 645.0586 -7.9972 79.9240 0.0022 0.8714 -0.0057 -0.4906
95.3521 644.1808 -8.0340 79.4309 0.0034 0.8720 -0.0043 -0.4896
95.4559 643.3330 -8.0231 78.9167 0.0064 0.8726 -0.0045 -0.4883
95.5595 642.4911 -8.0721 78.3792 0.0071 0.8734 -0.0041 -0.4869
95.6631 641.6016 -8.1008 77.8204 0.0062 0.8743 -0.0037 -0.4854
95.7669 640.7409 -8.1091 77.2551 0.0074 0.8752 -0.0038 -0.4836
95.8705 639.8800 -8.1159 76.7441 0.0087 0.8763 -0.0041 -0.4816
95.9742 639.0838 -8.1466 76.1885 0.0099 0.8775 -0.0047 -0.4794
96.0779 638.2132 -8.1768 75.6282 0.0075 0.8785 -0.0047 -0.4776
96.1816 637.3965 -8.1884 75.0662 0.0076 0.8793 -0.0053 -0.4762
96.2853 636.5498 -8.2062 74.5068 0.0086 0.8797 -0.0047 -0.4754
96.3891 635.7226 -8.2247 73.9526 0.0091 0.8801 -0.0043 -0.4746
96.4929 634.9357 -8.2516 73.3898 0.0086 0.8806 -0.0045 -0.4738
96.5966 634.0886 -8.2953 72.8645 0.0067 0.8808 -0.0047 -0.4734
96.7004 633.2830 -8.2932 72.3038 0.0076 0.8809 -0.0046 -0.4731
96.8040 632.4771 -8.3035 71.7609 0.0085 0.8807 -0.0030 -0.4735
96.9077 631.6783 -8.3329 71.2103 0.0083 0.8808 -0.0022 -0.4733
97.0115 630.9136 -8.3623 70.7142 0.0069 0.8809 -0.0028 -0.4733
97.1151 630.1295 -8.3738 70.2087 0.0071 0.8812 -0.0036 -0.4727
97.2189 629.3513 -8.3994 69.6819 0.0079 0.8816 -0.0036 -0.4720
97.3225 628.5834 -8.4263 69.1267 0.0082 0.8821 -0.0040 -0.4710
97.4262 627.8265 -8.4391 68.6045 0.0082 0.8827 -0.0048 -0.4699
97.5300 627.0930 -8.4495 68.1142 0.0080 0.8835 -0.0040 -0.4684
97.6337 626.3682 -8.4779 67.6193 0.0087 0.8840 -0.0026 -0.4674
97.7375 625.6381 -8.5026 67.0938 0.0095 0.8848 -0.0026 -0.4659
97.8412 624.9509 -8.5260 66.6206 0.0075 0.8854 -0.0035 -0.4648
97.9451 624.2752 -8.5204 66.1235 0.0072 0.8859 -0.0038 -0.4638
98.0487 623.6043 -8.5489 65.6370 0.0065 0.8864 -0.0032 -0.4629
98.1525 622.9409 -8.5740 65.1784 0.0074 0.8866 -0.0032 -0.4625
98.2562 622.2997 -8.5833 64.7229 0.0061 0.8869 -0.0028 -0.4620
98.3600 621.6671 -8.6028 64.2614 0.0057 0.8871 -0.0032 -0.4616
98.4637 621.0977 -8.6288 63.8548 0.0066 0.8875 -0.0025 -0.4608
98.5675 620.5237 -8.6533 63.4462 0.0078 0.8879 -0.0009 -0.4599
98.6712 619.9578 -8.6544 63.0428 0.0081 0.8883 0.0006 -0.4591
98.7749 619.4486 -8.6768 62.6595 0.0083 0.8888 0.0013 -0.4583
98.8786 618.9366 -8.6784 62.2899 0.0081 0.8894 0.0014 -0.4572
98.9823 618.4764 -8.6915 61.9495 0.0082 0.8897 0.0011 -0.4564
99.0861 618.0290 -8.6976 61.6236 0.0078 0.8901 0.0003 -0.4558
99.1897 617.5954 -8.7236 61.2948 0.0079 0.8904 -0.0003 -0.4551
99.2935 617.2033 -8.7342 61.0077 0.0085 0.8907 -0.0004 -0.4545
99.3972 616.8303 -8.7325 60.7302 0.0078 0.8908 -0.0011 -0.4543
99.5008 616.4991 -8.7430 60.4617 0.0070 0.8908 -0.0015 -0.4544
99.6046 616.1600 -8.7372 60.2200 0.0063 0.8908 -0.0010 -0.4544
99.7083 615.8302 -8.7597 60.0005 0.0075 0.8911 -0.0008 -0.4537
99.8120 615.5966 -8.7837 59.8076 0.0094 0.8914 -0.0017 -0.4531
99.9157 615.3393 -8.7830 59.6136 0.0100 0.8913 -0.0027 -0.4532
100.0193 615.0860 -8.7904 59.4264 0.0086 0.8915 -0.0025 -0.4529
100.1231 614.8462 -8.7919 59.2375 0.0094 0.8920 -0.0028 -0.4520
100.2267 614.6742 -8.7944 59.1111 0.0092 0.8920 -0.0023 -0.4519
100.3305 614.4830 -8.8045 58.9718 0.0099 0.8918 -0.0027 -0.4523
100.4341 614.3219 -8.8068 58.8376 0.0082 0.8921 -0.0035 -0.4518
100.5379 614.1402 -8.8082 58.7091 0.0079 0.8920 -0.0050 -0.4519
100.6415 613.9719 -8.8096 58.6003 0.0077 0.8920 -0.0052 -0.4519
100.7452 613.8121 -8.8312 58.4821 0.0081 0.8921 -0.0055 -0.4517
100.8489 613.6543 -8.8307 58.3528 0.0083 0.8922 -0.0055 -0.4516
100.9526 613.4716 -8.8431 58.2388 0.0089 0.8920 -0.0057 -0.4519
101.0562 613.3134 -8.8438 58.1072 0.0088 0.8920 -0.0059 -0.4519
101.1600 613.1554 -8.8389 57.9792 0.0080 0.8921 -0.0062 -0.4518
101.2636 612.9897 -8.8403 57.8552 0.0079 0.8921 -0.0066 -0.4517
101.3674 612.8089 -8.8525 57.7452 0.0078 0.8921 -0.0057 -0.4518
101.4710 612.6476 -8.8547 57.6257 0.0083 0.8921 -0.0055 -0.4518
101.5747 612.4890 -8.8613 57.4984 0.0086 0.8921 -0.0057 -0.4517
101.6784 612.3160 -8.8622 57.3935 0.0087 0.8921 -0.0058 -0.4516
101.7821 612.1789 -8.8577 57.2639 0.0079 0.8920 -0.0054 -0.4519
101.8859 612.0253 -8.8694 57.1582 0.0083 0.8921 -0.0058 -0.4518
101.9896 611.8689 -8.8684 57.0453 0.0090 0.8920 -0.0061 -0.4519
102.0932 611.7168 -8.8978 56.9307 0.0100 0.8919 -0.0059 -0.4520
102.1970 611.5949 -8.9011 56.8514 0.0100 0.8920 -0.0058 -0.4520
102.3007 611.4637 -8.9012 56.7510 0.0096 0.8920 -0.0057 -0.4519
102.4045 611.3556 -8.8961 56.6601 0.0083 0.8920 -0.0055 -0.4519
102.5083 611.2473 -8.9067 56.5747 0.0076 0.8921 -0.0055 -0.4518
102.6119 611.1160 -8.9040 56.4968 0.0090 0.8921 -0.0065 -0.4517
102.7156 610.9823 -8.9207 56.4152 0.0098 0.8919 -0.0068 -0.4520
102.8194 610.8694 -8.9242 56.3177 0.0095 0.8919 -0.0066 -0.4521
102.9230 610.7725 -8.9199 56.2343 0.0097 0.8920 -0.0056 -0.4519
103.0267 610.6408 -8.9168 56.1584 0.0085 0.8920 -0.0036 -0.4519
103.1305 610.5595 -8.9159 56.0829 0.0071 0.8919 -0.0031 -0.4522
103.2341 610.4446 -8.9303 55.9981 0.0073 0.8920 -0.0049 -0.4520
103.3379 610.3459 -8.9335 55.9116 0.0079 0.8921 -0.0059 -0.4518
103.4415 610.2574 -8.9413 55.8467 0.0079 0.8920 -0.0057 -0.4518
103.5452 610.1623 -8.9340 55.7779 0.0075 0.8921 -0.0057 -0.4518
103.6490 610.0277 -8.9330 55.6691 0.0075 0.8921 -0.0059 -0.4517
103.7526 609.9031 -8.9388 55.5949 0.0066 0.8923 -0.0064 -0.4514
103.8564 609.7898 -8.9441 55.4829 0.0067 0.8924 -0.0083 -0.4511
103.9601 609.6546 -8.9651 55.4008 0.0063 0.8926 -0.0098 -0.4506
104.0637 609.4704 -8.9609 55.2680 0.0051 0.8931 -0.0111 -0.4497
104.1674 609.2969 -8.9652 55.1082 0.0049 0.8937 -0.0117 -0.4486
104.2710 609.0871 -8.9568 54.9549 0.0039 0.8947 -0.0128 -0.4464
104.3746 608.8968 -8.9659 54.7966 0.0045 0.8958 -0.0136 -0.4442
104.4782 608.5728 -8.9850 54.5514 0.0056 0.8971 -0.0146 -0.4415
104.5820 608.3574 -9.0010 54.3222 0.0055 0.8986 -0.0162 -0.4385
104.6857 608.0621 -9.0055 54.1121 0.0048 0.9007 -0.0159 -0.4341
104.7894 607.7742 -9.0119 53.8689 0.0057 0.9025 -0.0171 -0.4303
104.8930 607.4494 -9.0248 53.6235 0.0074 0.9047 -0.0176 -0.4257
104.9967 607.1336 -9.0426 53.3454 0.0085 0.9069 -0.0170 -0.4209
105.1005 606.7861 -9.0545 53.0328 0.0097 0.9090 -0.0160 -0.4164
105.2041 606.4479 -9.0797 52.6806 0.0084 0.9112 -0.0169 -0.4114
105.3077 606.0860 -9.0817 52.3282 0.0080 0.9134 -0.0171 -0.4067
105.4115 605.7010 -9.1046 51.9814 0.0099 0.9152 -0.0154 -0.4025
105.5153 605.2916 -9.1301 51.6043 0.0125 0.9172 -0.0143 -0.3981
105.6189 604.8696 -9.1327 51.1794 0.0135 0.9190 -0.0138 -0.3939
105.7226 604.4785 -9.1400 50.7889 0.0125 0.9204 -0.0112 -0.3905
105.8265 604.0829 -9.1651 50.3742 0.0130 0.9215 -0.0094 -0.3879
105.9302 603.6037 -9.1727 49.9029 0.0102 0.9225 -0.0082 -0.3857
106.0341 603.1725 -9.1852 49.4521 0.0087 0.9229 -0.0067 -0.3848
106.1379 602.6960 -9.1998 48.9336 0.0063 0.9233 -0.0046 -0.3840
106.2417 602.2321 -9.1976 48.5060 0.0069 0.9237 -0.0046 -0.3830
106.3455 601.7292 -9.2000 47.9934 0.0070 0.9241 -0.0047 -0.3821
106.4492 601.2126 -9.2351 47.4561 0.0072 0.9243 -0.0049 -0.3816
106.5530 600.7028 -9.2437 46.9094 0.0038 0.9249 -0.0073 -0.3801
106.6568 600.1731 -9.2237 46.3614 0.0008 0.9251 -0.0093 -0.3796
106.7605 599.6525 -9.2555 45.7973 -0.0006 0.9254 -0.0119 -0.3788
106.8642 599.0904 -9.2819 45.2568 0.0017 0.9257 -0.0124 -0.3780
106.9680 598.5585 -9.3221 44.6733 0.0035 0.9259 -0.0114 -0.3775
107.0718 597.9544 -9.3378 44.0410 0.0025 0.9261 -0.0101 -0.3771
107.1755 597.3914 -9.3591 43.4171 0.0035 0.9265 -0.0093 -0.3762
107.2791 596.7990 -9.3776 42.8048 0.0018 0.9270 -0.0085 -0.3749
107.3829 596.2099 -9.3967 42.1841 0.0042 0.9276 -0.0084 -0.3736
107.4865 595.5863 -9.4379 41.5384 0.0043 0.9283 -0.0073 -0.3718
107.5902 594.9750 -9.4516 40.8693 0.0036 0.9292 -0.0072 -0.3694
107.6939 594.3514 -9.4778 40.2175 0.0040 0.9303 -0.0061 -0.3666
107.7976 593.7237 -9.4981 39.5477 0.0061 0.9313 -0.0058 -0.3640
107.9012 593.0844 -9.5282 38.8372 0.0067 0.9323 -0.0062 -0.3617
108.0050 592.4957 -9.5278 38.1528 0.0063 0.9329 -0.0072 -0.3599
108.1087 591.8838 -9.5763 37.4746 0.0060 0.9335 -0.0085 -0.3585
108.2125 591.2831 -9.6028 36.7754 0.0043 0.9338 -0.0092 -0.3578
108.3162 590.6846 -9.6336 36.0712 0.0032 0.9336 -0.0099 -0.3583
108.4200 590.0699 -9.6640 35.3688 0.0026 0.9334 -0.0100 -0.3587
108.5237 589.4501 -9.7059 34.6791 0.0009 0.9331 -0.0095 -0.3595
108.6275 588.8177 -9.7337 34.0057 0.0009 0.9329 -0.0090 -0.3600
108.7312 588.1989 -9.7478 33.3295 0.0022 0.9325 -0.0095 -0.3611
108.8351 587.6004 -9.7876 32.6333 0.0028 0.9319 -0.0093 -0.3625
108.9389 587.0060 -9.8056 31.9842 0.0022 0.9315 -0.0101 -0.3635
109.0426 586.3638 -9.8502 31.3040 0.0021 0.9311 -0.0110 -0.3646
109.1464 585.7327 -9.8744 30.5990 0.0020 0.9305 -0.0110 -0.3661
109.2501 585.0814 -9.9098 29.9194 0.0013 0.9300 -0.0107 -0.3674
109.3539 584.4568 -9.9334 29.2315 0.0016 0.9295 -0.0110 -0.3686
109.4576 583.7974 -9.9958 28.4979 0.0026 0.9290 -0.0116 -0.3699
109.5612 583.1346 -10.0028 27.8203 0.0013 0.9285 -0.0120 -0.3712
109.6650 582.4949 -10.0605 27.1604 0.0013 0.9281 -0.0129 -0.3722
109.7687 581.8522 -10.0887 26.4721 0.0010 0.9278 -0.0128 -0.3727
109.8724 581.1993 -10.1356 25.7841 0.0015 0.9278 -0.0129 -0.3729
109.9761 580.5444 -10.1647 25.0892 0.0017 0.9277 -0.0122 -0.3731
110.0797 579.8619 -10.1951 24.3845 0.0012 0.9277 -0.0124 -0.3732
110.1835 579.1909 -10.2383 23.6759 0.0010 0.9278 -0.0128 -0.3728
110.2872 578.5625 -10.2838 22.9940 0.0006 0.9280 -0.0131 -0.3723
110.3909 577.8755 -10.3126 22.2775 0.0006 0.9283 -0.0130 -0.3716
110.4946 577.2153 -10.3585 21.5692 0.0007 0.9285 -0.0129 -0.3711
110.5982 576.5463 -10.3973 20.8372 0.0000 0.9288 -0.0137 -0.3702
110.7020 575.8824 -10.4550 20.1310 -0.0006 0.9291 -0.0152 -0.3695
110.8056 575.2196 -10.4992 19.4336 -0.0017 0.9295 -0.0154 -0.3684
110.9092 574.5654 -10.5415 18.6916 -0.0004 0.9299 -0.0145 -0.3675
111.0129 573.9186 -10.5877 17.9562 0.0009 0.9305 -0.0128 -0.3661
111.1166 573.2495 -10.6166 17.2602 -0.0009 0.9308 -0.0109 -0.3653
111.2202 572.5988 -10.6705 16.5507 0.0003 0.9311 -0.0118 -0.3646
111.3240 571.9647 -10.7167 15.8389 -0.0002 0.9315 -0.0121 -0.3635
111.4276 571.3387 -10.7565 15.1617 0.0018 0.9319 -0.0132 -0.3624
111.5314 570.7096 -10.7901 14.4540 0.0026 0.9323 -0.0140 -0.3613
111.6350 570.0920 -10.8442 13.7611 0.0009 0.9327 -0.0145 -0.3604
111.7387 569.4313 -10.8814 13.0535 0.0005 0.9330 -0.0154 -0.3596
111.8424 568.8178 -10.9306 12.3481 0.0008 0.9335 -0.0150 -0.3583
111.9461 568.1893 -10.9600 11.6340 0.0005 0.9336 -0.0129 -0.3580
112.0497 567.5693 -11.0104 10.9198 0.0020 0.9339 -0.0114 -0.3573
112.1535 566.9740 -11.0433 10.1849 0.0007 0.9340 -0.0115 -0.3572
112.2571 566.3658 -11.1018 9.5356 -0.0012 0.9338 -0.0118 -0.3577
112.3609 565.7478 -11.1283 8.8479 -0.0023 0.9334 -0.0130 -0.3587
112.4646 565.1662 -11.1804 8.1896 -0.0010 0.9330 -0.0141 -0.3596
112.5682 564.5604 -11.2038 7.5188 0.0008 0.9326 -0.0145 -0.3606
112.6720 563.9609 -11.2646 6.8571 0.0020 0.9322 -0.0153 -0.3617
112.7756 563.3422 -11.2987 6.2068 0.0029 0.9319 -0.0158 -0.3623
112.8794 562.7250 -11.3357 5.5345 0.0034 0.9314 -0.0162 -0.3636
112.9830 562.1140 -11.3878 4.8663 0.0034 0.9310 -0.0170 -0.3647
113.0867 561.6096 -11.4250 4.2764 0.0022 0.9305 -0.0189 -0.3657
113.1905 561.0422 -11.5003 3.6542 -0.0013 0.9301 -0.0216 -0.3666
113.2941 560.4777 -11.5631 3.0383 -0.0043 0.9297 -0.0241 -0.3676
113.3978 559.9560 -11.6042 2.4383 -0.0041 0.9293 -0.0249 -0.3684
113.5015 559.4099 -11.6565 1.8652 -0.0034 0.9291 -0.0242 -0.3691
113.6052 558.9055 -11.7014 1.3299 0.0004 0.9289 -0.0239 -0.3696
113.7090 558.4175 -11.7640 0.8255 0.0017 0.9288 -0.0242 -0.3699
113.8126 557.9517 -11.7897 0.3062 0.0017 0.9287 -0.0253 -0.3699
113.9164 557.4802 -11.8748 -0.1591 0.0002 0.9286 -0.0271 -0.3702
114.0201 557.0827 -11.9100 -0.6152 -0.0005 0.9285 -0.0285 -0.3702
114.1239 556.6598 -11.9504 -1.0623 0.0012 0.9286 -0.0292 -0.3700
114.2276 556.2417 -11.9898 -1.5059 0.0015 0.9287 -0.0287 -0.3698
114.3314 555.8601 -12.0378 -1.9060 0.0004 0.9288 -0.0276 -0.3696
114.4350 555.4955 -12.0673 -2.2810 0.0005 0.9288 -0.0287 -0.3696
114.5387 555.1347 -12.1275 -2.6707 -0.0027 0.9287 -0.0294 -0.3697
114.6425 554.8022 -12.1727 -3.0535 -0.0047 0.9287 -0.0294 -0.3697
114.7463 554.4707 -12.2074 -3.4247 -0.0049 0.9286 -0.0294 -0.3700
114.8500 554.1172 -12.2406 -3.7991 -0.0040 0.9286 -0.0291 -0.3700
114.9538 553.7881 -12.2836 -4.1188 -0.0037 0.9286 -0.0279 -0.3701
115.0574 553.5170 -12.3214 -4.4497 -0.0059 0.9284 -0.0264 -0.3706
115.1611 553.1834 -12.3551 -4.7923 -0.0068 0.9283 -0.0261 -0.3709
115.2649 552.8798 -12.3952 -5.1268 -0.0070 0.9281 -0.0261 -0.3713
115.3686 552.5855 -12.4303 -5.4181 -0.0050 0.9281 -0.0268 -0.3714
115.4724 552.2930 -12.4547 -5.7528 -0.0047 0.9280 -0.0273 -0.3717
115.5761 551.9808 -12.4899 -6.0510 -0.0043 0.9279 -0.0275 -0.3718
115.6797 551.7080 -12.5256 -6.3385 -0.0040 0.9279 -0.0277 -0.3717
115.7835 551.4473 -12.5531 -6.6209 -0.0040 0.9279 -0.0282 -0.3717
115.8871 551.1849 -12.5739 -6.9020 -0.0038 0.9280 -0.0284 -0.3715
115.9909 550.9321 -12.6054 -7.1511 -0.0040 0.9281 -0.0290 -0.3712
116.0946 550.7035 -12.6458 -7.3947 -0.0040 0.9283 -0.0298 -0.3706
116.1983 550.4650 -12.6640 -7.6475 -0.0046 0.9283 -0.0312 -0.3705
116.3020 550.2329 -12.7028 -7.8943 -0.0029 0.9285 -0.0336 -0.3698
116.4056 550.0201 -12.7314 -8.1049 -0.0009 0.9288 -0.0354 -0.3689
116.5094 549.8035 -12.7608 -8.3229 -0.0006 0.9293 -0.0358 -0.3676
116.6133 549.6010 -12.7767 -8.5720 -0.0007 0.9299 -0.0361 -0.3659
116.7167 549.3957 -12.7948 -8.7915 -0.0015 0.9303 -0.0368 -0.3648
116.8205 549.2513 -12.8139 -8.9755 -0.0038 0.9309 -0.0361 -0.3635
116.9242 549.1029 -12.8257 -9.1394 -0.0059 0.9315 -0.0356 -0.3621
117.0280 548.9281 -12.8610 -9.3224 -0.0061 0.9319 -0.0353 -0.3610
117.1316 548.7593 -12.8833 -9.5262 -0.0047 0.9322 -0.0364 -0.3600
117.2354 548.6484 -12.8977 -9.6616 -0.0045 0.9327 -0.0363 -0.3589
117.3391 548.5007 -12.9303 -9.8269 -0.0043 0.9329 -0.0368 -0.3583
117.4429 548.3862 -12.9428 -9.9569 -0.0049 0.9329 -0.0377 -0.3580
117.5467 548.2902 -12.9523 -10.0683 -0.0053 0.9329 -0.0383 -0.3581
117.6504 548.1883 -12.9682 -10.1847 -0.0060 0.9328 -0.0392 -0.3583
117.7540 548.0866 -12.9895 -10.3079 -0.0058 0.9326 -0.0393 -0.3587
117.8577 547.9884 -12.9940 -10.3911 -0.0061 0.9325 -0.0398 -0.3589
117.9615 547.8699 -13.0053 -10.5331 -0.0062 0.9324 -0.0402 -0.3590
118.0651 547.7935 -13.0254 -10.5971 -0.0063 0.9327 -0.0405 -0.3584
118.1689 547.7317 -13.0335 -10.6840 -0.0065 0.9328 -0.0407 -0.3581
118.2725 547.6505 -13.0519 -10.7601 -0.0066 0.9328 -0.0410 -0.3580
118.3763 547.5849 -13.0606 -10.8605 -0.0068 0.9329 -0.0411 -0.3578
118.4799 547.5120 -13.0748 -10.9442 -0.0072 0.9329 -0.0414 -0.3578
118.5836 547.4530 -13.0782 -11.0071 -0.0077 0.9331 -0.0417 -0.3572
118.6872 547.4243 -13.0919 -11.0411 -0.0073 0.9332 -0.0413 -0.3570
118.7910 547.3683 -13.0948 -11.0993 -0.0073 0.9332 -0.0415 -0.3568
118.8948 547.3075 -13.1035 -11.1617 -0.0076 0.9333 -0.0421 -0.3566
118.9985 547.2649 -13.1114 -11.2207 -0.0079 0.9333 -0.0422 -0.3564
119.1021 547.2307 -13.1128 -11.2571 -0.0080 0.9333 -0.0423 -0.3564
119.2059 547.1856 -13.1199 -11.3288 -0.0081 0.9334 -0.0425 -0.3563
119.3096 547.1349 -13.1153 -11.3655 -0.0081 0.9334 -0.0426 -0.3563
119.4132 547.1215 -13.1176 -11.3993 -0.0082 0.9335 -0.0427 -0.3560
119.5170 547.0779 -13.1270 -11.4335 -0.0083 0.9335 -0.0429 -0.3558
119.6207 547.0390 -13.1357 -11.4738 -0.0082 0.9335 -0.0429 -0.3559
119.7244 547.0169 -13.1333 -11.4940 -0.0085 0.9336 -0.0433 -0.3556
119.8281 546.9995 -13.1348 -11.5158 -0.0085 0.9337 -0.0434 -0.3554
119.9319 546.9790 -13.1391 -11.5370 -0.0085 0.9337 -0.0433 -0.3553
120.0355 546.9558 -13.1472 -11.5875 -0.0085 0.9336 -0.0434 -0.3555
120.1392 546.9609 -13.1524 -11.5814 -0.0085 0.9337 -0.0434 -0.3552
120.2429 546.9285 -13.1495 -11.5983 -0.0087 0.9337 -0.0436 -0.3554
120.3466 546.9168 -13.1525 -11.6062 -0.0089 0.9337 -0.0438 -0.3553
120.4502 546.9132 -13.1550 -11.6150 -0.0090 0.9337 -0.0438 -0.3552
120.5540 546.9047 -13.1602 -11.6459 -0.0092 0.9337 -0.0442 -0.3552
120.6576 546.8926 -13.1618 -11.6404 -0.0092 0.9338 -0.0443 -0.3550
120.7614 546.8670 -13.1577 -11.6563 -0.0096 0.9337 -0.0448 -0.3550
120.8650 546.8481 -13.1646 -11.6824 -0.0098 0.9338 -0.0449 -0.3550
120.9686 546.8469 -13.1653 -11.6610 -0.0097 0.9338 -0.0450 -0.3549
121.0724 546.8533 -13.1693 -11.6837 -0.0097 0.9338 -0.0451 -0.3547
121.1760 546.8306 -13.1677 -11.7210 -0.0097 0.9338 -0.0449 -0.3548
121.2797 546.8080 -13.1784 -11.7503 -0.0096 0.9338 -0.0448 -0.3548
121.3834 546.7863 -13.1820 -11.7772 -0.0096 0.9338 -0.0448 -0.3549
121.4871 546.7642 -13.1871 -11.8055 -0.0097 0.9337 -0.0448 -0.3551
121.5909 546.7262 -13.1928 -11.8301 -0.0095 0.9337 -0.0446 -0.3550
121.6945 546.6769 -13.1966 -11.8764 -0.0095 0.9337 -0.0445 -0.3551
121.7982 546.6417 -13.2070 -11.9286 -0.0094 0.9337 -0.0445 -0.3553
121.9020 546.6165 -13.2072 -11.9740 -0.0094 0.9338 -0.0445 -0.3550
122.0056 546.5809 -13.2167 -11.9952 -0.0094 0.9338 -0.0444 -0.3550
122.1094 546.5586 -13.2209 -12.0388 -0.0095 0.9339 -0.0444 -0.3546
122.2131 546.5178 -13.2426 -12.0819 -0.0093 0.9339 -0.0443 -0.3545
122.3168 546.4296 -13.2382 -12.1608 -0.0093 0.9338 -0.0441 -0.3550
122.4205 546.3852 -13.2527 -12.2232 -0.0095 0.9338 -0.0445 -0.3549
122.5243 546.3198 -13.2576 -12.3032 -0.0096 0.9337 -0.0448 -0.3550
122.6280 546.2748 -13.2642 -12.3599 -0.0094 0.9338 -0.0446 -0.3549
122.7316 546.2160 -13.2759 -12.4300 -0.0094 0.9338 -0.0444 -0.3548
122.8352 546.1645 -13.2721 -12.4800 -0.0092 0.9340 -0.0442 -0.3545
122.9390 546.1036 -13.2910 -12.5581 -0.0092 0.9340 -0.0440 -0.3545
123.0426 546.0485 -13.3027 -12.6367 -0.0093 0.9341 -0.0439 -0.3543
123.1462 545.9416 -13.3085 -12.7352 -0.0096 0.9339 -0.0442 -0.3546
123.2500 545.8940 -13.3212 -12.8382 -0.0095 0.9339 -0.0444 -0.3546
123.3536 545.8200 -13.3310 -12.9016 -0.0094 0.9339 -0.0446 -0.3546
123.4574 545.7398 -13.3400 -12.9666 -0.0091 0.9339 -0.0447 -0.3546
123.5610 545.6402 -13.3649 -13.0936 -0.0071 0.9339 -0.0455 -0.3545
123.6648 545.5331 -13.3765 -13.1843 -0.0060 0.9338 -0.0450 -0.3550
123.7685 545.4945 -13.3909 -13.2245 -0.0057 0.9340 -0.0449 -0.3543
123.8721 545.4181 -13.3965 -13.3005 -0.0058 0.9341 -0.0445 -0.3543
123.9759 545.3502 -13.4022 -13.3614 -0.0061 0.9341 -0.0445 -0.3542
124.0796 545.2977 -13.4114 -13.4432 -0.0058 0.9341 -0.0444 -0.3542
124.1832 545.2460 -13.4291 -13.5074 -0.0057 0.9342 -0.0444 -0.3540
124.2870 545.1980 -13.4383 -13.5735 -0.0057 0.9343 -0.0443 -0.3536
124.3906 545.1208 -13.4452 -13.6664 -0.0055 0.9343 -0.0437 -0.3538
124.4944 545.0702 -13.4390 -13.7245 -0.0053 0.9342 -0.0434 -0.3541
