1.000000000000000000e+00 -3.306050084167601550e-19 -2.270457535318767223e-19 -8.673617379884035472e-19 7.546676715296109287e-19 1.000000000000000000e+00 6.237773588823049983e-19 1.387778780781445676e-17 -3.447385680526250622e-20 4.770700176052009879e-20 1.000000000000000222e+00 5.551115123125782702e-17
9.998638575943205042e-01 1.110129973574056940e-03 1.646253661378708349e-02 1.661717843726201807e-02 -1.095100789326385179e-03 9.999989983216206468e-01 -9.218871369714461530e-04 1.256953372119950368e-02 -1.646354453518593039e-02 9.037303192409619490e-04 9.998640356016982311e-01 1.642344529456918889e-01
9.992022986021109610e-01 3.945425211721692062e-03 3.973993655282478249e-02 2.366540130028024769e-02 -3.947678385305049623e-03 9.999922399922992478e-01 -2.187100046527796043e-05 -1.664946991899937667e-03 -3.973971303657653636e-02 -1.349844024302223862e-04 9.992100834835321299e-01 2.767723004438892853e-01
9.979182120012115575e-01 4.688146603006895959e-03 6.431198845443576728e-02 6.616612611427723223e-02 -4.814001656951781213e-03 9.999867681542131681e-01 1.802016239237829668e-03 6.111516373819722570e-03 -6.430269358245256639e-02 -2.107917449305938325e-03 9.979275822911698457e-01 4.075424292615940636e-01
9.951450192238353587e-01 4.640988790928533142e-03 9.829794409522960019e-02 1.006976768292569407e-01 -4.968194851239650378e-03 9.999829161754441031e-01 3.085322987368439764e-03 3.663839319338640932e-03 -9.828196278690147503e-02 -3.558733029789104031e-03 9.951510834796577498e-01 5.947293170677809826e-01
9.909724840344019681e-01 2.218562330211655640e-03 1.340454303268255876e-01 1.910370357472817027e-01 -2.938733273711702839e-03 9.999823051208459601e-01 5.174528732087185431e-03 8.177715805907259661e-03 -1.340315805300685836e-01 -5.521793908737203209e-03 9.909614000384779908e-01 7.554207390335985206e-01
9.844110796045674183e-01 -1.720270815712291639e-03 1.758640438609682388e-01 2.577182179273695972e-01 5.503674988414622351e-04 9.999773972629192320e-01 6.699557597475414711e-03 2.736553361667476425e-03 -1.758716087193261668e-01 -6.498301216216719606e-03 9.843897757341372179e-01 9.668859318948801462e-01
9.759390253157731454e-01 -2.413240911617124326e-03 2.180615443164786449e-01 3.566753605140169370e-01 7.439988236903568621e-04 9.999697979130096614e-01 7.738399269320612658e-03 7.039494228790757480e-03 -2.180736554350506673e-01 -7.390068947036001340e-03 9.759113118877947857e-01 1.189317217491016265e+00
9.637483328297903329e-01 -1.859911559735398555e-03 2.668903819245994624e-01 4.376337735268757134e-01 -1.107467528275243645e-03 9.999392054699711707e-01 1.097099961383260144e-02 3.481535460558751738e-03 -2.668945656568203484e-01 -1.086891315181038632e-02 9.636876591108223256e-01 1.384669540596106696e+00
9.499368413523915367e-01 -5.089323375912643659e-03 3.122947582707572556e-01 5.803241463862195415e-01 -2.450443185470028832e-04 9.998548929810681107e-01 1.703344508117277112e-02 1.609572001411685438e-02 -3.123361327193945880e-01 -1.625707304998122091e-02 9.497977446361146603e-01 1.620329798771970253e+00
9.323894607588778527e-01 -1.495498474713574319e-02 3.611447992009320096e-01 7.134233118509604177e-01 6.158766619226551525e-03 9.996559684601737938e-01 2.550101328054329985e-02 -1.080127894673585387e-03 -3.614018945116531656e-01 -2.155268069764681299e-02 9.321607656585730872e-01 1.844012286093971831e+00
9.116619554539836523e-01 -2.058927139831280909e-02 4.104418644805638006e-01 8.729024640411724434e-01 8.958281590923837870e-03 9.995024834416967874e-01 3.023863464129611031e-02 1.664999185719717723e-03 -4.108602973300283789e-01 -2.389121926121541215e-02 9.113928316312057687e-01 2.062899121012082393e+00
8.865904377570273942e-01 -2.310475009484990599e-02 4.618993198676685785e-01 1.051723538878893915e+00 7.339139704062796511e-03 9.993286899414135505e-01 3.589311894604182984e-02 7.798527389279538702e-03 -4.624184720306523388e-01 -2.843284381603143271e-02 8.861647508187101563e-01 2.305570119216936664e+00
8.582740329769069643e-01 -2.524051933506304968e-02 5.126914882287062492e-01 1.242659649427073854e+00 6.069147626808359987e-03 9.992190621355214741e-01 3.903137601426338171e-02 2.195447697200571258e-02 -5.132769192129467140e-01 -3.038461480406911067e-02 8.577570989602950613e-01 2.521817478758051845e+00
8.261988838914283706e-01 -2.993162541527182377e-02 5.625370255427019073e-01 1.463640731581061338e+00 6.274271782344222927e-03 9.990144623486653108e-01 4.394629245930702088e-02 3.098591875978526367e-02 -5.632980926382706865e-01 -3.277573927017835009e-02 8.255726959733465931e-01 2.752298190742077377e+00
7.895779269046034887e-01 -3.572718989610710466e-02 6.127154553738882736e-01 1.700504649724611461e+00 8.511089634287916789e-03 9.988451917753541354e-01 4.728149701724005532e-02 3.785232627992902305e-02 -6.136975865876678204e-01 -3.211564283625255312e-02 7.889703535147143398e-01 2.971534201105439976e+00
7.524039858715214635e-01 -4.074109335519856406e-02 6.573565453894745225e-01 1.960646717004747019e+00 1.025306708882828960e-02 9.986888895580010583e-01 5.014814542764541028e-02 4.726015691519129536e-02 -6.585379498270022003e-01 -3.098954546956838099e-02 7.518351431404238783e-01 3.176312473932866087e+00
7.133924633632596768e-01 -4.346141721469760216e-02 6.994107037167766050e-01 2.250450352169298895e+00 1.056918930610238096e-02 9.986283902181409822e-01 5.128959979399338315e-02 5.859559353045653424e-02 -7.006806098254169113e-01 -2.919333135578139685e-02 7.128738369322105140e-01 3.408570290904689770e+00
6.707658616479218461e-01 -4.586039321642775002e-02 7.402351193335382495e-01 2.554715802380287393e+00 1.027002341688924326e-02 9.985648751597659967e-01 5.256330383645377996e-02 7.469724101224975432e-02 -7.415835907934699156e-01 -2.765118014527862336e-02 6.702745946132107058e-01 3.607919579036893865e+00
6.284349695498092636e-01 -4.612200903431938614e-02 7.765015192929722865e-01 2.894747080033044373e+00 5.671562197602904309e-03 9.984857663049144794e-01 5.471358690673804037e-02 9.891483298501979604e-02 -7.778494713498975699e-01 -2.997914073367583671e-02 6.277449369243598420e-01 3.831320624575043965e+00
5.868633926813157098e-01 -4.736134244598596416e-02 8.082232002034072105e-01 3.233380263220132278e+00 2.243747775795664617e-03 9.983789442940149694e-01 5.687455294630004710e-02 1.117893974352466430e-01 -8.096068102462590232e-01 -3.156062612532692380e-02 5.860185563695486932e-01 4.035583463314161179e+00
5.470499377419268949e-01 -4.884496381907791479e-02 8.356520119255369528e-01 3.615804593307793802e+00 1.459329325686068270e-03 9.983503912329790841e-01 5.739006973122322969e-02 1.321994194585411342e-01 -8.370769459849440874e-01 -3.017401750466517860e-02 5.462186857650842553e-01 4.239643631801634172e+00
5.066490130969681926e-01 -5.127311205931760207e-02 8.604637634404215252e-01 4.031919915576739122e+00 -3.233021866295279962e-04 9.982182037680599196e-01 5.968611155843062815e-02 1.490128980596472363e-01 -8.619905463466722706e-01 -3.051537818681527084e-02 5.057303697667469011e-01 4.442419981612060198e+00
4.706135858551312445e-01 -5.063286011366186640e-02 8.809054098734582228e-01 4.457382172302109424e+00 -3.401332886639358687e-03 9.982409898112835078e-01 5.917805320861407176e-02 1.719107323602198645e-01 -8.823522397039990084e-01 -3.085014627949494992e-02 4.696129865322244412e-01 4.643569661234378643e+00
4.343946829220769468e-01 -5.010095613193039227e-02 8.993016154299730003e-01 4.924178996268429920e+00 -3.742503887352062811e-03 9.983425911781570461e-01 5.743726975159600678e-02 1.963380453012966986e-01 -9.006888377284261171e-01 -2.831407780048330811e-02 4.334875512819988952e-01 4.835261673799085891e+00
4.004408753691306999e-01 -4.910202141424091504e-02 9.149722437730841706e-01 5.423666611933562365e+00 -3.609454799591719880e-03 9.984709842021054493e-01 5.516253482692293209e-02 2.203971335715331215e-01 -9.162817311995952174e-01 -2.539538082678842110e-02 3.996512631780926306e-01 5.034900776127743782e+00
3.699057296259194438e-01 -4.774776108379361061e-02 9.276755851623956772e-01 5.939973735472155347e+00 -1.448853748686831878e-03 9.986476654961415900e-01 5.198095940978160467e-02 2.450937149873265442e-01 -9.289020662752615065e-01 -2.058497565275060892e-02 3.693362225594425396e-01 5.202704124982987288e+00
3.453131905771061327e-01 -4.523319263391708395e-02 9.373045883925537058e-01 6.491873743931368068e+00 6.878661673726884122e-05 9.988388580183691356e-01 4.817078115505196712e-02 2.725168757373194750e-01 -9.383954774134044552e-01 -1.656708218869411622e-02 3.449154343528281763e-01 5.382285658904761405e+00
3.253087820858095447e-01 -4.470446031445399898e-02 9.445970532064976721e-01 7.068592769869660231e+00 3.167232887795123301e-04 9.988868624972901955e-01 4.716444421803225873e-02 2.985212801426442852e-01 -9.456545884750605646e-01 -1.504010961752102506e-02 3.249608066421811881e-01 5.571886614909263180e+00
3.100339527860205835e-01 -4.590182575551717686e-02 9.496865135221499443e-01 7.664524825435398370e+00 1.927687497271629450e-03 9.988621668672239551e-01 4.764927797121341901e-02 3.264060253816117307e-01 -9.507930032815201660e-01 -1.294785717562601038e-02 3.097694861302182079e-01 5.751213165366992897e+00
2.975317097993844806e-01 -4.737411291386857404e-02 9.535555068650841681e-01 8.277639372516642169e+00 2.206122645055017678e-03 9.987994344467182595e-01 4.893582382197760039e-02 3.452696961146147769e-01 -9.547291985729423613e-01 -1.245565721670270458e-02 2.972791126642214676e-01 5.947416364564213964e+00
2.888968312298951790e-01 -4.906237325265322413e-02 9.561897921800590616e-01 8.932403120302362609e+00 7.139141910230341510e-04 9.986964992491786930e-01 5.103760790758007926e-02 3.721241963159158672e-01 -9.574479547995958795e-01 -1.405844443066551173e-02 2.885555073257206060e-01 6.143026900878685304e+00
2.761374163277772187e-01 -5.035644591601996789e-02 9.597812233891094280e-01 9.605737196740665951e+00 4.029547769854975527e-04 9.986329623866486704e-01 5.226836496126015252e-02 4.057365983612392646e-01 -9.611008227265607218e-01 -1.405704566472006090e-02 2.757796052638458173e-01 6.339796129974010874e+00
2.662724552146368273e-01 -5.213666358529037842e-02 9.625189503160684890e-01 1.029706782965233280e+01 -1.262042769916791891e-03 9.985157132856514739e-01 5.444403706522377151e-02 4.379420703100352918e-01 -9.639301132232211966e-01 -1.569654070339676633e-02 2.658121706739824952e-01 6.533991778933549988e+00
2.568642943420086366e-01 -5.484653364752994226e-02 9.648514834294503739e-01 1.102358648024008936e+01 -1.374039015404863876e-03 9.983661178381303403e-01 5.713196083929001495e-02 4.681062002396496613e-01 -9.664087664127448685e-01 -1.599728878700152485e-02 2.563698437860476020e-01 6.725340191672294132e+00
2.462503494917194502e-01 -5.560481612526212147e-02 9.675631058273509444e-01 1.176717234324218353e+01 -2.286112873555030695e-03 9.983169176876736106e-01 5.794764051173307423e-02 5.069286252066409482e-01 -9.691567188133451971e-01 -1.648498955160217216e-02 2.457085926533707498e-01 6.913916386400055458e+00
2.349631544451809551e-01 -5.770892208564890047e-02 9.702495859404429712e-01 1.252899989329429964e+01 -2.588826166580319652e-03 9.981948888403273656e-01 6.001916551484793444e-02 5.347072798906582491e-01 -9.719614469611979057e-01 -1.661970257824807451e-02 2.343901184595632847e-01 7.096154854412132451e+00
2.235878424602352477e-01 -6.036143503175435410e-02 9.727413846621204563e-01 1.330778114053911487e+01 -3.618692311988302990e-03 9.980224658931785564e-01 6.275614336976755026e-02 5.735635870632267430e-01 -9.746052357559699120e-01 -1.756063480517910946e-02 2.229269736366376597e-01 7.276313474067944931e+00
2.126991663529589627e-01 -6.347357094315038417e-02 9.750608111955793023e-01 1.409482511688119999e+01 -6.011306794822501333e-03 9.977844125217670834e-01 6.624450118731049775e-02 6.177541729474942400e-01 -9.771057249778558607e-01 -1.995022500761808523e-02 2.118458916405251968e-01 7.451171413930300247e+00
2.005346881202355602e-01 -6.798294978107564945e-02 9.772886521653501024e-01 1.490195883003962507e+01 -6.449570733973169524e-03 9.974762496235071163e-01 7.071528932601937878e-02 6.561818607139964232e-01 -9.796289634906242272e-01 -2.049344644478201180e-02 1.995899514621902182e-01 7.618201864390139022e+00
1.889105964391558923e-01 -7.057359766628942821e-02 9.795024140752920383e-01 1.570228842655899548e+01 -7.278685995670741184e-03 9.972857562368367956e-01 7.325383312639302535e-02 6.922996635841730528e-01 -9.820153762256105257e-01 -2.094987319345031559e-02 1.878845586027320935e-01 7.769407913093504092e+00
1.735951651413505659e-01 -7.105301788111637040e-02 9.821519896411345929e-01 1.651553694746481327e+01 -7.981985533525488147e-03 9.972587382129398659e-01 7.357154163811886749e-02 7.321975859335794201e-01 -9.846875093644389398e-01 -2.060463431111807242e-02 1.725531166185109433e-01 7.904986332254498649e+00
1.600570363941661300e-01 -6.979692919371911775e-02 9.846359336518770711e-01 1.732734163978238584e+01 -9.521570020186886918e-03 9.973413743367506301e-01 7.223904656128088408e-02 7.796094666688710983e-01 -9.870609485331240940e-01 -2.093124537541936336e-02 1.589669802850898483e-01 8.042369958159618193e+00
1.439123904264200393e-01 -6.946287078012418348e-02 9.871446717542089466e-01 1.814843844975592191e+01 -9.552778213645267760e-03 9.973889404878835130e-01 7.156945636097929164e-02 8.183884409240315128e-01 -9.895402412970447648e-01 -1.971031606581601786e-02 1.428735286094697521e-01 8.159335400027702079e+00
1.220475588896047237e-01 -6.720117208440132273e-02 9.902426379435110837e-01 1.897547900655133901e+01 -1.257236574061802031e-02 9.975203213787111611e-01 6.925965432160376134e-02 8.575775528530230618e-01 -9.924410325945317579e-01 -2.091161500298662629e-02 1.209001598403649791e-01 8.268802733150030448e+00
9.724709396787027671e-02 -6.657399787696492710e-02 9.929947754802763704e-01 1.981236675836840178e+01 -1.674205415066885860e-02 9.975102949871961222e-01 6.849939983911113028e-02 9.028309314466744784e-01 -9.950817243421337110e-01 -2.330304723386110444e-02 9.588955747513998318e-02 8.354030483600361379e+00
6.833884859902522591e-02 -6.628494603141991959e-02 9.954747571048702115e-01 2.066074397507259519e+01 -2.094503565093474434e-02 9.974748760388584268e-01 6.786298870247103876e-02 9.440961031296811745e-01 -9.974597164411718175e-01 -2.548400817227104362e-02 6.677818602238326517e-02 8.404574827413856752e+00
3.243996489345952333e-02 -6.634638295858298618e-02 9.972733860734384059e-01 2.151659301889552367e+01 -2.380907969974357594e-02 9.974599944902799997e-01 6.712092738536944159e-02 9.875274550327595158e-01 -9.991938158330334607e-01 -2.592010847644701799e-02 3.077763419018845342e-02 8.425145281747413506e+00
-5.009996897130199515e-05 -6.507785312098497699e-02 9.978815061040542389e-01 2.237240327671335294e+01 -2.553558603934409296e-02 9.975553810937144439e-01 6.504142501958842804e-02 1.024950451884066638e+00 -9.996738081887378558e-01 -2.549456046514182034e-02 -1.712291447459045411e-03 8.421652685305547337e+00
-3.495509972774663021e-02 -6.461751129709213115e-02 9.973053369871277551e-01 2.323764822806305830e+01 -2.639864222860472537e-02 9.976186101070835255e-01 6.371839230901328588e-02 1.057376046931991498e+00 -9.990486424031991275e-01 -2.408783162446747131e-02 -3.657731184079505288e-02 8.386788102941098444e+00
-6.686757026004808147e-02 -6.292201767566800441e-02 9.957370492235774195e-01 2.408578071940722864e+01 -2.903396257698358934e-02 9.977089408107944202e-01 6.109398996522818343e-02 1.092627615316738465e+00 -9.973020588290000266e-01 -2.478954163917860068e-02 -6.854069891368799738e-02 8.321726556720282275e+00
-9.983819968987532600e-02 -5.934157964876373564e-02 9.932427257768571272e-01 2.494150711336619253e+01 -3.153048553235014012e-02 9.979069394924074965e-01 5.648222496397948406e-02 1.131355517625028950e+00 -9.945150021615957181e-01 -2.569129002765914091e-02 -1.015000406214521672e-01 8.230850602466265542e+00
-1.326076512802336627e-01 -5.476442345119875849e-02 9.896872550768690546e-01 2.579680780502727799e+01 -2.928074584000000397e-02 9.982532265295732676e-01 5.131668019443369477e-02 1.158343649533199571e+00 -9.907680870580933830e-01 -2.219174697242161029e-02 -1.339798000694766289e-01 8.101689808984653851e+00
-1.641092072006348213e-01 -4.934916419878154076e-02 9.852913093428851132e-01 2.664873336943699655e+01 -2.364966338127667822e-02 9.986574658908726754e-01 4.610016520991013639e-02 1.182435737683707355e+00 -9.862432174658503081e-01 -1.574730431902048727e-02 -1.650559245628117067e-01 7.953661264673526965e+00
-1.953257702057173417e-01 -4.379157793439795998e-02 9.797729081927892825e-01 2.749444572122344255e+01 -1.759449909856538458e-02 9.989986642400763284e-01 4.113539779743576041e-02 1.201230651749813250e+00 -9.805929078701185464e-01 -9.208990449158301062e-03 -1.959007970428200129e-01 7.776501029988214242e+00
-2.216036063645182297e-01 -3.748120799733354463e-02 9.745075359003549931e-01 2.832827911394345222e+01 -1.189082362868899498e-02 9.992906067943246873e-01 3.574272867850724483e-02 1.216562762418027077e+00 -9.751559163751306603e-01 -3.671148202716196639e-03 -2.218920908333632813e-01 7.562268492620003002e+00
-2.510275545225906790e-01 -3.137272382474749766e-02 9.675160378654593663e-01 2.915651345848898401e+01 -3.164863588678732461e-03 9.994960034088707923e-01 3.159112605293521586e-02 1.229552478867225851e+00 -9.680194190172198843e-01 4.865469834063003429e-03 -2.510002753824043253e-01 7.328030414727480846e+00
-2.777463239778392157e-01 -2.121175567115131735e-02 9.604474098601569754e-01 2.997908371123323690e+01 2.133642549469016558e-03 9.997403703497513838e-01 2.268945647232785759e-02 1.228220102574321348e+00 -9.606792206544567669e-01 8.344619130189778397e-03 -2.776290814099066084e-01 7.086832431494189066e+00
-3.007995953713394899e-01 -6.088500083180234564e-03 9.537672168667289396e-01 3.077848314210607938e+01 7.438142485232922436e-03 9.999343034882089976e-01 8.730089104939142350e-03 1.218499623321156689e+00 -9.537577838176672929e-01 9.719551787743804100e-03 -3.007345206244989022e-01 6.816659543274049327e+00
-3.255308229663489983e-01 1.105925326707902882e-02 9.455167502793045964e-01 3.157318796300399200e+01 7.935575517509613555e-03 9.999284128371367375e-01 -8.964079171260819559e-03 1.202293181793909316e+00 -9.455482215143684588e-01 4.586847575784814592e-03 -3.255953213656912482e-01 6.543312078074237981e+00
-3.513342172782504824e-01 2.643686981335775441e-02 9.357518135530391579e-01 3.236408989366108813e+01 7.850423843882785302e-03 9.996494503181867497e-01 -2.528628294860582951e-02 1.183859706784459842e+00 -9.360923666004443700e-01 -1.538739224777377606e-03 -3.514185369492379696e-01 6.251120111393444922e+00
-3.749103545433732920e-01 3.702779802020034899e-02 9.263353795790064682e-01 3.314278651648078267e+01 1.195484008227712218e-02 9.993121879286502862e-01 -3.510445638091286291e-02 1.143134840896830706e+00 -9.269981013316435092e-01 -2.087306779884804016e-03 -3.750952440202714455e-01 5.928376769041019401e+00
-3.992726516329994091e-01 4.163553932662274193e-02 9.157562806152956814e-01 3.392251111782823614e+01 1.476267761407609735e-02 9.991305290675259743e-01 -3.899088566618896107e-02 1.091595596062896023e+00 -9.165840207179553056e-01 -2.063385174610827578e-03 -3.995397793662891495e-01 5.600462854908476729e+00
-4.199119090030553059e-01 4.081756882454471574e-02 9.067033444163348221e-01 3.469027910969427353e+01 1.754961678904122871e-02 9.991668184702056088e-01 -3.684944427409506118e-02 1.049722854531721650e+00 -9.074517249078042358e-01 4.440902999865875035e-04 -4.202785632128016591e-01 5.240785914714917837e+00
-4.402781622650698279e-01 3.673468480851212886e-02 8.967759368667251874e-01 3.545165756387528688e+01 2.135480824146734555e-02 9.993082616785382566e-01 -3.044586901493491829e-02 1.005655460332006923e+00 -8.972744203714231315e-01 5.730969025137814393e-03 -4.407578842855234824e-01 4.865012357572013002e+00
-4.617062344024813192e-01 3.528932189082274046e-02 8.867755394270451230e-01 3.620275256581695089e+01 2.904890158846556991e-02 9.992741245695730967e-01 -2.465785785989249926e-02 9.639019081807238543e-01 -8.870013489313752775e-01 1.439619439318808383e-02 -4.623961513041006111e-01 4.472128782056385532e+00
-4.720044141498860313e-01 3.578635794425794048e-02 8.810510190560508770e-01 3.693912777916952450e+01 3.230157372554983558e-02 9.992070056887575324e-01 -2.328126824864476876e-02 9.183375433852687397e-01 -8.811853890406153855e-01 1.746644168805759276e-02 -4.727859648470532639e-01 4.064336053033255958e+00
-4.837503207879643718e-01 3.884853543515048163e-02 8.749148913502217129e-01 3.766386704781999128e+01 3.510182966348227018e-02 9.990718988311658721e-01 -2.498399401124276609e-02 8.752884566744645323e-01 -8.750731262943419742e-01 1.863616980064777481e-02 -4.846650912935524524e-01 3.649927602213365763e+00
-4.941586256413320610e-01 4.152665002691460078e-02 8.683665687613636441e-01 3.836414500627038393e+01 3.636378208825331859e-02 9.989719277492071781e-01 -2.706548619512567574e-02 8.354696442412413715e-01 -8.685976557741181825e-01 1.819797838658416059e-02 -4.951605981074020946e-01 3.255861661510975225e+00
-5.037463174657154097e-01 4.197609395673904814e-02 8.630681910023793035e-01 3.907701898795812667e+01 3.037921293122030839e-02 9.990617730389834694e-01 -3.088269347572242252e-02 7.934418041072305305e-01 -8.635544725235311248e-01 1.067078196924096944e-02 -5.045487514907788240e-01 2.849687902915329918e+00
-5.156374977021502826e-01 3.941151094997945303e-02 8.560717459856485023e-01 3.977218156603915133e+01 2.820151903898927837e-02 9.991810240032531487e-01 -2.903233031470903169e-02 7.601813710596788676e-01 -8.565146035233804911e-01 9.181534361723994384e-03 -5.163265577647259130e-01 2.442571231458338321e+00
-5.236392195025860730e-01 4.230756619987805639e-02 8.509161924339413430e-01 4.046873887777157819e+01 3.098116613830229418e-02 9.990513540642207424e-01 -3.061315809516895053e-02 7.186395372119737113e-01 -8.514036569694517498e-01 1.034204958557075407e-02 -5.244531673527722537e-01 2.008126453543686463e+00
-5.302102011424847383e-01 4.438380851525859649e-02 8.466842024479632745e-01 4.117724872852041784e+01 3.457181566674513706e-02 9.989300927059180379e-01 -3.072857166606935905e-02 6.732717337836167104e-01 -8.471423535842237396e-01 1.297818911622179369e-02 -5.311771550331292335e-01 1.567045773784550011e+00
-5.341042216675564447e-01 4.668535670227137724e-02 8.442873697632745644e-01 4.189041229419987644e+01 3.428657687033517115e-02 9.988490434153525221e-01 -3.354323910357800281e-02 6.394240483314226342e-01 -8.448812371850913383e-01 1.104701066430472355e-02 -5.350901639070673177e-01 1.123839643991072279e+00
-5.327428686814695835e-01 4.914653814326357811e-02 8.448620020651268492e-01 4.262741852707729606e+01 3.434262718766449562e-02 9.987457261301522227e-01 -3.642594125075225564e-02 5.997483533787273391e-01 -8.455924024328667077e-01 9.611284030717688262e-03 -5.337626097222420984e-01 6.645880626032822924e-01
-5.302227496116941330e-01 5.020897800100825731e-02 8.463063805243697946e-01 4.336653611389343865e+01 3.708230618610529328e-02 9.986629349483959750e-01 -3.602854930700227082e-02 5.571292181678726418e-01 -8.469837072132334610e-01 1.228368311842895251e-02 -5.313754780574966308e-01 2.074307218761888283e-01
-5.235925901604590038e-01 4.807085761875183605e-02 8.498885287938920952e-01 4.411749440976414860e+01 3.533317346361588424e-02 9.987730343869142269e-01 -3.467660002450575346e-02 5.142197629797566893e-01 -8.505133166586357207e-01 1.185255596497704865e-02 -5.246484846927638168e-01 -2.450798511091125675e-01
-5.156174601959695458e-01 4.694764252675711486e-02 8.550091702795583615e-01 4.490522611062090164e+01 3.266816758045387736e-02 9.988485856081343872e-01 -3.512076270382966103e-02 4.729495697042180868e-01 -8.556744798188966605e-01 9.793687662276485961e-03 -5.165570955850469215e-01 -7.119510340016129701e-01
-5.104061783030918731e-01 4.596257311952399449e-02 8.589844428030556367e-01 4.569400759711540871e+01 3.144406048388614233e-02 9.989003194696213228e-01 -3.479853406881155270e-02 4.287415907078117039e-01 -8.596387047521121261e-01 9.267099826876259300e-03 -5.112899971655224807e-01 -1.177590189568055390e+00
-5.038387592994935105e-01 4.374184379715827242e-02 8.622585360143608657e-01 4.648767760545679550e+01 2.848071839907943131e-02 9.990150240770817591e-01 -3.400825383774126048e-02 3.844976039358279918e-01 -8.628976306902227389e-01 7.395312616380015844e-03 -5.045882554201360781e-01 -1.620253535066924711e+00
-4.987414188774713653e-01 4.303317718887732235e-02 8.650829824523518230e-01 4.732431873981852277e+01 2.463324951444323743e-02 9.990667629150828954e-01 -3.547439866128229702e-02 3.403877218421138551e-01 -8.658027177350549053e-01 3.598402861380479642e-03 -4.993356685157609998e-01 -2.085672029909233505e+00
-4.988723930840144871e-01 3.946793293850163475e-02 8.659657260071307316e-01 4.815923049250402244e+01 1.915376142112426919e-02 9.992203655721495492e-01 -3.453830794193459008e-02 2.993695427112729734e-01 -8.666536331933082371e-01 -6.385828289324015127e-04 -4.992393856999575719e-01 -2.547206545860932536e+00
-4.975392028670901357e-01 3.732147308461603030e-02 8.666633836445992722e-01 4.903124977056723566e+01 1.620165336332559172e-02 9.992996367679994885e-01 -3.373545502397690826e-02 2.491799977720147996e-01 -8.673152383553984768e-01 -2.731614426713387112e-03 -4.977954435234832054e-01 -3.019842101697743253e+00
-4.975664697686723592e-01 3.585180910974671009e-02 8.665680504357146097e-01 4.991605902740712253e+01 1.464873934928825720e-02 9.993502928265413088e-01 -3.292129405389238733e-02 2.036564877485223801e-01 -8.671856646153517367e-01 -3.702750712436374096e-03 -4.977683475463180462e-01 -3.511853816691842933e+00
-4.989320100889627074e-01 3.480608543450006837e-02 8.660638364705741665e-01 5.079317631385006848e+01 1.487592504370399346e-02 9.993899080904097287e-01 -3.161371694155005324e-02 1.572567715731975624e-01 -8.666356875320089248e-01 -2.879174080745991460e-03 -4.991452249095585936e-01 -4.002512613515488482e+00
-4.975436264710276224e-01 3.467855636873484748e-02 8.667286095953190550e-01 5.169157053987959927e+01 1.451695423825903261e-02 9.993936785508275022e-01 -3.165504789923542089e-02 1.123231044917799432e-01 -8.673005595905377563e-01 -3.160172026992470913e-03 -4.977452888103753859e-01 -4.513276283967638136e+00
-4.960992581578234639e-01 3.352344836899733005e-02 8.673266444802931741e-01 5.259421936518336338e+01 1.502346141388183690e-02 9.994362741144896534e-01 -3.002348664824034188e-02 6.350095950222305052e-02 -8.678443182000377121e-01 -1.871036016336862168e-03 -4.963231287896892607e-01 -5.020153264312708252e+00
-4.989053340912693590e-01 3.392703578915810814e-02 8.661697891682020867e-01 5.351088234042948955e+01 1.504256156410690125e-02 9.994219151647718569e-01 -3.049796523326577316e-02 1.141065299026357283e-02 -8.667034695256469190e-01 -2.168173277957356152e-03 -4.991273160130778042e-01 -5.528539795711402860e+00
-4.975504666244808805e-01 3.209832744231581186e-02 8.668965136095897472e-01 5.443800412637039443e+01 1.283438750198199162e-02 9.994779212802581414e-01 -2.964427738970007095e-02 -3.088505852016705522e-02 -8.673958294660437662e-01 -3.632372437460780739e-03 -4.977026178294527425e-01 -6.041266556840726665e+00
-4.975415555823552438e-01 3.102946099468536015e-02 8.665952194635259120e-01 5.534483366056588949e+01 1.245413365842533947e-02 9.995122015968230800e-01 -2.863183005417925531e-02 -8.209358511970048233e-02 -8.670613605215163888e-01 -3.467186985508002167e-03 -4.976852806713740196e-01 -6.538930933769639076e+00
-4.975460197495971126e-01 2.895988875970121126e-02 8.672631541655577703e-01 5.625473984227823365e+01 1.113687823459385412e-02 9.995735767230242708e-01 -2.699349948713214431e-02 -1.329336016754577299e-01 -8.676749395070404436e-01 -3.764360569873042867e-03 -4.976565695581134374e-01 -7.046267446238305254e+00
-4.947612846416948318e-01 2.781643509065411315e-02 8.686138473963435080e-01 5.718025549735136082e+01 1.013205583548854385e-02 9.996043335034578980e-01 -2.623731264533802135e-02 -1.830966754211415526e-01 -8.689998713100156591e-01 -4.173953910240300880e-03 -4.948475585491867723e-01 -7.570963236550528386e+00
-4.922826680208313710e-01 2.571756970218098959e-02 8.700318359749249497e-01 5.809304690907679003e+01 1.071107622761832516e-02 9.996665093803084323e-01 -2.350020124274780978e-02 -2.340304515263289531e-01 -8.703460287074717971e-01 -2.245322977920705468e-03 -4.923940480588483437e-01 -8.045833372749360279e+00
-4.894526853012007850e-01 2.404876242376252984e-02 8.714998738775591169e-01 5.902232336053167927e+01 1.089139810835585559e-02 9.997101610379308667e-01 -2.145826017775405783e-02 -2.836348010195796632e-01 -8.717636937171530098e-01 -1.026343445365481130e-03 -4.895727864533591656e-01 -8.556359833811177040e+00
-4.856241198623074129e-01 2.387353936811302882e-02 8.734013625972640860e-01 5.993345654974034886e+01 1.137797643818900910e-02 9.997147355166029481e-01 -2.099728528430460858e-02 -3.293645556925952622e-01 -8.736536873175229090e-01 -2.632533261074641883e-04 -4.857571007254778417e-01 -9.064031978035419712e+00
-4.856128285542830048e-01 2.458770774199433434e-02 8.734889697015278953e-01 6.084019947300133424e+01 1.208215039628056722e-02 9.996976029508440886e-01 -2.141464348565378858e-02 -3.769467359688092323e-01 -8.737516161714375951e-01 1.458400847237857124e-04 -4.857629419781193669e-01 -9.553849645198027929e+00
-4.828489246202966045e-01 2.358613812380830344e-02 8.754225621904152543e-01 6.175222045046559316e+01 1.063769397871246365e-02 9.997214145940302998e-01 -2.106725435545285519e-02 -4.205936715221738620e-01 -8.756756933860332381e-01 -8.577462306575631959e-04 -4.829654639212588307e-01 -1.003377722677254091e+01
-4.842730628353409394e-01 2.544757466986961522e-02 8.742411015279826225e-01 6.264544784465461191e+01 1.074624472534514881e-02 9.996743849459327480e-01 -2.313647490919917837e-02 -4.644246427448192605e-01 -8.745454120101902040e-01 -1.818143130785170817e-03 -4.843887572130545771e-01 -1.051329496526025764e+01
-4.857747253081388661e-01 2.874587906562846296e-02 8.735958433085027064e-01 6.355004743665192279e+01 9.607013267430139850e-03 9.995740763865772482e-01 -2.755391424200712494e-02 -5.150222513678942571e-01 -8.740160035582775766e-01 -4.995870630197802274e-03 -4.858439680160756002e-01 -1.100814410920751918e+01
-4.924424610679383751e-01 2.801079584909651685e-02 8.699504416093719605e-01 6.445022728293500336e+01 7.635522412292785471e-03 9.995824153283984215e-01 -2.787139619822715658e-02 -5.680581210976077822e-01 -8.703679868690686883e-01 -7.081684373788861390e-03 -4.924506577764665161e-01 -1.149659242777785728e+01
-4.962240876713558402e-01 2.682612446326467642e-02 8.678029709133391334e-01 6.533841979479659301e+01 7.865978487275597508e-03 9.996203381213822903e-01 -2.640593545326864328e-02 -6.094615334555726349e-01 -8.681818971360333315e-01 -6.268888543659069390e-03 -4.962468223208302276e-01 -1.199300354099223576e+01
-4.998806444285091577e-01 2.404394640209473605e-02 8.656649018199246148e-01 6.622730821709589577e+01 1.101647252702112230e-02 9.997102361734621079e-01 -2.138906858386638993e-02 -6.620450303878342435e-01 -8.659284751074837194e-01 -1.167004449090254265e-03 -5.000009252963597550e-01 -1.251931639340924995e+01
-5.065569356927829281e-01 2.223265289918750082e-02 8.623012245827499367e-01 6.710752997222900262e+01 8.538876394213339854e-03 9.997479715255324084e-01 -2.075817571593338226e-02 -7.085118939421025663e-01 -8.625453388908406183e-01 -3.143313703609082899e-03 -5.066193662541973453e-01 -1.300592735223986729e+01
-5.107684220791856022e-01 2.436982323217998930e-02 8.591586899125057686e-01 6.798281527251616296e+01 9.418930865022042548e-03 9.996965346210899828e-01 -2.276417594899867933e-02 -7.532277601742046746e-01 -8.594528640052454538e-01 -3.536687413501168799e-03 -5.108428926818273652e-01 -1.351285725124115444e+01
-5.146359624231228169e-01 2.689756026078437764e-02 8.572252870825399773e-01 6.884475000122482413e+01 9.847506306468004414e-03 9.996273813354934479e-01 -2.545543711395120007e-02 -7.967293132732832239e-01 -8.575905735701054855e-01 -4.659632320240940026e-03 -5.147091623091295531e-01 -1.401864481917229632e+01
-5.213516640471951291e-01 2.657239137968384415e-02 8.530152509331061506e-01 6.969822421924519062e+01 7.773837700934017880e-03 9.996213553388770823e-01 -2.638653959313061806e-02 -8.408853716419572022e-01 -8.533937001897312635e-01 -7.135953266102987302e-03 -5.213608692320506055e-01 -1.451399787397257768e+01
-5.228197542551449306e-01 2.703872078904857867e-02 8.519540975976387376e-01 7.055481568433766881e+01 6.434802790540985855e-03 9.995934818941909494e-01 -2.777244393120507568e-02 -8.886641416576221975e-01 -8.523586891175033431e-01 -9.035706871386229785e-03 -5.227813608482746455e-01 -1.503921229773308177e+01
-5.266258430269841195e-01 2.581963156735709100e-02 8.494809436867475361e-01 7.138681981111587049e+01 6.655894254206343348e-03 9.996330296955309169e-01 -2.625582133610085411e-02 -9.374803803977025396e-01 -8.498472959115199732e-01 -8.175972651740408270e-03 -5.266045177156051249e-01 -1.554395866017198635e+01
-5.292362328929156590e-01 1.781790361552728838e-02 8.476155228492286975e-01 7.223544611439888286e+01 7.932009757428715516e-03 9.998393769905552508e-01 -1.605956628396430080e-02 -9.785400900444591876e-01 -8.477658931337110904e-01 -1.790280310034329369e-03 -5.292924999478594295e-01 -1.606226430661156002e+01
-5.315904794049722826e-01 1.049793703435401154e-02 8.476330207796722860e-01 7.307149780740209621e+01 8.547681636629519616e-03 9.999387786382376575e-01 -7.030189802477842045e-03 -1.016632714634458035e+00 -8.476549220996312251e-01 3.511894021120532620e-03 -5.316476571243480276e-01 -1.659397855514055564e+01
-5.329940768202617862e-01 6.442019717488095196e-03 8.458979848142256230e-01 7.390642333116356610e+01 7.752192698670726072e-03 9.999663063165148413e-01 -2.729074644394136311e-03 -1.045982548189952510e+00 -8.458871236101478397e-01 5.102045937894103891e-03 -5.330259776270515060e-01 -1.711811900230413386e+01
-5.343880371904414783e-01 1.295227368117032526e-02 8.449632410901701807e-01 7.472691743712900347e+01 9.718525741368715110e-03 9.999106907353912943e-01 -9.175762193328275765e-03 -1.072521976162381208e+00 -8.450066452876554557e-01 3.310904952008882247e-03 -5.344662136683935305e-01 -1.763031247505369592e+01
-5.358587282220874659e-01 1.769281254027284256e-02 8.438923301931625653e-01 7.553792568612007585e+01 9.019961749388844333e-03 9.998433646275446396e-01 -1.522773778712062029e-02 -1.104085575326457569e+00 -8.440294846410267837e-01 -5.473972412086677624e-04 -5.359345356020820406e-01 -1.814760009330849044e+01
-5.371388411815506414e-01 2.205915221501638865e-02 8.432639940271631218e-01 7.635428631694499302e+01 1.530130693218282809e-02 9.997482741163054021e-01 -1.641280103563166545e-02 -1.136706503994174389e+00 -8.434138473133732106e-01 4.091495803670821413e-03 -5.373412597169812122e-01 -1.866632850874279015e+01
-5.356579456490339064e-01 2.342354101382690054e-02 8.442471845413491716e-01 7.717801997153357263e+01 1.877621287658106861e-02 9.996985022657983722e-01 -1.583134203956975891e-02 -1.178191001467278953e+00 -8.443635767124358926e-01 7.369228924789236745e-03 -5.359362751912883915e-01 -1.920502573785714517e+01
-5.342303737194352697e-01 2.048885571474009376e-02 8.446993002938116835e-01 7.799664977483304540e+01 1.888463909777731917e-02 9.997460415732022376e-01 -1.229142056578808040e-02 -1.210850650448755728e+00 -8.447367567130208421e-01 9.381304355900330072e-03 -5.344815797190012319e-01 -1.972434456356613452e+01
-5.356620635502508110e-01 1.408445976917974130e-02 8.445016587235839589e-01 7.881296658113731723e+01 1.634309982843614936e-02 9.998466107026406924e-01 -6.315007937429586299e-03 -1.238170817233359644e+00 -8.444610809842826304e-01 1.042413090576100113e-02 -5.358099586628574107e-01 -2.022632398190954817e+01
-5.342919928613906189e-01 8.950514528032204459e-03 8.454125641740644070e-01 7.963426444517571667e+01 1.429754262472608672e-02 9.998965056302107079e-01 -1.552554607075879193e-03 -1.255347071932826353e+00 -8.453391498824225359e-01 1.125738397036393952e-02 -5.343647290049344800e-01 -2.074099335357453100e+01
-5.330365267397391138e-01 2.161132191317849654e-03 8.461590961579257275e-01 8.044620790995129767e+01 4.972579988889639854e-03 9.999874350013168156e-01 5.747348982573425615e-04 -1.282764971382582386e+00 -8.461473054122266024e-01 4.513736128686622086e-03 -5.330406575978204886e-01 -2.121812745036056569e+01
-5.307408357757906758e-01 -3.129485151731331485e-03 8.476330248805372669e-01 8.127122112233153928e+01 -3.750118542539813190e-03 9.999920074010628657e-01 1.347978120965137973e-03 -1.298272117555061556e+00 -8.476306230760152216e-01 -2.450191792303127187e-03 -5.307485022908605687e-01 -2.171633869692083607e+01
-5.292754827010140994e-01 -2.424847767580160830e-03 8.480544557320053300e-01 8.208236763974679207e+01 -3.565431045819868606e-04 9.999964206254554622e-01 2.632911600255789016e-03 -1.318901163447626868e+00 -8.480579389573440485e-01 1.096544667301949669e-03 -5.292745739985076359e-01 -2.221874634126097092e+01
-5.249904907540909882e-01 2.213067648757548536e-04 8.509858495589764926e-01 8.289603525559486741e+01 4.341777562974786370e-03 9.999876311417401631e-01 2.411286400213577888e-03 -1.346656871495573116e+00 -8.509749237083750195e-01 4.952877868956141044e-03 -5.249851717749783875e-01 -2.271645868311844652e+01
-5.211195785912356992e-01 2.960605426691144924e-03 8.538508702933931271e-01 8.370957008990222903e+01 6.195880788705754316e-03 9.999806789579338551e-01 3.177806308598094703e-04 -1.361075466878928442e+00 -8.538335458007140222e-01 5.460143100800486649e-03 -5.211278864651786025e-01 -2.322350384462946593e+01
-5.116131356939622732e-01 5.298817435808264413e-03 8.589489395013445439e-01 8.451880923723426520e+01 1.036753195014652323e-02 9.999462996602951348e-01 7.048357885849328985e-06 -1.389395382740691520e+00 -8.589028749720085676e-01 8.905485165199835892e-03 -5.116406662360777347e-01 -2.370671592178831233e+01
-5.038890281571312135e-01 6.254144896526504620e-03 8.638308668112377742e-01 8.533287738724762050e+01 1.585236510853029260e-02 9.998723495111054849e-01 2.006400562655086782e-03 -1.414585270947861684e+00 -8.637081550071024072e-01 1.470538453765641608e-02 -5.039238521309519214e-01 -2.418324046793014048e+01
-4.944807472853252617e-01 5.302697460758655501e-03 8.693039969915768994e-01 8.616118551553276461e+01 1.589950537530810185e-02 9.998692453397886037e-01 2.943291856317019253e-03 -1.435942551202010753e+00 -8.691751314208480128e-01 1.527485884988085373e-02 -4.945004877910202379e-01 -2.464841971534518805e+01
-4.841317086308566386e-01 2.483313851155047932e-03 8.752159220719378796e-01 8.699480512346173100e+01 1.082658588100702222e-02 9.999364442683866816e-01 3.152074009143529618e-03 -1.446045523856242188e+00 -8.751525589926082427e-01 1.099865504200749078e-02 -4.841278769739710830e-01 -2.508901872696529267e+01
-4.723469978865890706e-01 -2.980122817708264578e-04 8.818679181772436371e-01 8.782801363873016953e+01 1.278085411914957510e-02 9.998925578618576004e-01 7.182131079713322333e-03 -1.461923894649248101e+00 -8.817755488985350443e-01 1.465408007011716543e-02 -4.722925609079619558e-01 -2.552823120342934970e+01
-4.606106512186251556e-01 -2.037248046034174486e-03 8.876903970205222150e-01 8.866309265050320221e+01 1.146822023790344640e-02 9.999003406969793062e-01 8.239797063400236543e-03 -1.476582697675416833e+00 -8.876188605758329464e-01 1.397307799211205265e-02 -4.605414335102601675e-01 -2.595568275048555762e+01
-4.492574721021354023e-01 -1.475675363978200087e-03 8.933409649203449820e-01 8.950484778145158771e+01 1.286996496067645789e-02 9.998841111510136104e-01 8.127987174343055329e-03 -1.475436684515804675e+00 -8.932496467135937479e-01 1.514995518576225421e-02 -4.491863583729899800e-01 -2.636445703151303377e+01
-4.375343053756369227e-01 -9.206839833441391287e-04 8.996936360394530707e-01 9.035988053941910891e+01 1.571929770693169734e-02 9.998389185017590997e-01 8.663782720800998829e-03 -1.493888347110410963e+00 -8.995569525433789737e-01 1.792554976944926021e-02 -4.374494524129263762e-01 -2.678261564393207550e+01
-4.248420063744367536e-01 2.646884366182507883e-03 9.056152872725381497e-01 9.121377480036423435e+01 1.508644132275591306e-02 9.998775958650828466e-01 4.152818244013195895e-03 -1.505719971414399172e+00 -9.054936166241009943e-01 1.542296898501317910e-02 -4.248300369126736253e-01 -2.716406937432542890e+01
-4.138030515027039669e-01 1.206292951061147846e-02 9.105149675207455662e-01 9.205088560234135286e+01 1.820493880987845634e-02 9.998219170538086287e-01 -4.973340129155220078e-03 -1.519484493661359847e+00 -9.104129263477180878e-01 1.451726043228741478e-02 -4.139489881650114667e-01 -2.753832500941871686e+01
-3.995637742043598450e-01 1.538187502588725213e-02 9.164416472730950725e-01 9.289828892206571709e+01 1.753266993330470508e-02 9.998045267477962961e-01 -9.138359269768386861e-03 -1.544791460392997751e+00 -9.164032431741621076e-01 1.241802737878553407e-02 -3.997552846326697384e-01 -2.790565151233941066e+01
-3.900711847735586768e-01 1.382057506680543259e-02 9.204824560647507647e-01 9.375157332099159646e+01 1.640226575901639408e-02 9.998328837347778553e-01 -8.056773946056718788e-03 -1.556577744591623347e+00 -9.204402192772795921e-01 1.195415282775120526e-02 -3.902326364516824353e-01 -2.825271278380161988e+01
-3.768751475118236605e-01 1.036676458055749844e-02 9.264107632191967978e-01 9.461975471011928107e+01 1.689600944556041151e-02 9.998478578115145288e-01 -4.316623103501829838e-03 -1.584796456556709865e+00 -9.263147327752687676e-01 1.402529629541951310e-02 -3.769928349735341411e-01 -2.859856297547596427e+01
-3.671952271310340299e-01 1.061843750423559565e-02 9.298229857495629025e-01 9.548059422392087470e+01 1.364763465050843234e-02 9.998886295124834733e-01 -6.026403184961190949e-03 -1.614709907382551490e+00 -9.297836681387958713e-01 1.047665544664746172e-02 -3.672991319613749250e-01 -2.892183955470304468e+01
-3.599215398077464934e-01 1.364999577293401697e-02 9.326936788937034706e-01 9.634144620265891490e+01 8.259880623934524532e-03 9.999002519456614557e-01 -1.144899705923403330e-02 -1.642669482340660903e+00 -9.327570984476721838e-01 3.584121609460549744e-03 -3.599984698855651089e-01 -2.923234334408640578e+01
-3.543900838150195742e-01 2.042671822478614452e-02 9.350822287877698091e-01 9.722295763015189607e+01 3.021665706746301007e-03 9.997812080241437194e-01 -2.069254805777269446e-02 -1.668356407136810882e+00 -9.353005012672103158e-01 -4.499427048195804406e-03 -3.543743369185510250e-01 -2.955283080498382020e+01
-3.501757022166412936e-01 2.164479782616915426e-02 9.365033824526577400e-01 9.810211394471518531e+01 -9.333227585242609729e-04 9.997243126654798973e-01 -2.345003086292656372e-02 -1.708998035769134560e+00 -9.367531184769232189e-01 -9.091727775925276256e-03 -3.500590527057660939e-01 -2.986518503445433481e+01
-3.486235257726264525e-01 2.069264867357324331e-02 9.369175217973390035e-01 9.896856595372550203e+01 -3.516674315785467669e-03 9.997200823220037114e-01 -2.339559316333227057e-02 -1.745351437569927722e+00 -9.371395348229035749e-01 -1.145852469105397738e-02 -3.484529594233701233e-01 -3.016973163086255028e+01
-3.413810367232739673e-01 1.780189211623960793e-02 9.398202815836328439e-01 9.985597099487900152e+01 -7.987636263959587909e-03 9.997298098195019911e-01 -2.184015289589117878e-02 -1.784787714887298815e+00 -9.399549643288671597e-01 -1.494390465623870318e-02 -3.411467414838317835e-01 -3.047318612198971977e+01
-3.376250785345033534e-01 1.626758176319123908e-02 9.409838310451326127e-01 1.007331684987309330e+02 -6.317734261732891633e-03 9.997888225435795917e-01 -1.956155976635572460e-02 -1.817506903243942151e+00 -9.411033166792091009e-01 -1.254243427222152124e-02 -3.374509311085329699e-01 -3.077994637371984865e+01
-3.308932636235158986e-01 1.248713237050685758e-02 9.434355077030408543e-01 1.016105904031885103e+02 -5.396385388032663363e-03 9.998707778206801233e-01 -1.514078063030367162e-02 -1.840736380200881372e+00 -9.435028054782108597e-01 -1.010213144411637072e-02 -3.307830247180992278e-01 -3.108358506767988061e+01
-3.258637492265772373e-01 9.974950657934465378e-03 9.455032156709196611e-01 1.024881756990213404e+02 -6.136208617599319542e-03 9.999009543584298498e-01 -1.265646673176873925e-02 -1.881555995692895333e+00 -9.455359898282449382e-01 -9.931188185445034844e-03 -3.257702757438063479e-01 -3.137511095156266094e+01
-3.201277256656570036e-01 6.666753519387040409e-03 9.473300925386189952e-01 1.033615368557384926e+02 -1.426668873638310860e-02 9.998280099777268060e-01 -1.184938107867500659e-02 -1.912408830513430580e+00 -9.472462037743697438e-01 -1.730712367862437262e-02 -3.199776700237396687e-01 -3.165404997881038440e+01
-3.132104793330995895e-01 7.489849247536574384e-03 9.497443228397661752e-01 1.042126878299597195e+02 -2.397627658781247353e-02 9.995879278717345606e-01 -1.577632976875769505e-02 -1.942463460872208225e+00 -9.494713434126283991e-01 -2.771806543663065184e-02 -3.129019863403774693e-01 -3.191694276421844734e+01
-3.059725985657725800e-01 9.589215476496708301e-03 9.521872257664284467e-01 1.050806212653777578e+02 -2.358327775959650346e-02 9.995668415613195856e-01 -1.762028352806466538e-02 -1.978931983375754600e+00 -9.519438615418601701e-01 -2.783245058815712880e-02 -3.056145865376460047e-01 -3.218525176131523580e+01
-2.993861382279851546e-01 1.416670827392954579e-02 9.540972727298373535e-01 1.059469485861351501e+02 -2.061025374415144037e-02 9.995605434304969394e-01 -2.131111398658613529e-02 -2.019382828037081801e+00 -9.539798390622939994e-01 -2.603652362457626809e-02 -2.989627262207307234e-01 -3.245768406829206754e+01
-2.921427953858525828e-01 1.169601358715821084e-02 9.564109400114212400e-01 1.068256958626931379e+02 -2.211220915881184634e-02 9.995755950471134632e-01 -1.896697717391407009e-02 -2.055986235647766946e+00 -9.562271048373799376e-01 -2.668932652972871508e-02 -2.917603782058774131e-01 -3.271152230923829052e+01
-2.855217694773277137e-01 5.911251768615673023e-03 9.584569000624756363e-01 1.076931550038442964e+02 -2.373718535861603363e-02 9.996307871491972863e-01 -1.321974453556333702e-02 -2.087923845681357804e+00 -9.581813889555068631e-01 -2.652999309819098483e-02 -2.852761588709815666e-01 -3.296871079972598295e+01
-2.773064535699653610e-01 3.058517394229859875e-03 9.607069031751455102e-01 1.085749445944339300e+02 -2.255095438140867353e-02 9.996988759120906121e-01 -9.689501356849242533e-03 -2.117253280346978350e+00 -9.604474055011844591e-01 -2.434448522730164183e-02 -2.771541301248706679e-01 -3.321087484384100463e+01
-2.703228820194563120e-01 5.731479354672476545e-03 9.628421376361463446e-01 1.094492530945634456e+02 -2.675881067030760549e-02 9.995515839625838117e-01 -1.344932013825372516e-02 -2.150050323576799816e+00 -9.624877314658533134e-01 -2.939135938755875824e-02 -2.700486448943298368e-01 -3.344196583191971683e+01
-2.644986372908487149e-01 8.388661685774605886e-03 9.642414266342055340e-01 1.103244268653788254e+02 -2.542988173946989297e-02 9.995536984531555591e-01 -1.567894296707599694e-02 -2.180579799746943603e+00 -9.639428644709412408e-01 -2.866247826331654383e-02 -2.641672809727926841e-01 -3.367595561655732439e+01
-2.573785719603634004e-01 9.539208157775952435e-03 9.664506159569330457e-01 1.111927503424797692e+02 -2.588792273029971377e-02 9.995246183492247916e-01 -1.675341029900824161e-02 -2.200134483382034656e+00 -9.661512466372770280e-01 -2.931641012877861385e-02 -2.570095374472108340e-01 -3.389772740217617297e+01
-2.493948420000313970e-01 8.866613075162376942e-03 9.682585818479620965e-01 1.120807574203522421e+02 -2.768981847515441380e-02 9.994839494017125903e-01 -1.627864451773458274e-02 -2.241372007509988329e+00 -9.679034572474314313e-01 -3.087724462399273756e-02 -2.490206196382762360e-01 -3.411023724614747721e+01
-2.405450382683198274e-01 8.220120746616425833e-03 9.705666323340196300e-01 1.129537976930107135e+02 -2.387743552732927987e-02 9.996114419470338852e-01 -1.438485950036685543e-02 -2.267442394541733908e+00 -9.703078982301969191e-01 -2.662764721347498503e-02 -2.402553864038573794e-01 -3.432285224393424983e+01
-2.339537486248677856e-01 8.310224899938207024e-03 9.721104045271350413e-01 1.138402513051472482e+02 -1.967414820846230192e-02 9.997179221676675276e-01 -1.329127880750240534e-02 -2.300219714010997230e+00 -9.719468186702773238e-01 -2.224362416016666816e-02 -2.337240096681734991e-01 -3.453890185364262067e+01
-2.268608869601229927e-01 8.963231733085150199e-03 9.738609204546401221e-01 1.147364988195234332e+02 -1.937453301738511005e-02 9.997180411926140930e-01 -1.371864556416840623e-02 -2.340072967721959163e+00 -9.737094678827636907e-01 -2.199240097379391232e-02 -2.266231276812443463e-01 -3.473726682592983650e+01
-2.196987775007594734e-01 7.787080774575627640e-03 9.754898606781384762e-01 1.156262923223279557e+02 -2.362920111410021437e-02 9.996322368746440867e-01 -1.330632411710572574e-02 -2.368352310315333664e+00 -9.752346915127899640e-01 -2.597437398451548154e-02 -2.194338955606750796e-01 -3.492327651706073510e+01
-2.128426268322163029e-01 4.475082288817971293e-03 9.770897797495352588e-01 1.165417784674634305e+02 -3.101239484744694117e-02 9.994546822291965338e-01 -1.132315892856593405e-02 -2.399008230511635364e+00 -9.766076391102552767e-01 -3.273213645516688530e-02 -2.125876463412702533e-01 -3.511177164300760722e+01
-2.083301066422974246e-01 5.134559811454969536e-03 9.779423829848464811e-01 1.174397925642461331e+02 -2.753327482468678755e-02 9.995590639203334460e-01 -1.111950067606987287e-02 -2.420291866742751541e+00 -9.775683144446002393e-01 -2.924019444219778940e-02 -2.080968541925181103e-01 -3.529831466457122957e+01
-2.041056874115553255e-01 6.216077784436419007e-03 9.790250713252920400e-01 1.183162897886037541e+02 -2.576446368171602178e-02 9.995993718239568615e-01 -1.171429873703828950e-02 -2.443047533875318145e+00 -9.787058517601630037e-01 -2.761925148632654939e-02 -2.038638067259009867e-01 -3.548146760908863229e+01
-1.983762201925909352e-01 6.935545721013697956e-03 9.800936581651852331e-01 1.192180530338158917e+02 -2.463988888946101047e-02 9.996235373985358219e-01 -1.205545606461237186e-02 -2.477308401180904340e+00 -9.798083892117253058e-01 -2.655648597020697152e-02 -1.981306260934264929e-01 -3.565967170817898335e+01
-1.924597383818019147e-01 5.539266663516205676e-03 9.814008914892384805e-01 1.201027656526044609e+02 -1.861099775251199087e-02 9.997837845463700690e-01 -9.282849185706598671e-03 -2.499285455922440224e+00 -9.812402414863280464e-01 -2.004769063898525702e-02 -1.923150959311087371e-01 -3.585083719612090647e+01
-1.878906607531786732e-01 4.415059464093227214e-03 9.821204482003959013e-01 1.209915043179375829e+02 -1.172463086109083730e-02 9.999085677683359208e-01 -6.744616309537017698e-03 -2.528120430934756246e+00 -9.820604758333896234e-01 -1.277283838331966410e-02 -1.878217799580817748e-01 -3.603729422829831464e+01
-1.821331298860683623e-01 3.349067343205735375e-03 9.831586728387653462e-01 1.218774054024783169e+02 -8.430945424231917409e-03 9.999519974627663066e-01 -4.977854408602880136e-03 -2.553145328675441750e+00 -9.831282852056871802e-01 -9.202016654115756714e-03 -1.820960664874110568e-01 -3.619197464997929359e+01
-1.793652560345486147e-01 4.848832468341026519e-03 9.838230262248469637e-01 1.227643781371991167e+02 -1.051092996048671492e-02 9.999213948367382532e-01 -6.845820710881659818e-03 -2.572025588415871145e+00 -9.837789548205343459e-01 -1.156740055611989171e-02 -1.793001342302749102e-01 -3.634057092259536859e+01
-1.759320566343549330e-01 6.049370142450483795e-03 9.844905134545722802e-01 1.236431282145426138e+02 -1.202895309838244130e-02 9.998933708760593397e-01 -8.288127496123794125e-03 -2.593990670215962968e+00 -9.844357592959412928e-01 -1.330217150654243626e-02 -1.758404788182348355e-01 -3.648893545009001116e+01
-1.731248368210228372e-01 4.913001139114325268e-03 9.849582667076438591e-01 1.245304168956235316e+02 -1.311081693040475928e-02 9.998875973386982530e-01 -7.289171730466848138e-03 -2.616187893546601195e+00 -9.848832972399473862e-01 -1.417259970416691849e-02 -1.730410405374354921e-01 -3.663683620365221572e+01
-1.731286147138788589e-01 4.424696828149030786e-03 9.849460875402371585e-01 1.254095526173407933e+02 -1.344585365830168987e-02 9.998861671493702863e-01 -6.847948353380324538e-03 -2.635314735066489611e+00 -9.848643320436709647e-01 -1.442985422320156898e-02 -1.730494670177439576e-01 -3.678781869655695402e+01
-1.730530195136469607e-01 -7.896510139531188717e-04 9.850253657748559988e-01 1.262918865800790655e+02 -1.218538160012007897e-02 9.999249695444508701e-01 -1.328847857454739127e-03 -2.654633226203153562e+00 -9.849503581702944155e-01 -1.223852525026769902e-02 -1.730497664217951204e-01 -3.693264350790876449e+01
-1.708571004886850764e-01 -5.708237043474087731e-03 9.853629452458335658e-01 1.271711482625245253e+02 -1.184648357870879062e-02 9.999228370942038202e-01 3.744642276056037687e-03 -2.676869303185767102e+00 -9.853084235148805714e-01 -1.103018258133275399e-02 -1.709115619200405056e-01 -3.708002521855642897e+01
-1.708539350939884405e-01 -7.914281902491706808e-03 9.852270156093831943e-01 1.280468242476183320e+02 -1.199387073634028064e-02 9.999103156596537145e-01 5.947895165433533110e-03 -2.693945519112921350e+00 -9.851858716108491398e-01 -1.080634698139260746e-02 -1.709334983186941159e-01 -3.722645636435651539e+01
-1.702297515046053145e-01 -3.375370838920722753e-03 9.854650708237746581e-01 1.289176711034353673e+02 -1.276101649568006820e-02 9.999178446355148075e-01 1.226745575148191015e-03 -2.707335128003957703e+00 -9.853884823435447027e-01 -1.237270533515232203e-02 -1.702588111809125448e-01 -3.736897471748145705e+01
-1.693689393605737892e-01 2.041008992887051628e-03 9.855274025594368270e-01 1.297761813804541475e+02 -1.076529102605649699e-02 9.999342959966188715e-01 -3.924373336365541420e-03 -2.722586157665828122e+00 -9.854707211326529936e-01 -1.127087980095185793e-02 -1.693358952045417309e-01 -3.751124796644308645e+01
-1.687669763156916247e-01 3.886525227052887933e-04 9.856876158928352671e-01 1.306476040177519735e+02 -1.356752228883244780e-02 9.999041941277315715e-01 -2.722519615692985812e-03 -2.739268379827649369e+00 -9.855944710512258844e-01 -1.382424585079020628e-02 -1.687455999178672228e-01 -3.765377659746673800e+01
-1.681057489179089148e-01 3.462647999370035631e-04 9.858040304679557275e-01 1.315112165086265463e+02 -1.335543059146746502e-02 9.999073382819452238e-01 -2.626178580777377859e-03 -2.752252919709718970e+00 -9.857138022078756334e-01 -1.360692346003251549e-02 -1.680856158675992640e-01 -3.778959721175829856e+01
-1.673871666969707073e-01 2.846075759256952781e-05 9.859171837591559351e-01 1.323676779668184622e+02 -1.072057476901015251e-02 9.999406919484247203e-01 -1.855648406985674001e-03 -2.774251766016273990e+00 -9.858589362204380757e-01 -1.089341981312790669e-02 -1.673768207255064699e-01 -3.793896389977716410e+01
-1.658785535823177615e-01 2.182564816821256585e-03 9.861329238751874726e-01 1.332277193660192438e+02 -9.921025820974042203e-03 9.999432260911892412e-01 -3.880199951528411594e-03 -2.801693765710571604e+00 -9.860856283464819461e-01 -1.042520103751960227e-02 -1.658474307448028762e-01 -3.807640347299744832e+01
-1.661824218950061216e-01 3.308512564255928004e-03 9.861127623000121023e-01 1.340856319651722401e+02 -2.090080918659122447e-02 9.997581392989542959e-01 -6.868992707987389180e-03 -2.814418834065699926e+00 -9.858970116345048273e-01 -2.174745401168138095e-02 -1.660731502318975872e-01 -3.820848407864321672e+01
-1.670099969012903696e-01 4.385188829164113171e-03 9.859659992291465169e-01 1.349663552702698155e+02 -2.574252420498529537e-02 9.996301967754976925e-01 -8.800067861718639112e-03 -2.836626036314889188e+00 -9.856401312418935357e-01 -2.683160627782543370e-02 -1.668356620820014291e-01 -3.833395962721112937e+01
-1.670465951291122408e-01 7.224681438623622824e-03 9.859317316141631427e-01 1.357847875150583832e+02 -2.528339069368881059e-02 9.996132153074311910e-01 -1.160797010209474803e-02 -2.856209219560124080e+00 -9.856342323321406473e-01 -2.684996139279053826e-02 -1.667996061516769657e-01 -3.846829493754987794e+01
-1.648799614314505058e-01 9.457750128434246756e-03 9.862473513178521278e-01 1.366258954803112715e+02 -2.385534645644241808e-02 9.996231588708083260e-01 -1.358736002125945051e-02 -2.891148102220235216e+00 -9.860042915207906100e-01 -2.575592242146180350e-02 -1.645921425801963045e-01 -3.860896481512919109e+01
-1.656837450301305026e-01 8.242578369498175517e-03 9.862164397728075960e-01 1.374602690828551488e+02 -2.325441556278951688e-02 9.996545960996279234e-01 -1.224675088443299281e-02 -2.922214487689831053e+00 -9.859770047883198441e-01 -2.496822103603621099e-02 -1.654350224791043267e-01 -3.873638539360179323e+01
-1.633154898133615529e-01 9.526516983126721155e-03 9.866062008522530347e-01 1.383143254492054837e+02 -1.621749098688111609e-02 9.997926094278722919e-01 -1.233732690351338132e-02 -2.950235239844565704e+00 -9.865190961352052756e-01 -1.800156766963004890e-02 -1.631273218888332488e-01 -3.887774779361197375e+01
-1.603308975767219202e-01 5.761152050860594669e-03 9.870733032051902667e-01 1.391562216418415971e+02 -1.178314997288899303e-02 9.999006033411740324e-01 -7.746719819717419811e-03 -2.972264188514948557e+00 -9.870200218735664111e-01 -1.286695443900561821e-02 -1.602470904986058042e-01 -3.901184404402970074e+01
-1.580053440314388435e-01 1.238588123647559091e-03 9.874212495208427587e-01 1.399892036798002835e+02 -5.619792715420076669e-03 9.999818003612518380e-01 -2.157598605710143655e-03 -2.996705062870835157e+00 -9.874062738887431356e-01 -5.889909292522086878e-03 -1.579954549527072538e-01 -3.914372933215250328e+01
-1.544476857784077284e-01 3.985991916026189398e-04 9.880957187451420154e-01 1.408237188372818594e+02 -1.199252797848311008e-04 9.999998241269756338e-01 -4.156234101803852102e-04 -3.015512835527035307e+00 -9.880960047470882524e-01 -1.833693674478569305e-04 -1.544476070604208218e-01 -3.927168922078105595e+01
-1.480292516326632557e-01 3.719840628167648405e-03 9.889595205034678038e-01 1.416396043776894942e+02 -1.135120663345013563e-03 9.999916505405764822e-01 -3.933018243133788207e-03 -3.043870527600509579e+00 -9.889659268518635749e-01 -1.698259828741147028e-03 -1.480237210009230087e-01 -3.938380158713829360e+01
-1.438982700154351757e-01 7.414704175339298896e-03 9.896427069445079550e-01 1.424542281358059768e+02 1.193035344708116710e-03 9.999724301735019028e-01 -7.317127539179215691e-03 -3.057129618483448663e+00 -9.896697905267559658e-01 1.320068871462246691e-04 -1.439032761448907072e-01 -3.949853915449678254e+01
-1.333633853591727758e-01 9.610070191751802007e-03 9.910465596213915429e-01 1.433095809027103087e+02 3.634257277331592265e-03 9.999509328159152943e-01 -9.204921005255261093e-03 -3.079631401513215572e+00 -9.910865454628188242e-01 2.371992621498333117e-03 -1.333917359466562924e-01 -3.960853971249962768e+01
-1.235348017719555686e-01 4.505616474550592880e-03 9.924028204212610449e-01 1.441269344853288885e+02 4.705103569245727355e-03 9.999810283254529919e-01 -3.950966018746186227e-03 -3.093056250258162443e+00 -9.924019614230747965e-01 4.179110174249925022e-03 -1.235536876483536162e-01 -3.970698157417545104e+01
-1.122093050502395439e-01 2.735000237757957871e-03 9.936719665824587100e-01 1.448898125506241001e+02 1.248257623839039814e-02 9.999210762837679178e-01 -1.342719809585296402e-03 -3.121725029359252002e+00 -9.935973093026310154e-01 1.225284515192134015e-02 -1.122346002893144790e-01 -3.979611813417336208e+01
-9.759810097449146682e-02 3.758564331323070370e-03 9.951954614899702900e-01 1.457798344418831107e+02 1.650881101669344694e-02 9.998613567929928170e-01 -2.156882197431753828e-03 -3.150993954720787471e+00 -9.950657090432141194e-01 1.621865756607135042e-02 -9.764661829055858167e-02 -3.988349390473671008e+01
-8.310236198001465235e-02 4.569915661303839728e-03 9.965175332345063142e-01 1.465567568975587278e+02 1.740554453807216517e-02 9.998434571528841408e-01 -3.133479124294269967e-03 -3.171054012346947726e+00 -9.963762291128148707e-01 1.708426786966066660e-02 -8.316887884091064831e-02 -3.994357246579296827e+01
-7.012797665058029262e-02 3.804696001058831181e-03 9.975451823744621027e-01 1.473503461971440629e+02 2.064965558195922674e-02 9.997838562885194014e-01 -2.362031286280903610e-03 -3.183033347790759304e+00 -9.973387198221416172e-01 2.043420171531360255e-02 -7.019148757193707788e-02 -3.999375620783957430e+01
-5.558459518517350206e-02 6.732779671986301173e-03 9.984087906488453568e-01 1.481411142522855755e+02 2.657928259704949586e-02 9.996328866733975582e-01 -5.261174708721116922e-03 -3.193455849530928425e+00 -9.980777709458048541e-01 2.623959276124994411e-02 -5.574327562623590526e-02 -4.003471000728971774e+01
-4.195958629192970968e-02 1.322066444094580941e-02 9.990105417063023241e-01 1.489475024231855400e+02 2.224436240309826673e-02 9.996769132338726438e-01 -1.229435720719633182e-02 -3.221567520482361502e+00 -9.988505823156853536e-01 2.170076394701386802e-02 -4.224012559936007188e-02 -4.005252284552670972e+01
-3.056161857425601647e-02 2.271112613307007394e-02 9.992683189179621950e-01 1.497185608559249488e+02 1.528966078138961973e-02 9.996354750002054423e-01 -2.225436517432236028e-02 -3.250360221603917132e+00 -9.994096409716425322e-01 1.459370148586841900e-02 -3.089770133561729401e-02 -4.005714806747264589e+01
-1.731371860383691327e-02 3.162284180249316790e-02 9.993594828399655627e-01 1.504838932043483908e+02 8.631058241329909661e-03 9.994673260977964269e-01 -3.146763922259386559e-02 -3.278230326625050761e+00 -9.998222497772579764e-01 8.082874859313287502e-03 -1.757754009100055345e-02 -4.004618142287372962e+01
