0.0000 -0.0000 0.0000 0.0000 0.0000 -0.0000 -0.0000 1.0000
0.1039 -0.0853 -0.0083 0.0162 0.0002 0.0072 -0.0001 1.0000
0.2077 -0.1030 -0.0112 0.0456 0.0002 0.0152 -0.0008 0.9999
0.3119 -0.0171 0.0096 0.4237 -0.0006 0.0318 -0.0025 0.9995
0.4159 0.0216 0.0142 0.5623 -0.0015 0.0479 -0.0021 0.9989
0.5200 0.1456 0.0137 0.8187 -0.0025 0.0675 -0.0010 0.9977
0.6241 0.1496 -0.0127 0.9126 -0.0029 0.0865 0.0010 0.9963
0.7282 0.2604 -0.0012 1.1786 -0.0032 0.1088 0.0010 0.9941
0.8325 0.3451 0.0068 1.3465 -0.0050 0.1328 0.0007 0.9911
0.9366 0.5104 0.0246 1.6189 -0.0082 0.1576 0.0018 0.9875
1.0408 0.6277 0.0003 1.8101 -0.0115 0.1823 0.0059 0.9832
1.1449 0.7960 -0.0044 2.0556 -0.0135 0.2092 0.0081 0.9777
1.2490 0.9918 -0.0048 2.2756 -0.0154 0.2368 0.0084 0.9714
1.3531 1.1509 0.0314 2.5166 -0.0175 0.2653 0.0084 0.9640
1.4571 1.3996 0.0279 2.7639 -0.0193 0.2939 0.0102 0.9556
1.5611 1.5909 0.0260 2.9456 -0.0204 0.3227 0.0124 0.9462
1.6651 1.8672 0.0351 3.1477 -0.0212 0.3506 0.0140 0.9362
1.7690 2.1925 0.0447 3.3988 -0.0211 0.3780 0.0153 0.9254
1.8729 2.4647 0.0577 3.5833 -0.0214 0.4047 0.0158 0.9140
1.9768 2.8228 0.0868 3.8176 -0.0229 0.4302 0.0149 0.9023
2.0805 3.1475 0.1040 4.0244 -0.0237 0.4537 0.0146 0.8907
2.1841 3.5384 0.1246 4.2358 -0.0243 0.4755 0.0144 0.8793
2.2879 3.9686 0.1342 4.4347 -0.0251 0.4951 0.0151 0.8683
2.3915 4.3528 0.1619 4.6259 -0.0256 0.5137 0.0144 0.8575
2.4951 4.8126 0.1861 4.8112 -0.0250 0.5309 0.0140 0.8469
2.5988 5.3377 0.2034 4.9954 -0.0231 0.5464 0.0142 0.8371
2.7023 5.8416 0.2259 5.1777 -0.0210 0.5600 0.0144 0.8281
2.8059 6.3747 0.2508 5.3591 -0.0194 0.5714 0.0142 0.8203
2.9094 6.9579 0.2747 5.5557 -0.0183 0.5805 0.0145 0.8139
3.0129 7.5467 0.3048 5.7180 -0.0179 0.5868 0.0150 0.8094
3.1165 8.1646 0.3228 5.9174 -0.0180 0.5918 0.0159 0.8057
3.2201 8.7993 0.3545 6.0981 -0.0191 0.5962 0.0162 0.8024
3.3237 9.4626 0.3845 6.2837 -0.0203 0.6005 0.0163 0.7992
3.4274 10.1501 0.4116 6.4836 -0.0212 0.6049 0.0167 0.7959
3.5310 10.8605 0.4428 6.6764 -0.0222 0.6090 0.0172 0.7927
3.6348 11.5864 0.4722 6.8656 -0.0229 0.6133 0.0176 0.7893
3.7384 12.3629 0.5010 7.0375 -0.0236 0.6176 0.0178 0.7859
3.8421 13.1161 0.5343 7.2115 -0.0250 0.6215 0.0185 0.7828
3.9458 13.8863 0.5822 7.3759 -0.0271 0.6261 0.0190 0.7790
4.0495 14.6787 0.6255 7.5660 -0.0284 0.6312 0.0205 0.7748
4.1532 15.4628 0.6600 7.6918 -0.0295 0.6361 0.0210 0.7707
4.2570 16.2796 0.6993 7.8344 -0.0298 0.6415 0.0211 0.7663
4.3608 17.0728 0.7397 7.9837 -0.0298 0.6469 0.0206 0.7617
4.4645 17.8763 0.7727 8.0892 -0.0295 0.6537 0.0198 0.7559
4.5684 18.6888 0.8156 8.1927 -0.0296 0.6615 0.0188 0.7492
4.6723 19.5166 0.8564 8.2682 -0.0303 0.6708 0.0170 0.7409
4.7761 20.3408 0.8970 8.3342 -0.0312 0.6820 0.0157 0.7306
4.8801 21.1957 0.9387 8.3483 -0.0316 0.6940 0.0149 0.7191
4.9841 22.0363 0.9743 8.3509 -0.0314 0.7064 0.0142 0.7070
5.0881 22.8811 1.0020 8.2898 -0.0310 0.7184 0.0136 0.6948
5.1920 23.7042 1.0362 8.2497 -0.0306 0.7297 0.0126 0.6830
5.2959 24.5417 1.0752 8.1731 -0.0298 0.7407 0.0107 0.6711
5.3998 25.3857 1.1035 8.0378 -0.0270 0.7513 0.0103 0.6593
5.5036 26.2212 1.1142 7.8932 -0.0234 0.7618 0.0101 0.6473
5.6074 27.0602 1.1394 7.6932 -0.0191 0.7720 0.0103 0.6353
5.7113 27.8636 1.1479 7.5213 -0.0153 0.7813 0.0105 0.6239
5.8150 28.6964 1.1724 7.2888 -0.0101 0.7899 0.0116 0.6131
5.9188 29.5102 1.1699 7.0491 -0.0050 0.7985 0.0100 0.6019
6.0224 30.3024 1.1611 6.7949 0.0011 0.8064 0.0057 0.5914
6.1261 31.0516 1.1303 6.4823 0.0063 0.8138 -0.0013 0.5811
6.2298 31.8499 1.0989 6.1987 0.0103 0.8216 -0.0082 0.5699
6.3335 32.6074 1.0666 5.8936 0.0148 0.8290 -0.0113 0.5589
6.4371 33.3952 1.0124 5.5279 0.0172 0.8360 -0.0121 0.5483
6.5409 34.1076 0.9686 5.1760 0.0175 0.8427 -0.0109 0.5379
6.6445 34.8726 0.9394 4.8105 0.0177 0.8488 -0.0075 0.5284
6.7483 35.5877 0.9067 4.4224 0.0193 0.8543 -0.0035 0.5194
6.8519 36.3029 0.8584 4.0392 0.0205 0.8584 -0.0022 0.5126
6.9555 36.9987 0.8040 3.6353 0.0222 0.8615 -0.0025 0.5072
7.0590 37.6963 0.7636 3.2416 0.0233 0.8644 -0.0031 0.5023
7.1628 38.3849 0.7048 2.8345 0.0212 0.8674 -0.0059 0.4972
7.2664 39.0961 0.6958 2.4351 0.0204 0.8707 -0.0061 0.4913
7.3701 39.7663 0.6439 1.9974 0.0212 0.8731 -0.0057 0.4870
7.4738 40.4393 0.5991 1.5368 0.0231 0.8751 -0.0053 0.4834
7.5774 41.1277 0.5669 1.1094 0.0243 0.8764 -0.0067 0.4810
7.6810 41.8446 0.5144 0.6726 0.0245 0.8761 -0.0078 0.4814
7.7847 42.5739 0.4753 0.2076 0.0254 0.8753 -0.0070 0.4829
7.8883 43.3258 0.4290 -0.2286 0.0247 0.8736 -0.0072 0.4859
7.9919 44.0657 0.3910 -0.6910 0.0238 0.8716 -0.0075 0.4896
8.0956 44.8455 0.3436 -1.1780 0.0230 0.8694 -0.0081 0.4935
8.1994 45.6599 0.2974 -1.6176 0.0219 0.8677 -0.0088 0.4966
8.3031 46.4666 0.2482 -2.0724 0.0201 0.8664 -0.0097 0.4988
8.4070 47.3142 0.2111 -2.5459 0.0179 0.8660 -0.0106 0.4997
8.5108 48.1588 0.1611 -3.0209 0.0164 0.8661 -0.0108 0.4995
8.6146 49.0084 0.1184 -3.5146 0.0156 0.8664 -0.0109 0.4990
8.7184 49.8856 0.0700 -4.0110 0.0155 0.8666 -0.0106 0.4987
8.8221 50.7512 0.0226 -4.5097 0.0152 0.8666 -0.0104 0.4987
8.9259 51.6459 -0.0273 -5.0202 0.0151 0.8666 -0.0099 0.4987
9.0296 52.5259 -0.0871 -5.5326 0.0147 0.8667 -0.0099 0.4985
9.1335 53.4197 -0.1294 -6.0391 0.0139 0.8668 -0.0099 0.4984
9.2373 54.3173 -0.1864 -6.5325 0.0135 0.8668 -0.0098 0.4984
9.3410 55.2046 -0.2334 -7.0561 0.0129 0.8666 -0.0100 0.4987
9.4448 56.1141 -0.2913 -7.5775 0.0123 0.8663 -0.0096 0.4994
9.5485 57.0043 -0.3421 -8.0874 0.0119 0.8657 -0.0082 0.5004
9.6522 57.8776 -0.3816 -8.5859 0.0118 0.8650 -0.0071 0.5016
9.7559 58.7978 -0.4429 -9.0916 0.0114 0.8642 -0.0070 0.5029
9.8596 59.7001 -0.4850 -9.5984 0.0119 0.8637 -0.0068 0.5039
9.9635 60.5710 -0.5397 -10.1099 0.0119 0.8633 -0.0072 0.5046
10.0673 61.4711 -0.5802 -10.6046 0.0120 0.8634 -0.0081 0.5043
10.1711 62.3408 -0.6307 -11.0748 0.0122 0.8643 -0.0096 0.5028
10.2750 63.2170 -0.6865 -11.5581 0.0121 0.8656 -0.0106 0.5004
10.3789 64.1157 -0.7206 -12.0769 0.0118 0.8671 -0.0099 0.4980
10.4828 64.9602 -0.7877 -12.5951 0.0118 0.8687 -0.0074 0.4952
10.5865 65.8066 -0.8311 -13.0992 0.0104 0.8703 -0.0077 0.4924
10.6904 66.6503 -0.8836 -13.6051 0.0112 0.8717 -0.0083 0.4898
10.7941 67.4892 -0.9275 -14.1369 0.0120 0.8731 -0.0093 0.4873
10.8980 68.3419 -0.9763 -14.6556 0.0118 0.8745 -0.0103 0.4848
11.0017 69.1598 -1.0189 -15.1575 0.0117 0.8756 -0.0109 0.4827
11.1054 69.9682 -1.0896 -15.6613 0.0111 0.8765 -0.0107 0.4812
11.2091 70.8002 -1.1245 -16.2027 0.0099 0.8773 -0.0064 0.4798
11.3129 71.6364 -1.1517 -16.7275 0.0081 0.8778 -0.0018 0.4790
11.4166 72.4360 -1.1779 -17.2471 0.0075 0.8785 -0.0001 0.4777
11.5204 73.2528 -1.2276 -17.7511 0.0086 0.8787 -0.0029 0.4773
11.6240 74.0412 -1.2854 -18.2676 0.0097 0.8791 -0.0054 0.4765
11.7278 74.8629 -1.3014 -18.8099 0.0134 0.8792 -0.0047 0.4762
11.8315 75.6514 -1.3404 -19.3382 0.0148 0.8792 -0.0034 0.4762
11.9353 76.4380 -1.3811 -19.8511 0.0136 0.8790 -0.0020 0.4766
12.0389 77.2424 -1.4075 -20.3644 0.0118 0.8789 -0.0006 0.4768
12.1426 78.0212 -1.4385 -20.8622 0.0098 0.8786 0.0016 0.4774
12.2464 78.8542 -1.4627 -21.4029 0.0054 0.8786 0.0006 0.4776
12.3501 79.6549 -1.4918 -21.8675 0.0014 0.8780 -0.0013 0.4786
12.4539 80.4490 -1.5066 -22.3729 0.0027 0.8776 0.0004 0.4793
12.5576 81.2434 -1.5300 -22.8995 0.0049 0.8766 0.0013 0.4812
12.6614 82.0317 -1.5692 -23.3738 0.0058 0.8752 0.0001 0.4837
12.7651 82.8174 -1.5812 -23.8419 0.0080 0.8730 0.0018 0.4876
12.8688 83.6321 -1.6155 -24.3558 0.0109 0.8705 0.0043 0.4921
12.9724 84.3907 -1.6331 -24.7858 0.0109 0.8677 0.0039 0.4969
13.0762 85.2422 -1.6610 -25.2694 0.0088 0.8645 0.0032 0.5025
13.1799 86.0493 -1.6818 -25.7181 0.0085 0.8612 0.0054 0.5081
13.2837 86.8794 -1.6941 -26.1575 0.0081 0.8580 0.0058 0.5136
13.3874 87.7125 -1.7178 -26.5717 0.0076 0.8544 0.0058 0.5195
13.4911 88.5384 -1.7417 -26.9635 0.0091 0.8509 0.0067 0.5252
13.5949 89.3628 -1.7659 -27.3640 0.0099 0.8474 0.0049 0.5309
13.6988 90.2271 -1.7982 -27.7656 0.0133 0.8440 0.0013 0.5362
13.8025 91.0318 -1.8107 -28.1093 0.0149 0.8403 -0.0005 0.5420
13.9063 91.8663 -1.8382 -28.5019 0.0132 0.8367 -0.0003 0.5475
14.0100 92.7335 -1.8965 -28.8257 0.0121 0.8331 0.0017 0.5530
14.1138 93.5524 -1.9168 -29.1680 0.0110 0.8300 0.0001 0.5576
14.2176 94.4156 -1.9351 -29.4920 0.0114 0.8280 -0.0036 0.5606
14.3215 95.2479 -1.9690 -29.7916 0.0117 0.8264 -0.0087 0.5629
14.4254 96.1055 -2.0034 -30.1264 0.0115 0.8254 -0.0110 0.5644
14.5293 96.9398 -2.0456 -30.4575 0.0114 0.8243 -0.0111 0.5660
14.6331 97.7879 -2.1097 -30.7625 0.0106 0.8229 -0.0116 0.5680
14.7369 98.6235 -2.1575 -31.0455 0.0096 0.8211 -0.0106 0.5706
14.8408 99.4778 -2.2007 -31.3700 0.0076 0.8196 -0.0090 0.5728
14.9445 100.3139 -2.2358 -31.6628 0.0067 0.8178 -0.0083 0.5754
15.0483 101.1897 -2.2798 -31.9452 0.0045 0.8161 -0.0101 0.5779
15.1520 102.0438 -2.3043 -32.2126 0.0011 0.8142 -0.0144 0.5804
15.2558 102.8988 -2.3524 -32.4834 0.0031 0.8120 -0.0147 0.5835
15.3595 103.7756 -2.4045 -32.7760 0.0043 0.8097 -0.0157 0.5866
15.4633 104.5793 -2.4470 -33.0338 0.0025 0.8078 -0.0159 0.5893
15.5671 105.4404 -2.4671 -33.2880 0.0024 0.8058 -0.0133 0.5921
15.6709 106.3156 -2.4972 -33.5507 0.0024 0.8034 -0.0116 0.5953
15.7746 107.1827 -2.5479 -33.7928 0.0020 0.8015 -0.0137 0.5979
15.8784 108.0269 -2.5878 -34.0286 0.0026 0.7995 -0.0152 0.6005
15.9822 108.8911 -2.6086 -34.2621 0.0032 0.7973 -0.0156 0.6034
16.0861 109.7518 -2.6613 -34.5028 0.0024 0.7951 -0.0155 0.6063
16.1898 110.6011 -2.6957 -34.7214 0.0035 0.7926 -0.0141 0.6096
16.2935 111.4739 -2.7519 -34.9108 0.0053 0.7902 -0.0128 0.6127
16.3973 112.3524 -2.7887 -35.1415 0.0059 0.7882 -0.0124 0.6153
16.5010 113.1712 -2.8313 -35.3331 0.0033 0.7860 -0.0144 0.6181
16.6048 114.0946 -2.8670 -35.5308 0.0012 0.7840 -0.0157 0.6205
16.7086 114.9893 -2.9064 -35.7447 0.0021 0.7827 -0.0148 0.6222
16.8124 115.8077 -2.9502 -35.9108 0.0030 0.7813 -0.0137 0.6240
16.9162 116.6973 -2.9870 -36.1104 0.0034 0.7797 -0.0143 0.6260
17.0200 117.5455 -3.0294 -36.2909 0.0048 0.7779 -0.0117 0.6283
17.1238 118.4361 -3.0738 -36.4744 0.0061 0.7763 -0.0086 0.6303
17.2275 119.3050 -3.1063 -36.6589 0.0069 0.7744 -0.0072 0.6326
17.3314 120.1836 -3.1455 -36.8216 0.0076 0.7733 -0.0078 0.6339
17.4351 121.0244 -3.1844 -36.9802 0.0068 0.7722 -0.0098 0.6353
17.5390 121.9091 -3.2246 -37.1501 0.0065 0.7714 -0.0097 0.6362
17.6429 122.7217 -3.2524 -37.2852 0.0061 0.7712 -0.0099 0.6364
17.7466 123.6468 -3.2804 -37.4630 0.0055 0.7708 -0.0073 0.6371
17.8505 124.5387 -3.3280 -37.6125 0.0033 0.7704 -0.0055 0.6375
17.9543 125.3927 -3.3554 -37.7758 0.0036 0.7702 -0.0037 0.6378
18.0581 126.2838 -3.3833 -37.9135 0.0040 0.7697 -0.0065 0.6383
18.1619 127.1038 -3.4334 -38.1031 0.0049 0.7698 -0.0085 0.6382
18.2658 127.9596 -3.4518 -38.2275 0.0054 0.7698 -0.0078 0.6382
18.3696 128.8270 -3.4812 -38.3996 0.0044 0.7696 -0.0085 0.6385
18.4734 129.6744 -3.5101 -38.5644 0.0056 0.7693 -0.0064 0.6388
18.5772 130.5551 -3.5550 -38.7146 0.0064 0.7691 -0.0083 0.6390
18.6810 131.3687 -3.5794 -38.8591 0.0042 0.7690 -0.0117 0.6391
18.7849 132.1625 -3.6302 -38.9651 0.0031 0.7690 -0.0139 0.6391
18.8885 133.0299 -3.6643 -39.1350 0.0053 0.7688 -0.0147 0.6393
18.9924 133.8573 -3.7080 -39.2938 0.0051 0.7686 -0.0148 0.6396
19.0960 134.6756 -3.7528 -39.4305 0.0059 0.7681 -0.0153 0.6401
19.1999 135.5095 -3.7841 -39.5938 0.0081 0.7673 -0.0122 0.6411
19.3035 136.3508 -3.8214 -39.7323 0.0082 0.7664 -0.0096 0.6423
19.4074 137.1702 -3.8655 -39.8874 0.0080 0.7658 -0.0059 0.6430
19.5112 137.9548 -3.9028 -40.0146 0.0084 0.7646 -0.0047 0.6444
19.6148 138.7127 -3.9457 -40.1682 0.0104 0.7631 -0.0061 0.6462
19.7184 139.5749 -3.9775 -40.2917 0.0126 0.7609 -0.0067 0.6487
19.8221 140.3490 -4.0191 -40.4015 0.0108 0.7583 -0.0089 0.6517
19.9257 141.1172 -4.0300 -40.5126 0.0121 0.7552 -0.0042 0.6554
20.0294 141.9133 -4.0934 -40.6009 0.0121 0.7512 -0.0027 0.6600
20.1329 142.6955 -4.1242 -40.6706 0.0123 0.7468 -0.0044 0.6649
20.2366 143.5177 -4.1615 -40.7633 0.0137 0.7418 -0.0038 0.6705
20.3404 144.3210 -4.1975 -40.8586 0.0149 0.7369 -0.0025 0.6758
20.4440 145.0943 -4.2274 -40.8834 0.0163 0.7325 -0.0023 0.6806
20.5478 145.9082 -4.2791 -40.9355 0.0174 0.7277 -0.0053 0.6857
20.6515 146.6697 -4.3109 -40.9526 0.0169 0.7233 -0.0119 0.6902
20.7553 147.4069 -4.3634 -40.9347 0.0188 0.7185 -0.0167 0.6951
20.8591 148.1651 -4.4065 -40.9277 0.0186 0.7136 -0.0175 0.7001
20.9629 148.9380 -4.4679 -40.9263 0.0156 0.7097 -0.0174 0.7041
21.0668 149.6932 -4.5110 -40.9172 0.0168 0.7060 -0.0145 0.7079
21.1706 150.4721 -4.5712 -40.8786 0.0177 0.7025 -0.0181 0.7112
21.2745 151.2171 -4.6172 -40.8738 0.0169 0.6997 -0.0246 0.7138
21.3785 151.9502 -4.6696 -40.8352 0.0179 0.6986 -0.0263 0.7148
21.4825 152.7260 -4.7254 -40.8056 0.0159 0.6988 -0.0254 0.7147
21.5864 153.4804 -4.7905 -40.7761 0.0144 0.6995 -0.0228 0.7142
21.6904 154.2105 -4.8224 -40.7807 0.0150 0.7005 -0.0209 0.7132
21.7943 154.9826 -4.8812 -40.7725 0.0154 0.7014 -0.0206 0.7123
21.8983 155.7176 -4.9340 -40.7671 0.0155 0.7029 -0.0206 0.7108
22.0022 156.4579 -4.9974 -40.7569 0.0149 0.7045 -0.0198 0.7092
22.1061 157.2038 -5.0566 -40.7257 0.0132 0.7065 -0.0220 0.7073
22.2101 157.9548 -5.0931 -40.7311 0.0128 0.7085 -0.0216 0.7053
22.3139 158.6590 -5.1601 -40.7527 0.0114 0.7107 -0.0203 0.7031
22.4178 159.3580 -5.2084 -40.7451 0.0111 0.7127 -0.0203 0.7011
22.5215 160.1254 -5.2406 -40.7725 0.0107 0.7146 -0.0221 0.6991
22.6254 160.8724 -5.2939 -40.7837 0.0117 0.7159 -0.0228 0.6978
22.7292 161.5967 -5.3570 -40.7859 0.0117 0.7166 -0.0241 0.6970
22.8329 162.2774 -5.3828 -40.8148 0.0154 0.7175 -0.0213 0.6961
22.9365 163.0067 -5.4414 -40.8441 0.0148 0.7172 -0.0211 0.6963
23.0401 163.7196 -5.4849 -40.8626 0.0151 0.7160 -0.0184 0.6977
23.1438 164.4472 -5.5377 -40.8789 0.0149 0.7134 -0.0181 0.7004
23.2474 165.1112 -5.5858 -40.8611 0.0156 0.7097 -0.0178 0.7041
23.3510 165.8384 -5.6497 -40.8524 0.0148 0.7045 -0.0195 0.7092
23.4547 166.5086 -5.6598 -40.8470 0.0159 0.6991 -0.0166 0.7146
23.5583 167.2014 -5.7237 -40.7835 0.0122 0.6933 -0.0167 0.7203
23.6620 167.8628 -5.7625 -40.7430 0.0093 0.6874 -0.0149 0.7261
23.7657 168.5752 -5.7998 -40.6585 0.0066 0.6812 -0.0127 0.7320
23.8694 169.2467 -5.8224 -40.5951 0.0039 0.6748 -0.0101 0.7379
23.9730 169.9065 -5.8528 -40.5050 0.0015 0.6685 -0.0082 0.7437
24.0768 170.5707 -5.8846 -40.4203 0.0017 0.6617 -0.0058 0.7497
24.1805 171.2198 -5.8982 -40.3208 0.0012 0.6550 -0.0060 0.7556
24.2842 171.8745 -5.9233 -40.2000 0.0006 0.6483 -0.0060 0.7613
24.3879 172.5140 -5.9242 -40.0733 -0.0014 0.6419 -0.0075 0.7667
24.4916 173.1467 -5.9519 -39.9200 -0.0045 0.6364 -0.0075 0.7713
24.5954 173.7704 -5.9684 -39.7860 -0.0040 0.6314 -0.0042 0.7755
24.6993 174.3924 -5.9849 -39.6466 -0.0035 0.6271 -0.0029 0.7789
24.8031 174.9648 -5.9936 -39.4869 -0.0036 0.6234 -0.0046 0.7819
24.9068 175.5689 -6.0350 -39.3361 -0.0034 0.6195 -0.0092 0.7849
25.0105 176.1519 -6.0392 -39.1732 0.0012 0.6157 -0.0120 0.7879
25.1143 176.7518 -6.0364 -39.0369 0.0060 0.6124 -0.0121 0.7904
25.2180 177.3466 -6.0698 -38.8500 0.0053 0.6095 -0.0119 0.7927
25.3218 177.9657 -6.0820 -38.6696 0.0015 0.6073 -0.0101 0.7944
25.4255 178.5632 -6.1132 -38.4936 -0.0047 0.6055 -0.0081 0.7958
25.5294 179.1824 -6.1352 -38.3077 -0.0086 0.6046 -0.0059 0.7964
25.6332 179.7955 -6.1589 -38.1395 -0.0080 0.6043 -0.0047 0.7967
25.7370 180.3680 -6.1483 -37.9802 -0.0057 0.6038 -0.0043 0.7971
25.8408 180.9832 -6.1614 -37.7948 -0.0044 0.6031 -0.0033 0.7976
25.9445 181.5951 -6.1523 -37.6326 -0.0056 0.6025 -0.0031 0.7981
26.0481 182.2224 -6.1755 -37.4259 -0.0076 0.6013 -0.0020 0.7990
26.1519 182.8393 -6.1891 -37.2552 -0.0095 0.5999 -0.0001 0.8000
26.2555 183.4709 -6.1876 -37.0579 -0.0102 0.5983 0.0011 0.8012
26.3591 184.0695 -6.1851 -36.8710 -0.0102 0.5956 0.0022 0.8032
26.4628 184.6922 -6.1900 -36.6646 -0.0111 0.5923 0.0037 0.8057
26.5666 185.3383 -6.1803 -36.4667 -0.0116 0.5882 0.0044 0.8086
26.6703 185.9401 -6.1990 -36.2336 -0.0109 0.5834 0.0040 0.8121
26.7739 186.5528 -6.1827 -36.0191 -0.0101 0.5785 0.0022 0.8156
26.8777 187.1579 -6.1876 -35.7982 -0.0093 0.5735 0.0008 0.8191
26.9813 187.7737 -6.1771 -35.5418 -0.0086 0.5684 0.0011 0.8227
27.0850 188.4043 -6.1864 -35.2890 -0.0097 0.5633 0.0022 0.8262
27.1888 189.0254 -6.1845 -35.0249 -0.0105 0.5586 0.0028 0.8293
27.2925 189.6532 -6.1808 -34.7467 -0.0120 0.5534 0.0019 0.8328
27.3963 190.2569 -6.1593 -34.4525 -0.0136 0.5492 0.0015 0.8356
27.5000 190.9094 -6.1643 -34.1589 -0.0150 0.5457 0.0001 0.8378
27.6039 191.5353 -6.1495 -33.8650 -0.0161 0.5438 0.0008 0.8391
27.7078 192.1907 -6.1625 -33.5710 -0.0171 0.5428 0.0029 0.8397
27.8117 192.8416 -6.1470 -33.2890 -0.0148 0.5427 0.0037 0.8398
27.9155 193.5098 -6.1411 -32.9879 -0.0140 0.5431 0.0040 0.8395
28.0194 194.1631 -6.1342 -32.6806 -0.0118 0.5436 0.0049 0.8393
28.1233 194.8449 -6.1089 -32.3925 -0.0116 0.5434 0.0057 0.8394
28.2272 195.5256 -6.0997 -32.0762 -0.0123 0.5439 0.0088 0.8390
28.3309 196.2054 -6.0985 -31.7685 -0.0133 0.5443 0.0100 0.8387
28.4348 196.8727 -6.0850 -31.4622 -0.0140 0.5449 0.0109 0.8383
28.5387 197.5763 -6.0732 -31.1456 -0.0145 0.5458 0.0109 0.8377
28.6424 198.2636 -6.0665 -30.8454 -0.0150 0.5465 0.0109 0.8373
28.7462 198.9728 -6.0539 -30.5347 -0.0149 0.5476 0.0101 0.8366
28.8499 199.6514 -6.0433 -30.2414 -0.0132 0.5479 0.0096 0.8364
28.9538 200.3271 -6.0491 -29.9433 -0.0112 0.5481 0.0070 0.8363
29.0575 200.9859 -6.0275 -29.6499 -0.0105 0.5487 0.0056 0.8359
29.1613 201.6878 -6.0231 -29.3276 -0.0119 0.5493 0.0065 0.8355
29.2649 202.3787 -6.0236 -29.0284 -0.0143 0.5498 0.0071 0.8352
29.3686 203.0594 -6.0139 -28.7277 -0.0155 0.5511 0.0056 0.8343
29.4725 203.7566 -6.0091 -28.4275 -0.0166 0.5531 0.0047 0.8329
29.5763 204.4343 -6.0020 -28.1426 -0.0173 0.5563 0.0047 0.8308
29.6802 205.1400 -5.9858 -27.8760 -0.0169 0.5601 0.0053 0.8283
29.7839 205.8303 -5.9771 -27.6161 -0.0153 0.5644 0.0058 0.8253
29.8878 206.5066 -5.9842 -27.3505 -0.0147 0.5692 0.0040 0.8221
29.9917 207.2035 -5.9587 -27.0892 -0.0151 0.5743 0.0036 0.8185
30.0955 207.8956 -5.9416 -26.8651 -0.0164 0.5788 0.0073 0.8153
30.1993 208.6295 -5.9413 -26.6459 -0.0185 0.5825 0.0107 0.8125
30.3030 209.3093 -5.9256 -26.4162 -0.0206 0.5854 0.0127 0.8104
30.4068 210.0369 -5.8977 -26.1744 -0.0230 0.5875 0.0117 0.8088
30.5104 210.7397 -5.8834 -25.9262 -0.0235 0.5885 0.0124 0.8081
30.6140 211.4470 -5.8524 -25.6986 -0.0234 0.5892 0.0128 0.8075
30.7178 212.1386 -5.8499 -25.4737 -0.0234 0.5897 0.0123 0.8072
30.8214 212.8529 -5.8056 -25.2441 -0.0235 0.5897 0.0112 0.8072
30.9252 213.5965 -5.7869 -25.0160 -0.0240 0.5897 0.0109 0.8072
31.0288 214.3153 -5.7680 -24.7663 -0.0244 0.5891 0.0113 0.8076
31.1325 215.0337 -5.7288 -24.5203 -0.0249 0.5883 0.0118 0.8082
31.2363 215.7688 -5.7135 -24.2896 -0.0239 0.5875 0.0138 0.8087
31.3401 216.4985 -5.6862 -24.0378 -0.0240 0.5862 0.0144 0.8097
31.4437 217.2534 -5.6553 -23.7930 -0.0260 0.5844 0.0137 0.8109
31.5474 217.9554 -5.6158 -23.5552 -0.0278 0.5823 0.0151 0.8123
31.6510 218.7053 -5.5901 -23.2760 -0.0293 0.5802 0.0163 0.8138
31.7548 219.4392 -5.5695 -23.0108 -0.0310 0.5782 0.0150 0.8152
31.8585 220.1613 -5.5303 -22.7299 -0.0304 0.5765 0.0141 0.8164
31.9623 220.8774 -5.5066 -22.4496 -0.0310 0.5744 0.0094 0.8179
32.0660 221.6241 -5.4658 -22.1710 -0.0310 0.5726 0.0070 0.8192
32.1696 222.3623 -5.4246 -21.8905 -0.0312 0.5707 0.0078 0.8205
32.2734 223.1003 -5.3908 -21.6010 -0.0309 0.5690 0.0069 0.8217
32.3772 223.8373 -5.3683 -21.3203 -0.0304 0.5673 0.0049 0.8229
32.4809 224.5658 -5.3526 -21.0175 -0.0308 0.5652 0.0042 0.8243
32.5845 225.3383 -5.3003 -20.7360 -0.0305 0.5632 0.0059 0.8258
32.6883 226.0547 -5.2857 -20.4145 -0.0296 0.5614 0.0071 0.8270
32.7919 226.7881 -5.2661 -20.1166 -0.0286 0.5592 0.0077 0.8285
32.8957 227.5214 -5.2362 -19.8314 -0.0280 0.5575 0.0065 0.8297
32.9994 228.2646 -5.1976 -19.5214 -0.0299 0.5553 0.0056 0.8311
33.1032 228.9850 -5.1636 -19.1930 -0.0315 0.5536 0.0046 0.8322
33.2068 229.6734 -5.1472 -18.8739 -0.0295 0.5516 0.0050 0.8336
33.3105 230.4189 -5.1439 -18.5631 -0.0269 0.5498 0.0025 0.8348
33.4143 231.1644 -5.1214 -18.2231 -0.0262 0.5483 -0.0009 0.8359
33.5182 231.8845 -5.0704 -17.8904 -0.0295 0.5469 -0.0028 0.8367
33.6218 232.6046 -5.0539 -17.5628 -0.0333 0.5459 0.0003 0.8372
33.7255 233.3620 -5.0233 -17.2379 -0.0375 0.5451 0.0057 0.8375
33.8293 234.0964 -4.9797 -16.8971 -0.0409 0.5443 0.0092 0.8378
33.9331 234.7981 -4.9435 -16.5975 -0.0416 0.5432 0.0112 0.8385
34.0367 235.5170 -4.9033 -16.2694 -0.0412 0.5420 0.0073 0.8393
34.1404 236.2488 -4.8816 -15.9315 -0.0388 0.5402 0.0048 0.8407
34.2440 236.9524 -4.8369 -15.5651 -0.0370 0.5379 0.0031 0.8422
34.3478 237.6581 -4.7939 -15.2424 -0.0350 0.5362 0.0037 0.8434
34.4515 238.4016 -4.7578 -14.9104 -0.0340 0.5343 0.0025 0.8446
34.5552 239.0933 -4.7467 -14.5658 -0.0343 0.5328 0.0034 0.8455
34.6589 239.8177 -4.6934 -14.2058 -0.0356 0.5311 0.0057 0.8466
34.7625 240.5410 -4.6544 -13.8426 -0.0374 0.5296 0.0084 0.8474
34.8663 241.2867 -4.6089 -13.4782 -0.0387 0.5286 0.0118 0.8479
34.9700 241.9972 -4.5655 -13.1051 -0.0410 0.5275 0.0127 0.8485
35.0739 242.7378 -4.5050 -12.7529 -0.0424 0.5268 0.0170 0.8488
35.1776 243.4385 -4.4561 -12.3743 -0.0430 0.5259 0.0171 0.8493
35.2813 244.1729 -4.4028 -11.9951 -0.0414 0.5252 0.0125 0.8499
35.3850 244.9039 -4.3864 -11.6344 -0.0371 0.5249 0.0066 0.8503
35.4887 245.6059 -4.3282 -11.2577 -0.0333 0.5247 0.0032 0.8506
35.5924 246.3483 -4.2943 -10.8841 -0.0341 0.5246 0.0041 0.8506
35.6962 247.0664 -4.2361 -10.5268 -0.0366 0.5246 0.0066 0.8506
35.7998 247.8009 -4.2187 -10.1473 -0.0371 0.5239 0.0071 0.8509
35.9035 248.5142 -4.1686 -9.7787 -0.0360 0.5234 0.0077 0.8513
36.0072 249.2448 -4.1378 -9.4355 -0.0354 0.5227 0.0089 0.8517
36.1109 249.9736 -4.0898 -9.0352 -0.0367 0.5218 0.0107 0.8522
36.2145 250.6989 -4.0356 -8.6510 -0.0381 0.5213 0.0116 0.8524
36.3183 251.3925 -3.9993 -8.2811 -0.0384 0.5211 0.0110 0.8526
36.4220 252.1113 -3.9792 -7.9204 -0.0369 0.5207 0.0098 0.8529
36.5258 252.8496 -3.9230 -7.5402 -0.0360 0.5198 0.0091 0.8535
36.6295 253.5737 -3.8868 -7.1697 -0.0360 0.5190 0.0108 0.8539
36.7333 254.3190 -3.8314 -6.7575 -0.0370 0.5173 0.0118 0.8549
36.8370 255.0320 -3.7872 -6.3764 -0.0378 0.5160 0.0127 0.8557
36.9408 255.7443 -3.7434 -5.9787 -0.0371 0.5140 0.0133 0.8569
37.0445 256.4709 -3.7162 -5.5747 -0.0371 0.5117 0.0124 0.8583
37.1483 257.1596 -3.6693 -5.2019 -0.0369 0.5098 0.0093 0.8594
37.2520 257.9051 -3.6272 -4.7603 -0.0350 0.5071 0.0085 0.8611
37.3557 258.6042 -3.5912 -4.3675 -0.0327 0.5035 0.0097 0.8633
37.4594 259.3375 -3.5433 -3.9393 -0.0314 0.4994 0.0110 0.8658
37.5630 260.0389 -3.5139 -3.5187 -0.0300 0.4944 0.0138 0.8686
37.6667 260.7456 -3.4778 -3.0871 -0.0296 0.4879 0.0142 0.8723
37.7703 261.4195 -3.4376 -2.6499 -0.0305 0.4811 0.0145 0.8760
37.8740 262.1010 -3.3984 -2.1771 -0.0320 0.4740 0.0164 0.8798
37.9778 262.7959 -3.3558 -1.6889 -0.0338 0.4674 0.0177 0.8832
38.0815 263.4623 -3.3083 -1.2102 -0.0350 0.4617 0.0163 0.8862
38.1853 264.1103 -3.2745 -0.7321 -0.0355 0.4569 0.0129 0.8887
38.2892 264.7496 -3.2085 -0.2507 -0.0355 0.4539 0.0101 0.8903
38.3932 265.4105 -3.1803 0.2659 -0.0369 0.4528 0.0069 0.8908
38.4972 266.0849 -3.1526 0.7384 -0.0382 0.4542 0.0026 0.8901
38.6012 266.7436 -3.1120 1.2325 -0.0375 0.4582 -0.0011 0.8881
38.7052 267.4064 -3.0663 1.7102 -0.0364 0.4629 -0.0043 0.8856
38.8093 268.0872 -3.0363 2.1602 -0.0343 0.4689 -0.0025 0.8826
38.9133 268.7671 -3.0110 2.6030 -0.0344 0.4741 -0.0004 0.8798
39.0172 269.4801 -2.9722 3.0669 -0.0357 0.4795 -0.0012 0.8768
39.1212 270.1703 -2.9393 3.5066 -0.0356 0.4840 -0.0004 0.8743
39.2250 270.8585 -2.9218 3.9323 -0.0343 0.4885 0.0006 0.8719
39.3289 271.5848 -2.8858 4.3420 -0.0327 0.4928 0.0010 0.8695
39.4327 272.2834 -2.8547 4.7590 -0.0324 0.4966 -0.0003 0.8673
39.5364 272.9878 -2.8225 5.1689 -0.0336 0.4999 -0.0006 0.8654
39.6402 273.7006 -2.7894 5.5921 -0.0361 0.5025 -0.0005 0.8638
39.7438 274.4321 -2.7406 6.0021 -0.0395 0.5049 -0.0001 0.8623
39.8476 275.1610 -2.7068 6.4059 -0.0412 0.5070 0.0005 0.8610
39.9513 275.8806 -2.6663 6.8257 -0.0411 0.5088 -0.0008 0.8599
40.0550 276.5771 -2.6149 7.2123 -0.0388 0.5097 -0.0042 0.8595
40.1587 277.2978 -2.6219 7.6253 -0.0349 0.5108 -0.0087 0.8590
40.2624 278.0410 -2.5993 8.0288 -0.0319 0.5110 -0.0111 0.8589
40.3662 278.7783 -2.5657 8.4345 -0.0322 0.5119 -0.0116 0.8584
40.4699 279.5353 -2.5197 8.8538 -0.0338 0.5124 -0.0112 0.8580
40.5735 280.2801 -2.5044 9.2677 -0.0341 0.5126 -0.0095 0.8579
40.6773 281.0292 -2.4864 9.6771 -0.0346 0.5121 -0.0083 0.8582
40.7810 281.7683 -2.4492 10.0890 -0.0352 0.5114 -0.0065 0.8586
40.8848 282.5052 -2.4170 10.4814 -0.0352 0.5099 -0.0058 0.8595
40.9884 283.2483 -2.3950 10.9063 -0.0354 0.5082 -0.0060 0.8605
41.0922 284.0001 -2.3780 11.3333 -0.0362 0.5061 -0.0070 0.8617
41.1958 284.7586 -2.3304 11.7798 -0.0363 0.5043 -0.0070 0.8627
41.2994 285.5198 -2.2939 12.2172 -0.0356 0.5023 -0.0074 0.8639
41.4032 286.2594 -2.2797 12.6583 -0.0336 0.5001 -0.0076 0.8653
41.5068 287.0104 -2.2595 13.1016 -0.0313 0.4975 -0.0078 0.8669
41.6105 287.7649 -2.2374 13.5540 -0.0306 0.4941 -0.0084 0.8688
41.7142 288.5190 -2.2055 14.0176 -0.0308 0.4901 -0.0077 0.8711
41.8179 289.2656 -2.1623 14.4992 -0.0336 0.4868 -0.0066 0.8728
41.9215 290.0055 -2.1308 14.9849 -0.0369 0.4836 -0.0058 0.8745
42.0253 290.7509 -2.0887 15.4599 -0.0410 0.4800 -0.0060 0.8763
42.1289 291.4918 -2.0482 15.9330 -0.0428 0.4764 -0.0057 0.8782
42.2327 292.2635 -2.0142 16.4824 -0.0418 0.4720 -0.0067 0.8806
42.3363 293.0097 -1.9711 16.9816 -0.0381 0.4680 -0.0077 0.8829
42.4400 293.7503 -1.9404 17.5117 -0.0345 0.4641 -0.0097 0.8851
42.5438 294.4823 -1.9119 18.0484 -0.0304 0.4605 -0.0091 0.8871
42.6474 295.2298 -1.8898 18.5539 -0.0269 0.4565 -0.0079 0.8893
42.7512 295.9638 -1.8791 19.0840 -0.0262 0.4530 -0.0047 0.8911
42.8548 296.6988 -1.8487 19.6529 -0.0274 0.4490 -0.0011 0.8931
42.9585 297.4256 -1.8250 20.2052 -0.0296 0.4451 0.0026 0.8950
43.0623 298.1816 -1.7857 20.7720 -0.0314 0.4407 0.0043 0.8971
43.1661 298.8879 -1.7477 21.3714 -0.0321 0.4373 0.0051 0.8987
43.2698 299.6202 -1.7173 21.9741 -0.0334 0.4335 0.0032 0.9005
43.3736 300.3471 -1.6592 22.5635 -0.0350 0.4299 0.0017 0.9022
43.4773 301.0509 -1.6039 23.1786 -0.0358 0.4275 0.0039 0.9033
43.5810 301.7637 -1.5627 23.7716 -0.0353 0.4249 0.0039 0.9046
43.6849 302.4848 -1.5421 24.3992 -0.0331 0.4226 0.0035 0.9057
43.7887 303.2051 -1.4848 24.9909 -0.0309 0.4197 0.0026 0.9072
43.8924 303.9247 -1.4616 25.6083 -0.0310 0.4168 0.0027 0.9085
43.9961 304.6547 -1.3994 26.2523 -0.0338 0.4146 0.0024 0.9094
44.1000 305.3354 -1.3570 26.8780 -0.0363 0.4123 0.0033 0.9103
44.2036 306.0445 -1.3258 27.5280 -0.0365 0.4096 0.0024 0.9115
44.3073 306.7410 -1.2719 28.1807 -0.0344 0.4071 0.0010 0.9127
44.4110 307.4371 -1.2464 28.8243 -0.0322 0.4046 -0.0006 0.9139
44.5148 308.1408 -1.2014 29.4631 -0.0308 0.4019 0.0016 0.9152
44.6185 308.8451 -1.1892 30.1131 -0.0307 0.3993 0.0035 0.9163
44.7223 309.5419 -1.1435 30.7580 -0.0298 0.3968 0.0057 0.9174
44.8262 310.2171 -1.1162 31.4522 -0.0284 0.3936 0.0085 0.9188
44.9298 310.9201 -1.0731 32.0876 -0.0277 0.3907 0.0108 0.9201
45.0335 311.6150 -1.0304 32.7420 -0.0284 0.3883 0.0110 0.9210
45.1373 312.2830 -0.9905 33.4222 -0.0289 0.3863 0.0105 0.9219
45.2410 312.9241 -0.9703 34.0882 -0.0282 0.3838 0.0105 0.9229
45.3448 313.5788 -0.8982 34.7682 -0.0284 0.3813 0.0098 0.9240
45.4485 314.2690 -0.8899 35.4620 -0.0280 0.3789 0.0113 0.9249
45.5523 314.9222 -0.8341 36.1277 -0.0290 0.3756 0.0114 0.9263
45.6562 315.5676 -0.8077 36.8165 -0.0278 0.3734 0.0116 0.9272
45.7599 316.2180 -0.7599 37.4941 -0.0275 0.3707 0.0129 0.9282
45.8637 316.8638 -0.7258 38.1964 -0.0288 0.3685 0.0130 0.9291
45.9674 317.5007 -0.6748 38.8988 -0.0309 0.3667 0.0115 0.9298
46.0713 318.1111 -0.6415 39.5966 -0.0324 0.3651 0.0096 0.9303
46.1750 318.7387 -0.5792 40.2988 -0.0340 0.3641 0.0130 0.9307
46.2788 319.3753 -0.5438 40.9885 -0.0346 0.3630 0.0121 0.9311
46.3827 320.0015 -0.5138 41.6737 -0.0322 0.3616 0.0116 0.9317
46.4865 320.6341 -0.4779 42.3811 -0.0284 0.3610 0.0099 0.9321
46.5904 321.2472 -0.4300 43.0771 -0.0280 0.3614 0.0109 0.9319
46.6942 321.8750 -0.3965 43.7688 -0.0294 0.3622 0.0107 0.9316
46.7981 322.4874 -0.3480 44.4842 -0.0314 0.3629 0.0122 0.9312
46.9019 323.1654 -0.3040 45.1942 -0.0321 0.3643 0.0126 0.9306
47.0058 323.8068 -0.2565 45.8910 -0.0321 0.3668 0.0120 0.9297
47.1097 324.4592 -0.2224 46.5953 -0.0313 0.3698 0.0090 0.9285
47.2136 325.1224 -0.1670 47.2830 -0.0290 0.3729 0.0085 0.9274
47.3174 325.7812 -0.1313 47.9768 -0.0282 0.3764 0.0074 0.9260
47.4212 326.4510 -0.0864 48.6719 -0.0287 0.3805 0.0074 0.9243
47.5251 327.1300 -0.0683 49.3473 -0.0289 0.3842 0.0073 0.9228
47.6288 327.8119 -0.0078 50.0062 -0.0308 0.3877 0.0068 0.9213
47.7327 328.5212 0.0314 50.6991 -0.0344 0.3920 0.0071 0.9193
47.8364 329.2317 0.0929 51.3711 -0.0373 0.3959 0.0073 0.9175
47.9402 329.9238 0.1297 52.0553 -0.0368 0.4002 0.0057 0.9157
48.0439 330.6172 0.1631 52.7019 -0.0341 0.4037 0.0041 0.9142
48.1477 331.3403 0.2019 53.3496 -0.0313 0.4072 0.0034 0.9128
48.2514 332.0979 0.2525 54.0234 -0.0310 0.4107 0.0042 0.9112
48.3550 332.8415 0.3010 54.6488 -0.0320 0.4139 0.0041 0.9098
48.4588 333.5734 0.3492 55.2736 -0.0327 0.4164 0.0046 0.9086
48.5626 334.3147 0.3852 55.9348 -0.0334 0.4190 0.0047 0.9074
48.6662 335.0737 0.4342 56.5879 -0.0344 0.4216 0.0043 0.9061
48.7699 335.8405 0.4877 57.2255 -0.0353 0.4239 0.0035 0.9050
48.8736 336.6034 0.5260 57.8835 -0.0360 0.4264 0.0024 0.9038
48.9773 337.3525 0.5728 58.4978 -0.0365 0.4285 0.0016 0.9028
49.0809 338.1363 0.6185 59.1549 -0.0368 0.4305 0.0006 0.9018
49.1847 338.9154 0.6662 59.7807 -0.0369 0.4325 0.0001 0.9009
49.2883 339.7111 0.7097 60.3996 -0.0371 0.4344 -0.0000 0.9000
49.3920 340.4980 0.7556 61.0504 -0.0373 0.4362 0.0000 0.8991
49.4958 341.3032 0.7999 61.6873 -0.0373 0.4382 0.0006 0.8981
49.5994 342.0761 0.8429 62.2936 -0.0388 0.4394 -0.0009 0.8975
49.7032 342.9016 0.8982 62.9201 -0.0393 0.4412 -0.0008 0.8965
49.8068 343.6573 0.9422 63.5265 -0.0391 0.4429 -0.0007 0.8957
49.9106 344.4677 0.9801 64.1366 -0.0385 0.4447 -0.0015 0.8949
50.0142 345.2865 1.0332 64.7664 -0.0382 0.4458 -0.0014 0.8943
50.1180 346.0924 1.0877 65.3641 -0.0394 0.4463 0.0008 0.8940
50.2216 346.9105 1.1519 65.9886 -0.0417 0.4466 0.0043 0.8938
50.3253 347.7215 1.2125 66.5826 -0.0435 0.4471 0.0065 0.8934
50.4290 348.5222 1.2701 67.1986 -0.0428 0.4473 0.0074 0.8933
50.5327 349.3264 1.3175 67.8138 -0.0399 0.4478 0.0062 0.8932
50.6365 350.1170 1.3530 68.4020 -0.0366 0.4484 0.0053 0.8931
50.7402 350.9271 1.4147 69.0168 -0.0346 0.4488 0.0055 0.8929
50.8440 351.7594 1.4677 69.6461 -0.0351 0.4495 0.0064 0.8926
50.9476 352.5521 1.5084 70.2361 -0.0360 0.4500 0.0089 0.8922
51.0512 353.3831 1.5625 70.8416 -0.0369 0.4503 0.0116 0.8920
51.1549 354.2041 1.6280 71.4568 -0.0382 0.4506 0.0124 0.8918
51.2586 355.0031 1.6867 72.0511 -0.0383 0.4508 0.0128 0.8917
51.3623 355.8176 1.7328 72.6491 -0.0373 0.4509 0.0130 0.8917
51.4659 356.6337 1.7857 73.2447 -0.0361 0.4507 0.0125 0.8918
51.5697 357.4334 1.8364 73.8512 -0.0359 0.4505 0.0132 0.8920
51.6733 358.2699 1.9091 74.4455 -0.0359 0.4505 0.0163 0.8919
51.7769 359.0353 1.9560 75.0245 -0.0352 0.4509 0.0183 0.8917
51.8807 359.8994 2.0101 75.6549 -0.0351 0.4511 0.0171 0.8916
51.9843 360.7029 2.0710 76.2488 -0.0352 0.4514 0.0158 0.8915
52.0881 361.4925 2.1335 76.8400 -0.0347 0.4515 0.0169 0.8914
52.1917 362.3060 2.1943 77.4483 -0.0347 0.4516 0.0184 0.8913
52.2954 363.1191 2.2419 78.0583 -0.0348 0.4515 0.0201 0.8914
52.3992 363.9440 2.2948 78.6451 -0.0342 0.4515 0.0230 0.8913
52.5029 364.7550 2.3546 79.2472 -0.0342 0.4511 0.0247 0.8915
52.6067 365.5641 2.4242 79.8338 -0.0332 0.4507 0.0282 0.8916
52.7104 366.3581 2.4571 80.4060 -0.0329 0.4503 0.0304 0.8917
52.8142 367.1877 2.5390 81.0255 -0.0328 0.4500 0.0322 0.8918
52.9179 367.9629 2.6114 81.5794 -0.0332 0.4490 0.0332 0.8923
53.0217 368.7427 2.6695 82.1716 -0.0333 0.4483 0.0346 0.8926
53.1254 369.5117 2.7232 82.7553 -0.0337 0.4476 0.0347 0.8929
53.2292 370.3002 2.8004 83.3496 -0.0339 0.4471 0.0348 0.8932
53.3329 371.0693 2.8667 83.9304 -0.0341 0.4464 0.0356 0.8935
53.4365 371.8009 2.9199 84.4769 -0.0347 0.4456 0.0371 0.8938
53.5403 372.5114 2.9836 85.0311 -0.0370 0.4448 0.0372 0.8941
53.6441 373.2089 3.0657 85.5833 -0.0400 0.4448 0.0385 0.8939
53.7478 373.9215 3.1276 86.1433 -0.0439 0.4448 0.0374 0.8938
53.8516 374.6432 3.1994 86.6924 -0.0475 0.4450 0.0343 0.8936
53.9553 375.2996 3.2826 87.2203 -0.0490 0.4452 0.0323 0.8935
54.0590 375.9571 3.3419 87.7254 -0.0499 0.4457 0.0311 0.8933
54.1628 376.6139 3.4263 88.2185 -0.0510 0.4459 0.0282 0.8932
54.2666 377.2184 3.4734 88.7028 -0.0510 0.4462 0.0266 0.8931
54.3702 377.8621 3.5496 89.1944 -0.0509 0.4467 0.0252 0.8929
54.4739 378.4823 3.6191 89.6568 -0.0500 0.4469 0.0266 0.8928
54.5776 379.0491 3.6745 90.0894 -0.0501 0.4472 0.0262 0.8927
54.6813 379.6831 3.7428 90.5613 -0.0503 0.4482 0.0259 0.8922
54.7851 380.2680 3.8190 91.0172 -0.0509 0.4499 0.0250 0.8913
54.8888 380.8876 3.8816 91.4731 -0.0517 0.4526 0.0245 0.8899
54.9927 381.4517 3.9340 91.8854 -0.0523 0.4555 0.0247 0.8883
55.0964 382.0321 4.0065 92.3045 -0.0519 0.4586 0.0240 0.8868
55.2002 382.6120 4.0511 92.7288 -0.0508 0.4622 0.0216 0.8850
55.3040 383.1921 4.1112 93.1240 -0.0501 0.4654 0.0173 0.8835
55.4078 383.7616 4.1827 93.5299 -0.0503 0.4697 0.0139 0.8813
55.5117 384.3745 4.2312 93.8975 -0.0522 0.4751 0.0130 0.8783
55.6154 384.9960 4.3255 94.2787 -0.0544 0.4800 0.0141 0.8755
55.7192 385.6007 4.3787 94.6917 -0.0571 0.4855 0.0155 0.8723
55.8229 386.2255 4.4417 95.0476 -0.0587 0.4902 0.0165 0.8695
55.9267 386.8521 4.5122 95.3858 -0.0589 0.4949 0.0175 0.8668
56.0304 387.4806 4.5749 95.7620 -0.0582 0.4999 0.0178 0.8640
56.1341 388.1210 4.6375 96.1268 -0.0558 0.5035 0.0183 0.8620
56.2378 388.7629 4.6910 96.4630 -0.0527 0.5068 0.0194 0.8602
56.3416 389.3967 4.7609 96.8095 -0.0502 0.5099 0.0219 0.8585
56.4453 390.0784 4.8180 97.1726 -0.0520 0.5122 0.0244 0.8569
56.5491 390.8156 4.9259 97.5385 -0.0562 0.5142 0.0300 0.8553
56.6529 391.5083 5.0200 97.8931 -0.0635 0.5160 0.0332 0.8536
56.7567 392.1893 5.1524 98.2714 -0.0684 0.5179 0.0369 0.8519
56.8604 392.8841 5.2193 98.6221 -0.0704 0.5204 0.0381 0.8501
56.9643 393.5736 5.3163 98.9747 -0.0713 0.5229 0.0367 0.8486
57.0681 394.2695 5.4055 99.3272 -0.0719 0.5254 0.0358 0.8471
57.1719 394.9661 5.5259 99.6719 -0.0716 0.5280 0.0392 0.8453
57.2756 395.7066 5.6512 100.0213 -0.0712 0.5308 0.0436 0.8434
57.3793 396.4169 5.7740 100.3328 -0.0726 0.5336 0.0457 0.8414
57.4831 397.1566 5.8959 100.6637 -0.0730 0.5359 0.0464 0.8398
57.5868 397.8210 5.9880 100.9816 -0.0724 0.5384 0.0471 0.8383
57.6906 398.5418 6.1100 101.3019 -0.0724 0.5410 0.0468 0.8366
57.7943 399.2494 6.2106 101.6332 -0.0709 0.5439 0.0486 0.8347
57.8982 399.9705 6.3385 101.9438 -0.0718 0.5477 0.0474 0.8323
58.0019 400.7050 6.4435 102.2317 -0.0715 0.5518 0.0480 0.8295
58.1058 401.3145 6.5383 102.4937 -0.0717 0.5559 0.0484 0.8267
58.2097 402.1208 6.6662 102.8053 -0.0718 0.5607 0.0482 0.8235
58.3134 402.7501 6.7735 103.0483 -0.0708 0.5650 0.0500 0.8205
58.4173 403.3907 6.8675 103.2826 -0.0703 0.5694 0.0498 0.8176
58.5211 404.1415 6.9654 103.5556 -0.0676 0.5743 0.0495 0.8144
58.6249 404.7907 7.0547 103.7391 -0.0667 0.5797 0.0436 0.8109
58.7287 405.4695 7.1483 103.9783 -0.0653 0.5854 0.0391 0.8072
58.8327 406.1520 7.2454 104.1924 -0.0636 0.5922 0.0360 0.8025
58.9366 406.7729 7.3311 104.3714 -0.0614 0.6000 0.0358 0.7968
59.0404 407.4640 7.4176 104.5362 -0.0590 0.6088 0.0349 0.7904
59.1443 408.1823 7.4985 104.6955 -0.0552 0.6176 0.0342 0.7838
59.2482 408.8702 7.5590 104.8206 -0.0513 0.6257 0.0340 0.7777
59.3521 409.5768 7.6214 104.9450 -0.0477 0.6336 0.0347 0.7714
59.4558 410.2941 7.6892 105.0495 -0.0461 0.6411 0.0355 0.7653
59.5596 411.0390 7.7721 105.1641 -0.0474 0.6478 0.0372 0.7594
59.6633 411.7980 7.8573 105.2681 -0.0503 0.6539 0.0398 0.7539
59.7669 412.5848 7.9522 105.3599 -0.0523 0.6584 0.0438 0.7496
59.8707 413.3131 8.0226 105.4368 -0.0546 0.6621 0.0462 0.7460
59.9743 414.0571 8.1250 105.5194 -0.0561 0.6657 0.0458 0.7427
60.0781 414.7826 8.2088 105.6055 -0.0580 0.6680 0.0458 0.7405
60.1818 415.5242 8.3064 105.6822 -0.0605 0.6708 0.0463 0.7377
60.2856 416.3690 8.4278 105.7526 -0.0618 0.6737 0.0452 0.7351
60.3893 417.0545 8.5056 105.8462 -0.0619 0.6760 0.0379 0.7333
60.4931 417.8057 8.5530 105.9156 -0.0569 0.6779 0.0310 0.7323
60.5968 418.6330 8.5963 105.9758 -0.0531 0.6805 0.0254 0.7303
60.7006 419.3718 8.6839 106.0469 -0.0547 0.6814 0.0232 0.7295
60.8042 420.1842 8.8057 106.0968 -0.0598 0.6815 0.0233 0.7290
60.9080 420.9019 8.9281 106.1458 -0.0614 0.6811 0.0227 0.7293
61.0116 421.6824 8.9386 106.2228 -0.0588 0.6803 0.0176 0.7303
61.1153 422.4270 8.9730 106.2709 -0.0508 0.6796 0.0089 0.7318
61.2189 423.1445 9.0009 106.3670 -0.0459 0.6772 0.0016 0.7343
61.3227 423.9229 9.0705 106.4354 -0.0457 0.6753 0.0012 0.7361
61.4264 424.7279 9.1515 106.5142 -0.0507 0.6748 0.0032 0.7362
61.5302 425.4492 9.1967 106.5602 -0.0535 0.6740 0.0050 0.7368
61.6338 426.1592 9.2221 106.5992 -0.0517 0.6728 0.0058 0.7380
61.7376 426.9224 9.2469 106.7176 -0.0469 0.6718 0.0035 0.7392
61.8413 427.5716 9.2652 106.7799 -0.0442 0.6708 0.0023 0.7404
61.9451 428.2617 9.3127 106.8254 -0.0420 0.6696 0.0029 0.7415
62.0488 428.9822 9.3444 106.9323 -0.0392 0.6699 0.0028 0.7414
62.1526 429.6293 9.3604 106.9732 -0.0372 0.6703 0.0009 0.7411
62.2564 430.2670 9.3691 107.0504 -0.0364 0.6713 -0.0015 0.7403
62.3601 430.9154 9.3974 107.1545 -0.0369 0.6713 -0.0045 0.7402
62.4640 431.5998 9.4218 107.2468 -0.0373 0.6739 -0.0067 0.7378
62.5679 432.2358 9.4341 107.2245 -0.0382 0.6785 -0.0090 0.7336
62.6718 432.8770 9.4462 107.2882 -0.0383 0.6845 -0.0102 0.7279
62.7758 433.5111 9.4502 107.2915 -0.0373 0.6909 -0.0104 0.7219
62.8798 434.1577 9.4611 107.2903 -0.0364 0.6978 -0.0096 0.7153
62.9837 434.7672 9.4770 107.3125 -0.0347 0.7043 -0.0091 0.7090
63.0876 435.3734 9.4800 107.2955 -0.0338 0.7106 -0.0090 0.7027
63.1914 435.9261 9.4736 107.2823 -0.0331 0.7168 -0.0086 0.6965
63.2954 436.4774 9.4841 107.2497 -0.0337 0.7232 -0.0089 0.6897
63.3993 437.0192 9.4883 107.2018 -0.0349 0.7296 -0.0089 0.6829
63.5032 437.4994 9.5016 107.1485 -0.0345 0.7359 -0.0095 0.6761
63.6071 437.9477 9.4921 107.0875 -0.0315 0.7417 -0.0099 0.6699
63.7108 438.3675 9.4797 107.0261 -0.0264 0.7471 -0.0116 0.6641
63.8147 438.7850 9.4623 106.9461 -0.0209 0.7522 -0.0134 0.6584
63.9184 439.1540 9.4468 106.8907 -0.0180 0.7561 -0.0163 0.6540
64.0222 439.5162 9.4528 106.8438 -0.0162 0.7597 -0.0190 0.6498
64.1260 439.8733 9.4453 106.7708 -0.0144 0.7629 -0.0208 0.6460
64.2297 440.1968 9.4346 106.7081 -0.0124 0.7656 -0.0200 0.6428
64.3333 440.5041 9.4198 106.6449 -0.0092 0.7679 -0.0167 0.6403
64.4371 440.8039 9.3903 106.5674 -0.0073 0.7698 -0.0145 0.6381
64.5407 441.0810 9.3919 106.5052 -0.0081 0.7715 -0.0140 0.6360
64.6444 441.3373 9.3798 106.4512 -0.0109 0.7728 -0.0150 0.6344
64.7481 441.5745 9.3903 106.4097 -0.0138 0.7741 -0.0162 0.6327
64.8517 441.8121 9.3841 106.3905 -0.0151 0.7751 -0.0167 0.6314
64.9553 441.9867 9.3702 106.3321 -0.0142 0.7758 -0.0163 0.6306
65.0591 442.1629 9.3483 106.2929 -0.0121 0.7764 -0.0155 0.6299
65.1627 442.3354 9.3440 106.2556 -0.0100 0.7768 -0.0143 0.6295
65.2663 442.4693 9.3266 106.2300 -0.0087 0.7765 -0.0152 0.6298
65.3701 442.6065 9.3282 106.1926 -0.0084 0.7760 -0.0164 0.6305
65.4737 442.7583 9.3348 106.1595 -0.0075 0.7751 -0.0150 0.6317
65.5774 442.9364 9.3187 106.1422 -0.0058 0.7739 -0.0115 0.6332
65.6811 443.0618 9.3237 106.0696 -0.0046 0.7723 -0.0088 0.6352
65.7848 443.2169 9.3155 106.0596 -0.0033 0.7709 -0.0085 0.6369
65.8886 443.3591 9.3177 106.0343 -0.0037 0.7696 -0.0102 0.6384
65.9922 443.5053 9.3046 106.0236 -0.0043 0.7681 -0.0116 0.6402
66.0959 443.6549 9.3069 106.0190 -0.0047 0.7663 -0.0131 0.6423
66.1997 443.8184 9.2959 105.9967 -0.0047 0.7644 -0.0134 0.6446
66.3033 443.9887 9.2924 105.9698 -0.0048 0.7624 -0.0135 0.6470
66.4071 444.1866 9.2780 105.9609 -0.0078 0.7601 -0.0148 0.6496
66.5107 444.4069 9.2912 105.9419 -0.0115 0.7573 -0.0161 0.6528
66.6143 444.6244 9.3089 105.9405 -0.0140 0.7542 -0.0173 0.6562
66.7181 444.8631 9.2885 105.9112 -0.0136 0.7512 -0.0152 0.6598
66.8217 445.1198 9.2805 105.8938 -0.0117 0.7475 -0.0127 0.6640
66.9254 445.3553 9.2490 105.8694 -0.0111 0.7436 -0.0109 0.6684
67.0291 445.6179 9.2737 105.8444 -0.0094 0.7385 -0.0090 0.6741
67.1328 445.9000 9.2352 105.8234 -0.0086 0.7330 -0.0088 0.6801
67.2364 446.1482 9.2583 105.8174 -0.0085 0.7270 -0.0074 0.6865
67.3401 446.4436 9.2472 105.8318 -0.0087 0.7198 -0.0074 0.6941
67.4437 446.7243 9.2503 105.8521 -0.0085 0.7122 -0.0072 0.7019
67.5473 447.0145 9.2240 105.8793 -0.0085 0.7045 -0.0081 0.7096
67.6511 447.3592 9.2382 105.9284 -0.0093 0.6963 -0.0112 0.7176
67.7547 447.6946 9.2280 105.9601 -0.0101 0.6877 -0.0141 0.7258
67.8583 448.0073 9.2492 106.0184 -0.0106 0.6785 -0.0143 0.7344
67.9621 448.3677 9.2197 106.0707 -0.0104 0.6689 -0.0130 0.7431
68.0657 448.7228 9.2073 106.1515 -0.0100 0.6596 -0.0114 0.7515
68.1693 449.0977 9.2095 106.2171 -0.0102 0.6495 -0.0113 0.7602
68.2731 449.5028 9.2071 106.3210 -0.0106 0.6396 -0.0114 0.7686
68.3767 449.8847 9.2151 106.4565 -0.0108 0.6298 -0.0113 0.7766
68.4803 450.2949 9.2002 106.5499 -0.0107 0.6194 -0.0113 0.7849
68.5841 450.7151 9.1993 106.6748 -0.0105 0.6099 -0.0109 0.7923
68.6878 451.1572 9.1939 106.8400 -0.0105 0.6010 -0.0105 0.7991
68.7916 451.6268 9.1977 106.9950 -0.0103 0.5925 -0.0097 0.8054
68.8953 452.0903 9.1873 107.1814 -0.0103 0.5849 -0.0096 0.8110
68.9991 452.5780 9.1884 107.3424 -0.0101 0.5770 -0.0097 0.8166
69.1028 453.0900 9.1806 107.5510 -0.0095 0.5696 -0.0090 0.8218
69.2066 453.6011 9.1762 107.7612 -0.0086 0.5620 -0.0073 0.8271
69.3103 454.1546 9.1789 108.0065 -0.0073 0.5539 -0.0055 0.8326
69.4139 454.6759 9.1647 108.2536 -0.0064 0.5459 -0.0043 0.8378
69.5177 455.2088 9.1671 108.5298 -0.0060 0.5388 -0.0041 0.8424
69.6214 455.7678 9.1599 108.8079 -0.0058 0.5319 -0.0046 0.8468
69.7253 456.3220 9.1588 109.1138 -0.0060 0.5258 -0.0052 0.8506
69.8291 456.9229 9.1603 109.4290 -0.0065 0.5200 -0.0047 0.8541
69.9328 457.5013 9.1498 109.7676 -0.0075 0.5152 -0.0044 0.8570
70.0367 458.0960 9.1608 110.0883 -0.0088 0.5115 -0.0039 0.8592
70.1406 458.7105 9.1561 110.4290 -0.0097 0.5083 -0.0034 0.8611
70.2443 459.3324 9.1575 110.8066 -0.0100 0.5058 -0.0036 0.8626
70.3482 459.9881 9.1554 111.1679 -0.0107 0.5040 -0.0040 0.8636
70.4519 460.6328 9.1609 111.5473 -0.0109 0.5025 -0.0043 0.8645
70.5558 461.2882 9.1603 111.9361 -0.0110 0.5013 -0.0049 0.8652
70.6596 461.9744 9.1638 112.3292 -0.0105 0.4998 -0.0044 0.8660
70.7633 462.6517 9.1583 112.7330 -0.0098 0.4985 -0.0043 0.8668
70.8672 463.3552 9.1528 113.1358 -0.0092 0.4972 -0.0049 0.8675
70.9708 464.0561 9.1555 113.5552 -0.0084 0.4960 -0.0048 0.8683
71.0747 464.7861 9.1482 113.9935 -0.0075 0.4949 -0.0051 0.8689
71.1784 465.5029 9.1531 114.4381 -0.0063 0.4938 -0.0040 0.8695
71.2822 466.2387 9.1391 114.8710 -0.0055 0.4930 -0.0030 0.8700
71.3859 466.9822 9.1389 115.3186 -0.0050 0.4920 -0.0028 0.8706
71.4896 467.7211 9.1330 115.7838 -0.0040 0.4912 -0.0032 0.8710
71.5933 468.4891 9.1151 116.2324 -0.0025 0.4909 -0.0039 0.8712
71.6972 469.2450 9.0964 116.7056 -0.0017 0.4907 -0.0048 0.8713
71.8010 470.0295 9.0912 117.1961 -0.0024 0.4904 -0.0052 0.8715
71.9047 470.8286 9.0860 117.7074 -0.0034 0.4904 -0.0042 0.8715
72.0085 471.6243 9.0869 118.2119 -0.0043 0.4903 -0.0035 0.8715
72.1122 472.4534 9.0634 118.6832 -0.0038 0.4898 -0.0030 0.8718
72.2160 473.2572 9.0566 119.1927 -0.0029 0.4896 -0.0024 0.8719
72.3197 474.0880 9.0368 119.7008 -0.0020 0.4892 -0.0014 0.8722
72.4235 474.9230 9.0305 120.2004 -0.0018 0.4888 -0.0009 0.8724
72.5272 475.7781 9.0145 120.7441 -0.0016 0.4883 -0.0005 0.8726
72.6309 476.6199 9.0027 121.2682 -0.0014 0.4879 0.0001 0.8729
72.7347 477.5026 8.9932 121.8057 -0.0012 0.4877 -0.0001 0.8730
72.8385 478.3829 8.9813 122.3722 -0.0011 0.4875 -0.0009 0.8731
72.9422 479.2510 8.9797 122.9197 -0.0012 0.4871 -0.0012 0.8733
73.0460 480.1557 8.9468 123.4802 -0.0016 0.4875 -0.0003 0.8731
73.1497 481.0287 8.9512 124.0418 -0.0030 0.4879 -0.0022 0.8729
73.2535 481.9311 8.9344 124.6188 -0.0031 0.4889 -0.0039 0.8723
73.3572 482.8534 8.9162 125.1974 -0.0026 0.4908 -0.0054 0.8712
73.4611 483.7743 8.8955 125.7523 -0.0029 0.4939 -0.0077 0.8695
73.5649 484.7211 8.8770 126.3184 -0.0037 0.4985 -0.0114 0.8668
73.6688 485.6447 8.8525 126.8714 -0.0038 0.5041 -0.0134 0.8635
73.7727 486.6051 8.8297 127.3901 -0.0047 0.5107 -0.0153 0.8596
73.8767 487.5821 8.7957 127.9186 -0.0061 0.5180 -0.0154 0.8552
73.9806 488.5461 8.7781 128.4093 -0.0083 0.5254 -0.0157 0.8507
74.0845 489.5208 8.7583 128.8971 -0.0091 0.5329 -0.0165 0.8460
74.1885 490.5613 8.7249 129.3707 -0.0081 0.5409 -0.0171 0.8409
74.2923 491.5429 8.6948 129.8157 -0.0073 0.5488 -0.0190 0.8357
74.3962 492.5649 8.6640 130.2653 -0.0070 0.5577 -0.0196 0.8298
74.5001 493.5956 8.6423 130.6596 -0.0080 0.5668 -0.0199 0.8236
74.6038 494.6360 8.6238 131.0328 -0.0078 0.5765 -0.0192 0.8168
74.7078 495.6913 8.5691 131.3841 -0.0069 0.5868 -0.0203 0.8094
74.8117 496.7136 8.5511 131.7157 -0.0059 0.5973 -0.0238 0.8017
74.9155 497.8176 8.4747 132.0239 -0.0039 0.6084 -0.0250 0.7933
75.0193 498.8565 8.4699 132.2807 -0.0043 0.6197 -0.0299 0.7843
75.1233 499.9458 8.3741 132.5407 -0.0019 0.6317 -0.0296 0.7747
75.2271 501.0930 8.3431 132.7383 -0.0025 0.6436 -0.0326 0.7647
75.3310 502.1518 8.2728 132.9091 -0.0002 0.6546 -0.0330 0.7553
75.4348 503.2708 8.1941 133.0371 0.0025 0.6654 -0.0340 0.7457
75.5386 504.3610 8.1215 133.1409 0.0052 0.6749 -0.0341 0.7371
75.6422 505.4751 8.0290 133.2199 0.0065 0.6838 -0.0336 0.7289
75.7459 506.6284 7.9467 133.2749 0.0074 0.6923 -0.0334 0.7208
75.8496 507.7146 7.8753 133.3004 0.0077 0.6999 -0.0347 0.7133
75.9533 508.8265 7.7916 133.3064 0.0086 0.7080 -0.0360 0.7052
76.0570 509.9620 7.6954 133.2994 0.0093 0.7154 -0.0359 0.6978
76.1606 511.1015 7.6032 133.2397 0.0099 0.7216 -0.0336 0.6914
76.2642 512.2280 7.5166 133.1885 0.0115 0.7262 -0.0311 0.6867
76.3677 513.3677 7.4168 133.1081 0.0148 0.7294 -0.0296 0.6832
76.4713 514.4811 7.3260 133.0204 0.0163 0.7313 -0.0303 0.6812
76.5750 515.6332 7.2345 132.9484 0.0162 0.7331 -0.0306 0.6793
76.6786 516.7312 7.1528 132.8730 0.0164 0.7341 -0.0308 0.6781
76.7822 517.8660 7.0565 132.7893 0.0165 0.7354 -0.0317 0.6767
76.8859 519.0212 6.9517 132.6948 0.0181 0.7366 -0.0324 0.6753
76.9896 520.1944 6.8520 132.5861 0.0190 0.7375 -0.0331 0.6742
77.0932 521.3650 6.7361 132.4797 0.0193 0.7387 -0.0326 0.6730
77.1970 522.5481 6.6391 132.3731 0.0186 0.7398 -0.0311 0.6719
77.3006 523.7378 6.5575 132.2776 0.0175 0.7406 -0.0300 0.6711
77.4042 524.9220 6.4572 132.1743 0.0172 0.7409 -0.0311 0.6706
77.5078 526.1365 6.3543 132.0725 0.0182 0.7411 -0.0330 0.6703
77.6116 527.3254 6.2428 131.9500 0.0189 0.7408 -0.0343 0.6705
77.7152 528.5583 6.1346 131.8299 0.0198 0.7409 -0.0334 0.6705
77.8190 529.7927 6.0235 131.7211 0.0197 0.7408 -0.0337 0.6706
77.9227 531.0275 5.9166 131.6173 0.0191 0.7409 -0.0345 0.6705
78.0263 532.2940 5.8063 131.5039 0.0185 0.7412 -0.0359 0.6700
78.1301 533.5475 5.6995 131.3791 0.0180 0.7420 -0.0351 0.6692
78.2338 534.7962 5.5778 131.2501 0.0176 0.7427 -0.0351 0.6685
78.3375 536.0770 5.4690 131.1398 0.0182 0.7437 -0.0350 0.6674
78.4412 537.3487 5.3465 130.9917 0.0184 0.7442 -0.0352 0.6667
78.5448 538.6250 5.2426 130.8688 0.0180 0.7454 -0.0354 0.6655
78.6486 539.9050 5.1158 130.7206 0.0180 0.7466 -0.0351 0.6641
78.7523 541.2065 5.0084 130.5762 0.0170 0.7477 -0.0356 0.6629
78.8560 542.5162 4.8908 130.4315 0.0167 0.7491 -0.0350 0.6613
78.9597 543.8336 4.7762 130.2829 0.0161 0.7502 -0.0352 0.6601
79.0633 545.1479 4.6657 130.1112 0.0160 0.7511 -0.0359 0.6590
79.1671 546.4735 4.5423 129.9524 0.0160 0.7521 -0.0361 0.6579
79.2708 547.7881 4.4259 129.7745 0.0166 0.7528 -0.0358 0.6571
79.3745 549.1412 4.3005 129.6031 0.0166 0.7537 -0.0363 0.6560
79.4782 550.5149 4.1769 129.4003 0.0168 0.7548 -0.0365 0.6547
79.5820 551.8605 4.0594 129.2381 0.0165 0.7558 -0.0367 0.6535
79.6857 553.2248 3.9392 129.0474 0.0163 0.7570 -0.0368 0.6522
79.7895 554.5744 3.8082 128.8299 0.0162 0.7583 -0.0367 0.6507
79.8932 555.9682 3.6858 128.6226 0.0158 0.7595 -0.0370 0.6493
79.9970 557.3703 3.5531 128.4181 0.0163 0.7607 -0.0370 0.6478
80.1006 558.7618 3.4303 128.2135 0.0165 0.7615 -0.0370 0.6469
80.2043 560.1474 3.2956 127.9849 0.0173 0.7623 -0.0367 0.6460
80.3080 561.5895 3.1662 127.7502 0.0177 0.7629 -0.0365 0.6452
80.4117 562.9672 3.0358 127.5215 0.0173 0.7635 -0.0368 0.6446
80.5153 564.3964 2.9012 127.2901 0.0179 0.7637 -0.0363 0.6443
80.6191 565.8229 2.7709 127.0453 0.0181 0.7643 -0.0366 0.6436
80.7227 567.2824 2.6292 126.8064 0.0186 0.7647 -0.0363 0.6431
80.8264 568.7208 2.5059 126.5496 0.0185 0.7650 -0.0355 0.6428
80.9301 570.1438 2.3741 126.3345 0.0191 0.7653 -0.0353 0.6424
81.0338 571.5727 2.2351 126.0681 0.0187 0.7657 -0.0354 0.6420
81.1375 573.1136 2.0967 125.8250 0.0186 0.7660 -0.0347 0.6417
81.2412 574.5312 1.9668 125.5638 0.0180 0.7664 -0.0340 0.6412
81.3449 575.9972 1.8342 125.3167 0.0182 0.7668 -0.0339 0.6408
81.4486 577.4746 1.6995 125.0533 0.0184 0.7668 -0.0346 0.6407
81.5523 578.9699 1.5596 124.7999 0.0191 0.7668 -0.0342 0.6407
81.6561 580.4768 1.4224 124.5459 0.0185 0.7670 -0.0348 0.6404
81.7597 581.9290 1.2806 124.2840 0.0190 0.7669 -0.0342 0.6405
81.8635 583.4109 1.1469 124.0335 0.0189 0.7669 -0.0347 0.6405
81.9671 584.9045 1.0081 123.7679 0.0198 0.7668 -0.0348 0.6407
82.0708 586.3690 0.8616 123.5196 0.0205 0.7664 -0.0349 0.6410
82.1745 587.8476 0.7123 123.2591 0.0211 0.7660 -0.0342 0.6416
82.2782 589.3641 0.5640 122.9927 0.0217 0.7653 -0.0325 0.6425
82.3820 590.8620 0.4226 122.7284 0.0217 0.7647 -0.0320 0.6432
82.4857 592.3536 0.2817 122.4945 0.0211 0.7644 -0.0323 0.6435
82.5894 593.8045 0.1450 122.2564 0.0217 0.7642 -0.0314 0.6439
82.6931 595.2633 0.0045 122.0254 0.0211 0.7639 -0.0324 0.6442
82.7969 596.7622 -0.1379 121.7627 0.0214 0.7637 -0.0322 0.6445
82.9006 598.2429 -0.2808 121.5184 0.0214 0.7634 -0.0318 0.6448
83.0042 599.7356 -0.4262 121.2824 0.0211 0.7632 -0.0321 0.6451
83.1078 601.1993 -0.5569 121.0484 0.0205 0.7630 -0.0324 0.6453
83.2116 602.6944 -0.7009 120.8079 0.0197 0.7631 -0.0323 0.6452
83.3152 604.1960 -0.8417 120.5594 0.0201 0.7629 -0.0310 0.6454
83.4190 605.6618 -0.9747 120.3122 0.0227 0.7628 -0.0283 0.6457
83.5226 607.1433 -1.1081 120.0625 0.0237 0.7622 -0.0285 0.6463
83.6262 608.6297 -1.2604 119.8304 0.0248 0.7621 -0.0295 0.6464
83.7300 610.0774 -1.4018 119.5982 0.0237 0.7620 -0.0306 0.6465
83.8336 611.5703 -1.5387 119.3695 0.0230 0.7616 -0.0302 0.6469
83.9373 613.0492 -1.6764 119.1311 0.0219 0.7612 -0.0311 0.6474
84.0410 614.5304 -1.8082 118.9216 0.0218 0.7610 -0.0314 0.6476
84.1447 616.0181 -1.9504 118.6816 0.0207 0.7608 -0.0324 0.6478
84.2484 617.4826 -2.0929 118.4558 0.0201 0.7606 -0.0325 0.6480
84.3521 618.9784 -2.2290 118.2293 0.0195 0.7606 -0.0324 0.6481
84.4557 620.4397 -2.3751 117.9993 0.0199 0.7606 -0.0322 0.6481
84.5594 621.9098 -2.5073 117.7706 0.0203 0.7607 -0.0321 0.6480
84.6630 623.3949 -2.6510 117.5422 0.0209 0.7606 -0.0315 0.6481
84.7667 624.8565 -2.7817 117.3151 0.0215 0.7604 -0.0300 0.6484
84.8703 626.3261 -2.9148 117.0840 0.0222 0.7597 -0.0302 0.6492
84.9740 627.7386 -3.0562 116.8730 0.0222 0.7593 -0.0329 0.6496
85.0777 629.2285 -3.2077 116.6539 0.0210 0.7591 -0.0334 0.6498
85.1813 630.6713 -3.3475 116.4416 0.0193 0.7586 -0.0338 0.6504
85.2851 632.1097 -3.4933 116.2296 0.0181 0.7584 -0.0332 0.6507
85.3887 633.5132 -3.6224 116.0311 0.0184 0.7583 -0.0314 0.6509
85.4925 634.9479 -3.7578 115.8029 0.0186 0.7582 -0.0304 0.6510
85.5961 636.3540 -3.8810 115.6139 0.0191 0.7583 -0.0301 0.6509
85.6997 637.7381 -4.0132 115.4183 0.0189 0.7585 -0.0307 0.6507
85.8034 639.1273 -4.1435 115.2061 0.0187 0.7588 -0.0306 0.6503
85.9071 640.5023 -4.2733 115.0000 0.0183 0.7590 -0.0307 0.6501
86.0108 641.8920 -4.4050 114.8074 0.0177 0.7592 -0.0311 0.6499
86.1145 643.2363 -4.5328 114.6073 0.0175 0.7595 -0.0308 0.6495
86.2182 644.5437 -4.6541 114.4046 0.0160 0.7598 -0.0300 0.6492
86.3218 645.8352 -4.7663 114.2058 0.0151 0.7601 -0.0287 0.6489
86.4256 647.1149 -4.8840 114.0247 0.0154 0.7604 -0.0290 0.6486
86.5292 648.3452 -5.0156 113.8472 0.0173 0.7605 -0.0306 0.6484
86.6330 649.5738 -5.1270 113.6599 0.0173 0.7605 -0.0311 0.6484
86.7367 650.7556 -5.2433 113.4663 0.0171 0.7604 -0.0299 0.6486
86.8403 651.9156 -5.3412 113.3003 0.0171 0.7600 -0.0285 0.6491
86.9441 653.0031 -5.4520 113.1216 0.0165 0.7594 -0.0285 0.6498
87.0477 654.0725 -5.5571 112.9605 0.0156 0.7589 -0.0285 0.6504
87.1514 655.1252 -5.6526 112.7990 0.0149 0.7582 -0.0273 0.6513
87.2550 656.1681 -5.7483 112.6644 0.0138 0.7575 -0.0258 0.6521
87.3587 657.1294 -5.8206 112.5395 0.0129 0.7572 -0.0258 0.6526
87.4625 658.0626 -5.9179 112.3922 0.0132 0.7569 -0.0258 0.6529
87.5662 658.9370 -5.9985 112.2837 0.0137 0.7567 -0.0264 0.6531
87.6699 659.7922 -6.0687 112.1639 0.0143 0.7566 -0.0266 0.6532
87.7736 660.5871 -6.1490 112.0595 0.0132 0.7566 -0.0275 0.6532
87.8773 661.3319 -6.2076 111.9467 0.0121 0.7574 -0.0286 0.6522
87.9812 662.0646 -6.2779 111.8408 0.0107 0.7603 -0.0300 0.6488
88.0852 662.7633 -6.3415 111.7331 0.0097 0.7658 -0.0313 0.6423
88.1892 663.4158 -6.3970 111.6019 0.0086 0.7732 -0.0330 0.6332
88.2933 664.0262 -6.4582 111.4610 0.0084 0.7821 -0.0343 0.6221
88.3975 664.6145 -6.5140 111.2937 0.0098 0.7925 -0.0352 0.6088
88.5016 665.1732 -6.5864 111.1038 0.0115 0.8042 -0.0351 0.5932
88.6058 665.7597 -6.6369 110.8655 0.0122 0.8172 -0.0351 0.5751
88.7101 666.2853 -6.6908 110.6235 0.0124 0.8314 -0.0349 0.5544
88.8143 666.8028 -6.7485 110.3526 0.0119 0.8457 -0.0343 0.5324
88.9186 667.2857 -6.7834 110.0468 0.0120 0.8601 -0.0339 0.5088
89.0228 667.7416 -6.8399 109.7620 0.0123 0.8751 -0.0342 0.4826
89.1271 668.1843 -6.9198 109.3657 0.0136 0.8896 -0.0347 0.4553
89.2313 668.5604 -6.9553 109.0165 0.0143 0.9039 -0.0365 0.4258
89.3356 668.9206 -7.0062 108.6057 0.0153 0.9172 -0.0385 0.3962
89.4396 669.2573 -7.0544 108.2199 0.0192 0.9297 -0.0391 0.3658
89.5437 669.5155 -7.1423 107.8201 0.0233 0.9410 -0.0378 0.3356
89.6478 669.7949 -7.1851 107.3290 0.0239 0.9512 -0.0378 0.3052
89.7518 670.0220 -7.2177 106.9162 0.0238 0.9607 -0.0379 0.2739
89.8558 670.2528 -7.2537 106.4114 0.0244 0.9690 -0.0375 0.2430
89.9597 670.4063 -7.3233 105.9658 0.0273 0.9765 -0.0367 0.2108
90.0637 670.5547 -7.3732 105.4703 0.0308 0.9825 -0.0379 0.1795
90.1676 670.6673 -7.4220 104.9224 0.0320 0.9877 -0.0408 0.1472
90.2715 670.7615 -7.4753 104.4415 0.0321 0.9919 -0.0444 0.1143
90.3755 670.8025 -7.5150 103.8756 0.0329 0.9951 -0.0460 0.0815
90.4793 670.8180 -7.5690 103.3947 0.0328 0.9972 -0.0456 0.0488
90.5831 670.7954 -7.6175 102.8188 0.0335 0.9983 -0.0450 0.0159
90.6870 670.7360 -7.6816 102.2304 0.0340 0.9982 -0.0457 -0.0175
90.7908 670.6301 -7.7249 101.6767 0.0344 0.9969 -0.0482 -0.0517
90.8946 670.5230 -7.7896 101.0892 0.0347 0.9945 -0.0504 -0.0852
90.9985 670.3628 -7.8320 100.5645 0.0349 0.9909 -0.0525 -0.1191
91.1021 670.1478 -7.8835 99.9926 0.0351 0.9864 -0.0540 -0.1511
91.2058 669.8928 -7.9586 99.4022 0.0368 0.9811 -0.0542 -0.1818
91.3095 669.5953 -8.0216 98.8531 0.0375 0.9752 -0.0550 -0.2109
91.4130 669.2649 -8.0802 98.2874 0.0383 0.9690 -0.0558 -0.2375
91.5166 668.9146 -8.1444 97.6978 0.0391 0.9628 -0.0569 -0.2613
91.6202 668.5458 -8.2056 97.1519 0.0396 0.9566 -0.0586 -0.2828
91.7237 668.1328 -8.2568 96.6097 0.0402 0.9512 -0.0595 -0.3002
91.8272 667.6770 -8.3329 96.0694 0.0414 0.9465 -0.0588 -0.3147
91.9306 667.2272 -8.3943 95.5118 0.0411 0.9423 -0.0560 -0.3274
92.0341 666.7637 -8.4671 94.9270 0.0398 0.9386 -0.0535 -0.3385
92.1377 666.2477 -8.5292 94.3581 0.0386 0.9353 -0.0517 -0.3478
92.2412 665.7496 -8.5881 93.8086 0.0371 0.9321 -0.0494 -0.3570
92.3449 665.2357 -8.6496 93.2542 0.0354 0.9285 -0.0467 -0.3666
92.4486 664.7004 -8.7094 92.6885 0.0323 0.9249 -0.0435 -0.3764
92.5522 664.1349 -8.7618 92.1176 0.0288 0.9210 -0.0400 -0.3865
92.6560 663.5602 -8.8098 91.5759 0.0278 0.9167 -0.0361 -0.3970
92.7597 662.9479 -8.8592 91.0259 0.0252 0.9120 -0.0316 -0.4081
92.8635 662.3513 -8.8901 90.5061 0.0221 0.9071 -0.0264 -0.4194
92.9672 661.7030 -8.9286 89.9796 0.0199 0.9018 -0.0240 -0.4310
93.0710 661.0579 -8.9736 89.4787 0.0186 0.8960 -0.0218 -0.4432
93.1747 660.4044 -8.9947 89.0213 0.0198 0.8900 -0.0204 -0.4551
93.2785 659.7150 -9.0161 88.5376 0.0208 0.8837 -0.0179 -0.4672
93.3821 658.9783 -9.0320 88.1025 0.0229 0.8777 -0.0162 -0.4783
93.4858 658.2853 -9.0571 87.6684 0.0251 0.8724 -0.0147 -0.4879
93.5895 657.5287 -9.0703 87.2503 0.0265 0.8682 -0.0131 -0.4954
93.6931 656.8275 -9.0918 86.8164 0.0269 0.8652 -0.0111 -0.5006
93.7967 656.0732 -9.0899 86.3839 0.0277 0.8632 -0.0086 -0.5040
93.9004 655.3028 -9.0904 85.9227 0.0272 0.8624 -0.0054 -0.5054
94.0040 654.5461 -9.0615 85.4907 0.0251 0.8622 -0.0023 -0.5059
94.1076 653.7806 -9.0538 85.0506 0.0233 0.8623 -0.0016 -0.5058
94.2113 652.9752 -9.0798 84.5584 0.0196 0.8632 -0.0029 -0.5045
94.3150 652.2364 -9.1067 84.1250 0.0164 0.8641 -0.0052 -0.5031
94.4186 651.4322 -9.1090 83.6558 0.0139 0.8656 -0.0072 -0.5004
94.5222 650.6105 -9.1218 83.1779 0.0146 0.8671 -0.0084 -0.4978
94.6260 649.8280 -9.1033 82.7057 0.0162 0.8684 -0.0088 -0.4954
94.7297 649.0220 -9.1137 82.2031 0.0144 0.8695 -0.0085 -0.4936
94.8335 648.2140 -9.1466 81.6959 0.0114 0.8700 -0.0094 -0.4928
94.9372 647.3672 -9.2072 81.1638 0.0066 0.8700 -0.0099 -0.4929
95.0410 646.5026 -9.2056 80.6220 0.0073 0.8703 -0.0104 -0.4924
95.1447 645.6702 -9.2261 80.1062 0.0078 0.8704 -0.0106 -0.4921
95.2484 644.7980 -9.2406 79.5867 0.0076 0.8709 -0.0094 -0.4914
95.3521 643.9779 -9.2816 79.1019 0.0093 0.8714 -0.0083 -0.4905
95.4559 643.1044 -9.2675 78.5681 0.0132 0.8719 -0.0088 -0.4894
95.5595 642.2232 -9.3144 78.0074 0.0127 0.8729 -0.0079 -0.4877
95.6631 641.3707 -9.3362 77.4599 0.0125 0.8737 -0.0079 -0.4862
95.7669 640.4979 -9.3688 76.9074 0.0103 0.8747 -0.0064 -0.4845
95.8705 639.6357 -9.3654 76.3740 0.0135 0.8757 -0.0077 -0.4826
95.9742 638.8315 -9.3994 75.8191 0.0164 0.8768 -0.0090 -0.4804
96.0779 637.9989 -9.4314 75.2754 0.0143 0.8778 -0.0090 -0.4787
96.1816 637.1534 -9.4583 74.7359 0.0122 0.8787 -0.0085 -0.4771
96.2853 636.3055 -9.4574 74.1748 0.0141 0.8793 -0.0085 -0.4760
96.3891 635.4518 -9.4724 73.6012 0.0156 0.8795 -0.0085 -0.4755
96.4929 634.6560 -9.5033 73.0609 0.0147 0.8799 -0.0085 -0.4749
96.5966 633.8240 -9.5547 72.5090 0.0124 0.8802 -0.0086 -0.4743
96.7004 633.0241 -9.5568 71.9723 0.0135 0.8802 -0.0084 -0.4744
96.8040 632.2191 -9.5657 71.4487 0.0143 0.8801 -0.0072 -0.4745
96.9077 631.4436 -9.5947 70.9289 0.0141 0.8802 -0.0063 -0.4743
97.0115 630.6503 -9.6171 70.3976 0.0134 0.8803 -0.0073 -0.4741
97.1151 629.8499 -9.6332 69.8534 0.0137 0.8805 -0.0079 -0.4737
97.2189 629.1022 -9.6630 69.3603 0.0139 0.8809 -0.0077 -0.4731
97.3225 628.3295 -9.6833 68.8344 0.0140 0.8813 -0.0079 -0.4722
97.4262 627.5618 -9.7268 68.3147 0.0129 0.8821 -0.0083 -0.4709
97.5300 626.8433 -9.7231 67.8212 0.0128 0.8827 -0.0077 -0.4696
97.6337 626.1048 -9.7615 67.2983 0.0132 0.8834 -0.0062 -0.4685
97.7375 625.4016 -9.7842 66.8111 0.0141 0.8842 -0.0061 -0.4668
97.8412 624.6988 -9.8034 66.3323 0.0124 0.8846 -0.0071 -0.4660
97.9451 624.0160 -9.8173 65.8230 0.0115 0.8854 -0.0071 -0.4647
98.0487 623.3397 -9.8479 65.3331 0.0111 0.8858 -0.0065 -0.4638
98.1525 622.6961 -9.8794 64.8913 0.0116 0.8859 -0.0064 -0.4636
98.2562 622.0207 -9.8902 64.4223 0.0100 0.8862 -0.0059 -0.4632
98.3600 621.4084 -9.9029 63.9732 0.0095 0.8864 -0.0061 -0.4628
98.4637 620.8410 -9.9310 63.5543 0.0104 0.8868 -0.0052 -0.4621
98.5675 620.2521 -9.9546 63.1648 0.0118 0.8873 -0.0041 -0.4611
98.6712 619.6839 -9.9672 62.7537 0.0120 0.8877 -0.0025 -0.4602
98.7749 619.1809 -9.9754 62.3741 0.0124 0.8883 -0.0023 -0.4591
98.8786 618.6743 -9.9957 62.0108 0.0120 0.8887 -0.0019 -0.4584
98.9823 618.1994 -9.9994 61.6537 0.0123 0.8891 -0.0020 -0.4575
99.0861 617.7456 -10.0114 61.3349 0.0117 0.8895 -0.0028 -0.4568
99.1897 617.3194 -10.0354 61.0239 0.0115 0.8899 -0.0032 -0.4560
99.2935 616.9044 -10.0439 60.7429 0.0122 0.8901 -0.0036 -0.4556
99.3972 616.5649 -10.0448 60.4603 0.0116 0.8903 -0.0044 -0.4552
99.5008 616.2110 -10.0648 60.1870 0.0110 0.8903 -0.0050 -0.4552
99.6046 615.8930 -10.0661 59.9427 0.0109 0.8903 -0.0042 -0.4553
99.7083 615.5759 -10.0813 59.7159 0.0111 0.8905 -0.0037 -0.4548
99.8120 615.3086 -10.0947 59.5377 0.0134 0.8908 -0.0049 -0.4542
99.9157 615.0372 -10.1059 59.3390 0.0131 0.8907 -0.0057 -0.4544
100.0193 614.8259 -10.1095 59.1553 0.0127 0.8910 -0.0061 -0.4538
100.1231 614.6151 -10.1183 58.9986 0.0126 0.8914 -0.0057 -0.4531
100.2267 614.4208 -10.1266 58.8655 0.0134 0.8913 -0.0054 -0.4532
100.3305 614.2096 -10.1314 58.7195 0.0133 0.8912 -0.0056 -0.4534
100.4341 614.0349 -10.1381 58.5965 0.0127 0.8913 -0.0066 -0.4533
100.5379 613.8526 -10.1387 58.4713 0.0126 0.8915 -0.0085 -0.4529
100.6415 613.6997 -10.1561 58.3507 0.0130 0.8914 -0.0093 -0.4530
100.7452 613.5286 -10.1622 58.2191 0.0134 0.8913 -0.0099 -0.4532
100.8489 613.3624 -10.1772 58.0926 0.0134 0.8915 -0.0092 -0.4528
100.9526 613.2122 -10.1726 57.9774 0.0138 0.8916 -0.0094 -0.4526
101.0562 613.0324 -10.1808 57.8453 0.0126 0.8913 -0.0095 -0.4532
101.1600 612.8553 -10.1815 57.7334 0.0121 0.8912 -0.0097 -0.4533
101.2636 612.6959 -10.1838 57.6031 0.0112 0.8914 -0.0097 -0.4530
101.3674 612.5410 -10.1865 57.5012 0.0122 0.8915 -0.0094 -0.4528
101.4710 612.3619 -10.2045 57.3445 0.0127 0.8913 -0.0094 -0.4531
101.5747 612.2093 -10.2005 57.2502 0.0130 0.8914 -0.0094 -0.4530
101.6784 612.0568 -10.2145 57.1395 0.0131 0.8914 -0.0094 -0.4529
101.7821 611.8938 -10.2104 57.0011 0.0132 0.8913 -0.0094 -0.4531
101.8859 611.7547 -10.2143 56.9139 0.0126 0.8914 -0.0092 -0.4529
101.9896 611.6270 -10.2210 56.8072 0.0134 0.8914 -0.0096 -0.4529
102.0932 611.4627 -10.2275 56.6905 0.0141 0.8914 -0.0094 -0.4529
102.1970 611.3477 -10.2387 56.6108 0.0148 0.8914 -0.0096 -0.4529
102.3007 611.2128 -10.2400 56.5101 0.0146 0.8914 -0.0096 -0.4528
102.4045 611.1090 -10.2449 56.4219 0.0136 0.8914 -0.0093 -0.4529
102.5083 611.0012 -10.2442 56.3444 0.0127 0.8915 -0.0094 -0.4528
102.6119 610.8485 -10.2400 56.2428 0.0140 0.8914 -0.0103 -0.4529
102.7156 610.7430 -10.2508 56.1715 0.0144 0.8914 -0.0105 -0.4530
102.8194 610.6469 -10.2569 56.0893 0.0148 0.8914 -0.0105 -0.4529
102.9230 610.5003 -10.2581 55.9931 0.0145 0.8914 -0.0095 -0.4529
103.0267 610.3936 -10.2470 55.9036 0.0135 0.8914 -0.0073 -0.4529
103.1305 610.2978 -10.2613 55.8298 0.0116 0.8914 -0.0066 -0.4531
103.2341 610.2026 -10.2802 55.7346 0.0117 0.8913 -0.0080 -0.4532
103.3379 610.0967 -10.2813 55.6727 0.0118 0.8914 -0.0089 -0.4529
103.4415 610.0109 -10.2824 55.5917 0.0118 0.8914 -0.0090 -0.4529
103.5452 609.8998 -10.2824 55.5217 0.0117 0.8915 -0.0091 -0.4528
103.6490 609.7819 -10.2826 55.4292 0.0121 0.8915 -0.0093 -0.4527
103.7526 609.6445 -10.2871 55.3373 0.0111 0.8916 -0.0100 -0.4525
103.8564 609.5351 -10.2929 55.2676 0.0105 0.8919 -0.0115 -0.4520
103.9601 609.3901 -10.2892 55.1378 0.0105 0.8920 -0.0129 -0.4517
104.0637 609.2143 -10.3013 55.0133 0.0101 0.8924 -0.0149 -0.4508
104.1674 609.0287 -10.3059 54.8774 0.0087 0.8930 -0.0150 -0.4496
104.2710 608.8065 -10.3093 54.7080 0.0078 0.8941 -0.0156 -0.4474
104.3746 608.5940 -10.3183 54.5264 0.0083 0.8953 -0.0168 -0.4452
104.4782 608.3559 -10.3366 54.3411 0.0093 0.8966 -0.0180 -0.4424
104.5820 608.0742 -10.3313 54.1146 0.0090 0.8981 -0.0193 -0.4393
104.6857 607.8164 -10.3352 53.8885 0.0085 0.8999 -0.0193 -0.4355
104.7894 607.5098 -10.3640 53.6512 0.0088 0.9020 -0.0197 -0.4313
104.8930 607.2052 -10.3690 53.3844 0.0103 0.9041 -0.0205 -0.4267
104.9967 606.8565 -10.3991 53.0925 0.0114 0.9063 -0.0201 -0.4220
105.1005 606.5229 -10.4167 52.7708 0.0125 0.9083 -0.0192 -0.4176
105.2041 606.1646 -10.4290 52.4388 0.0120 0.9106 -0.0203 -0.4125
105.3077 605.8103 -10.4519 52.1078 0.0104 0.9128 -0.0200 -0.4079
105.4115 605.4067 -10.4688 51.7494 0.0129 0.9147 -0.0185 -0.4034
105.5153 605.0089 -10.4890 51.3874 0.0153 0.9165 -0.0176 -0.3993
105.6189 604.6117 -10.5072 51.0032 0.0156 0.9184 -0.0163 -0.3949
105.7226 604.2010 -10.5099 50.5588 0.0144 0.9199 -0.0139 -0.3916
105.8265 603.7719 -10.5345 50.1269 0.0149 0.9210 -0.0120 -0.3891
105.9302 603.3183 -10.5584 49.6624 0.0115 0.9222 -0.0107 -0.3865
106.0341 602.8808 -10.5635 49.2130 0.0116 0.9224 -0.0099 -0.3858
106.1379 602.4318 -10.5592 48.7354 0.0097 0.9227 -0.0082 -0.3852
106.2417 601.9296 -10.5754 48.2370 0.0104 0.9234 -0.0082 -0.3837
106.3455 601.4503 -10.5810 47.7451 0.0100 0.9237 -0.0081 -0.3830
106.4492 600.9308 -10.6180 47.2216 0.0105 0.9238 -0.0083 -0.3826
106.5530 600.4245 -10.6413 46.6982 0.0067 0.9243 -0.0102 -0.3814
106.6568 599.9222 -10.6413 46.1590 0.0033 0.9246 -0.0124 -0.3807
106.7605 599.3640 -10.6628 45.5894 0.0023 0.9249 -0.0149 -0.3800
106.8642 598.8192 -10.6880 45.0653 0.0048 0.9252 -0.0156 -0.3790
106.9680 598.2631 -10.7304 44.4660 0.0048 0.9253 -0.0139 -0.3789
107.0718 597.6867 -10.7639 43.8592 0.0043 0.9255 -0.0125 -0.3784
107.1755 597.1048 -10.7864 43.2366 0.0051 0.9261 -0.0117 -0.3772
107.2791 596.5170 -10.8025 42.6111 0.0039 0.9265 -0.0110 -0.3760
107.3829 595.9168 -10.8394 41.9951 0.0056 0.9270 -0.0108 -0.3748
107.4865 595.2858 -10.8557 41.3438 0.0065 0.9277 -0.0105 -0.3731
107.5902 594.6540 -10.8768 40.6703 0.0061 0.9288 -0.0102 -0.3705
107.6939 594.0366 -10.9110 40.0006 0.0079 0.9298 -0.0098 -0.3677
107.7976 593.4179 -10.9361 39.3342 0.0098 0.9308 -0.0096 -0.3653
107.9012 592.7869 -10.9584 38.6396 0.0107 0.9317 -0.0101 -0.3629
108.0050 592.1803 -10.9815 37.9540 0.0104 0.9324 -0.0110 -0.3610
108.1087 591.5658 -11.0155 37.2596 0.0102 0.9329 -0.0124 -0.3599
108.2125 590.9593 -11.0448 36.5668 0.0078 0.9332 -0.0126 -0.3591
108.3162 590.3558 -11.0856 35.9035 0.0063 0.9330 -0.0133 -0.3595
108.4200 589.7620 -11.1204 35.2028 0.0051 0.9328 -0.0132 -0.3600
108.5237 589.1493 -11.1566 34.5220 0.0045 0.9326 -0.0131 -0.3608
108.6275 588.5304 -11.1879 33.8209 0.0048 0.9322 -0.0127 -0.3618
108.7312 587.9001 -11.2099 33.1595 0.0052 0.9319 -0.0127 -0.3625
108.8351 587.2704 -11.2627 32.4813 0.0060 0.9314 -0.0127 -0.3636
108.9389 586.6680 -11.2933 31.8205 0.0056 0.9310 -0.0132 -0.3648
109.0426 586.0392 -11.3262 31.1018 0.0059 0.9305 -0.0146 -0.3660
109.1464 585.3898 -11.3648 30.4224 0.0060 0.9300 -0.0145 -0.3672
109.2501 584.7554 -11.4083 29.7544 0.0061 0.9295 -0.0146 -0.3685
109.3539 584.1188 -11.4318 29.0646 0.0056 0.9289 -0.0145 -0.3699
109.4576 583.4871 -11.4813 28.3696 0.0057 0.9284 -0.0150 -0.3712
109.5612 582.8226 -11.5143 27.6849 0.0056 0.9279 -0.0156 -0.3724
109.6650 582.1674 -11.5645 27.0096 0.0056 0.9275 -0.0168 -0.3734
109.7687 581.5155 -11.6024 26.3006 0.0055 0.9272 -0.0167 -0.3741
109.8724 580.8645 -11.6489 25.6124 0.0056 0.9272 -0.0167 -0.3742
109.9761 580.1969 -11.6795 24.8987 0.0058 0.9271 -0.0162 -0.3744
110.0797 579.5212 -11.7223 24.2181 0.0054 0.9271 -0.0163 -0.3745
110.1835 578.8495 -11.7685 23.5138 0.0053 0.9272 -0.0167 -0.3741
110.2872 578.1971 -11.8124 22.8147 0.0049 0.9274 -0.0169 -0.3738
110.3909 577.5196 -11.8559 22.0942 0.0048 0.9277 -0.0168 -0.3730
110.4946 576.8552 -11.9026 21.4107 0.0048 0.9279 -0.0167 -0.3724
110.5982 576.1987 -11.9420 20.6973 0.0039 0.9281 -0.0174 -0.3718
110.7020 575.5359 -11.9934 19.9921 0.0027 0.9285 -0.0188 -0.3709
110.8056 574.8717 -12.0494 19.2927 0.0023 0.9288 -0.0189 -0.3700
110.9092 574.2056 -12.1028 18.5495 0.0032 0.9293 -0.0182 -0.3689
111.0129 573.5537 -12.1400 17.8463 0.0032 0.9298 -0.0163 -0.3676
111.1166 572.9002 -12.1792 17.1349 0.0036 0.9302 -0.0152 -0.3667
111.2202 572.2288 -12.2292 16.4288 0.0046 0.9307 -0.0159 -0.3655
111.3240 571.5863 -12.2700 15.7189 0.0031 0.9310 -0.0157 -0.3646
111.4276 570.9576 -12.3175 15.0285 0.0044 0.9313 -0.0165 -0.3638
111.5314 570.2964 -12.3688 14.3062 0.0056 0.9318 -0.0176 -0.3625
111.6350 569.6850 -12.4120 13.6247 0.0040 0.9322 -0.0181 -0.3616
111.7387 569.0602 -12.4750 12.9216 0.0037 0.9324 -0.0192 -0.3608
111.8424 568.4251 -12.5259 12.1911 0.0035 0.9329 -0.0186 -0.3595
111.9461 567.8243 -12.5718 11.5236 0.0034 0.9331 -0.0160 -0.3592
112.0497 567.1827 -12.5987 10.7988 0.0036 0.9334 -0.0145 -0.3585
112.1535 566.5863 -12.6511 10.1056 0.0022 0.9333 -0.0141 -0.3587
112.2571 565.9731 -12.7144 9.4213 0.0001 0.9332 -0.0149 -0.3590
112.3609 565.3515 -12.7466 8.7394 -0.0007 0.9329 -0.0157 -0.3599
112.4646 564.7521 -12.7894 8.0743 0.0012 0.9324 -0.0174 -0.3610
112.5682 564.1379 -12.8315 7.4036 0.0035 0.9320 -0.0179 -0.3620
112.6720 563.5280 -12.8898 6.7414 0.0046 0.9316 -0.0189 -0.3630
112.7756 562.9299 -12.9236 6.1021 0.0055 0.9312 -0.0192 -0.3640
112.8794 562.3420 -12.9692 5.4563 0.0063 0.9309 -0.0196 -0.3647
112.9830 561.7474 -13.0219 4.7861 0.0057 0.9304 -0.0201 -0.3658
113.0867 561.1929 -13.0550 4.1716 0.0042 0.9299 -0.0221 -0.3672
113.1905 560.6174 -13.1363 3.5535 0.0007 0.9294 -0.0251 -0.3682
113.2941 560.0835 -13.2033 2.9873 -0.0013 0.9289 -0.0272 -0.3693
113.3978 559.5529 -13.2588 2.3792 -0.0016 0.9286 -0.0280 -0.3701
113.5015 559.0118 -13.3178 1.8167 -0.0012 0.9284 -0.0271 -0.3706
113.6052 558.5181 -13.3451 1.3004 0.0011 0.9283 -0.0263 -0.3710
113.7090 557.9956 -13.4241 0.7582 0.0016 0.9281 -0.0264 -0.3715
113.8126 557.5553 -13.4520 0.2609 0.0035 0.9280 -0.0284 -0.3714
113.9164 557.0829 -13.5408 -0.2173 0.0032 0.9278 -0.0306 -0.3717
114.0201 556.6666 -13.5912 -0.6533 0.0028 0.9279 -0.0319 -0.3715
114.1239 556.2294 -13.6322 -1.1198 0.0026 0.9279 -0.0318 -0.3714
114.2276 555.8198 -13.6752 -1.5509 0.0024 0.9279 -0.0311 -0.3715
114.3314 555.4129 -13.7307 -1.9694 0.0028 0.9281 -0.0307 -0.3710
114.4350 555.0786 -13.7638 -2.3354 0.0026 0.9280 -0.0321 -0.3711
114.5387 554.7119 -13.8159 -2.7398 -0.0004 0.9279 -0.0329 -0.3714
114.6425 554.3953 -13.8631 -3.1067 -0.0030 0.9278 -0.0326 -0.3715
114.7463 554.0427 -13.8977 -3.4841 -0.0034 0.9278 -0.0325 -0.3716
114.8500 553.7090 -13.9381 -3.8266 -0.0028 0.9278 -0.0319 -0.3716
114.9538 553.3802 -13.9705 -4.1717 -0.0024 0.9278 -0.0307 -0.3718
115.0574 553.0779 -14.0184 -4.5121 -0.0034 0.9277 -0.0301 -0.3721
115.1611 552.7637 -14.0622 -4.8485 -0.0033 0.9276 -0.0299 -0.3724
115.2649 552.4602 -14.0905 -5.1676 -0.0037 0.9275 -0.0300 -0.3725
115.3686 552.1477 -14.1307 -5.4770 -0.0019 0.9273 -0.0306 -0.3732
115.4724 551.8624 -14.1566 -5.7894 -0.0015 0.9273 -0.0309 -0.3731
115.5761 551.5589 -14.1949 -6.0724 -0.0008 0.9272 -0.0313 -0.3731
115.6797 551.2818 -14.2185 -6.3636 -0.0007 0.9272 -0.0315 -0.3732
115.7835 551.0292 -14.2537 -6.6405 -0.0005 0.9272 -0.0319 -0.3732
115.8871 550.7625 -14.2786 -6.9108 -0.0002 0.9273 -0.0326 -0.3730
115.9909 550.5144 -14.3073 -7.1620 -0.0002 0.9274 -0.0328 -0.3726
116.0946 550.2604 -14.3511 -7.4314 -0.0004 0.9274 -0.0334 -0.3725
116.1983 550.0376 -14.3763 -7.6909 -0.0010 0.9275 -0.0348 -0.3721
116.3020 549.8128 -14.4169 -7.9120 0.0004 0.9278 -0.0377 -0.3713
116.4056 549.5980 -14.4432 -8.1310 0.0023 0.9280 -0.0392 -0.3704
116.5094 549.3607 -14.4689 -8.3647 0.0025 0.9285 -0.0397 -0.3691
116.6133 549.1712 -14.4840 -8.5820 0.0023 0.9291 -0.0403 -0.3675
116.7167 548.9968 -14.5089 -8.7993 0.0001 0.9296 -0.0400 -0.3664
116.8205 548.8236 -14.5380 -8.9942 -0.0006 0.9301 -0.0400 -0.3651
116.9242 548.6662 -14.5655 -9.1667 -0.0011 0.9306 -0.0401 -0.3638
117.0280 548.4996 -14.5851 -9.3483 -0.0011 0.9311 -0.0399 -0.3627
117.1316 548.3478 -14.6102 -9.5313 -0.0011 0.9315 -0.0401 -0.3615
117.2354 548.2075 -14.6309 -9.6670 -0.0010 0.9319 -0.0401 -0.3605
117.3391 548.0841 -14.6517 -9.8196 -0.0009 0.9321 -0.0404 -0.3598
117.4429 547.9617 -14.6735 -9.9530 -0.0012 0.9322 -0.0411 -0.3596
117.5467 547.8497 -14.6949 -10.0921 -0.0018 0.9321 -0.0421 -0.3598
117.6504 547.7387 -14.7111 -10.2067 -0.0024 0.9319 -0.0428 -0.3601
117.7540 547.6387 -14.7215 -10.3093 -0.0024 0.9318 -0.0431 -0.3603
117.8577 547.5423 -14.7324 -10.4004 -0.0026 0.9318 -0.0436 -0.3604
117.9615 547.4640 -14.7437 -10.5145 -0.0029 0.9318 -0.0442 -0.3603
118.0651 547.3933 -14.7513 -10.5950 -0.0031 0.9320 -0.0446 -0.3598
118.1689 547.3066 -14.7688 -10.6864 -0.0031 0.9320 -0.0446 -0.3597
118.2725 547.2283 -14.7838 -10.7746 -0.0032 0.9320 -0.0449 -0.3596
118.3763 547.1704 -14.7969 -10.8454 -0.0035 0.9321 -0.0451 -0.3594
118.4799 547.1095 -14.8065 -10.9137 -0.0040 0.9323 -0.0453 -0.3589
118.5836 547.0484 -14.8129 -10.9743 -0.0043 0.9324 -0.0454 -0.3585
118.6872 546.9926 -14.8267 -11.0346 -0.0041 0.9324 -0.0454 -0.3585
118.7910 546.9323 -14.8384 -11.1073 -0.0040 0.9324 -0.0455 -0.3584
118.8948 546.8957 -14.8401 -11.1706 -0.0042 0.9325 -0.0457 -0.3582
118.9985 546.8385 -14.8562 -11.2311 -0.0045 0.9326 -0.0460 -0.3581
119.1021 546.8053 -14.8548 -11.2683 -0.0047 0.9326 -0.0464 -0.3580
119.2059 546.7564 -14.8674 -11.3149 -0.0046 0.9327 -0.0464 -0.3577
119.3096 546.7332 -14.8664 -11.3499 -0.0047 0.9327 -0.0467 -0.3575
119.4132 546.6821 -14.8731 -11.3897 -0.0048 0.9327 -0.0467 -0.3576
119.5170 546.6687 -14.8717 -11.4094 -0.0049 0.9328 -0.0469 -0.3572
119.6207 546.6261 -14.8826 -11.4514 -0.0050 0.9328 -0.0471 -0.3572
119.7244 546.6112 -14.8787 -11.4779 -0.0053 0.9329 -0.0474 -0.3570
119.8281 546.5656 -14.8911 -11.5310 -0.0052 0.9329 -0.0475 -0.3570
119.9319 546.5395 -14.8946 -11.5596 -0.0052 0.9328 -0.0474 -0.3571
120.0355 546.5252 -14.8944 -11.5586 -0.0051 0.9329 -0.0475 -0.3569
120.1392 546.5098 -14.8958 -11.5735 -0.0052 0.9329 -0.0474 -0.3569
120.2429 546.5096 -14.8976 -11.6010 -0.0054 0.9330 -0.0476 -0.3568
120.3466 546.5030 -14.8950 -11.5878 -0.0054 0.9330 -0.0476 -0.3566
120.4502 546.4830 -14.8997 -11.6139 -0.0055 0.9329 -0.0477 -0.3568
120.5540 546.4619 -14.8977 -11.6236 -0.0058 0.9329 -0.0480 -0.3568
120.6576 546.4581 -14.8990 -11.6507 -0.0061 0.9329 -0.0485 -0.3568
120.7614 546.4472 -14.9101 -11.6673 -0.0062 0.9329 -0.0487 -0.3568
120.8650 546.4453 -14.9062 -11.6734 -0.0062 0.9329 -0.0488 -0.3566
120.9686 546.4213 -14.9133 -11.6790 -0.0062 0.9329 -0.0489 -0.3566
121.0724 546.4024 -14.9197 -11.7060 -0.0061 0.9330 -0.0488 -0.3566
121.1760 546.3845 -14.9145 -11.7232 -0.0062 0.9329 -0.0487 -0.3567
121.2797 546.3697 -14.9214 -11.7529 -0.0062 0.9330 -0.0487 -0.3566
121.3834 546.3479 -14.9285 -11.7776 -0.0062 0.9330 -0.0488 -0.3566
121.4871 546.3287 -14.9281 -11.8120 -0.0062 0.9330 -0.0488 -0.3565
121.5909 546.2962 -14.9390 -11.8515 -0.0059 0.9329 -0.0485 -0.3567
121.6945 546.2622 -14.9342 -11.8466 -0.0060 0.9330 -0.0484 -0.3566
121.7982 546.2239 -14.9521 -11.9132 -0.0058 0.9329 -0.0484 -0.3567
121.9020 546.2020 -14.9507 -11.9520 -0.0061 0.9330 -0.0484 -0.3566
122.0056 546.1708 -14.9641 -11.9860 -0.0061 0.9330 -0.0485 -0.3565
122.1094 546.1321 -14.9680 -12.0320 -0.0062 0.9330 -0.0484 -0.3565
122.2131 546.0784 -14.9827 -12.0892 -0.0061 0.9331 -0.0485 -0.3562
122.3168 546.0300 -14.9899 -12.1323 -0.0062 0.9331 -0.0486 -0.3563
122.4205 545.9720 -14.9976 -12.2004 -0.0062 0.9331 -0.0487 -0.3564
122.5243 545.9251 -15.0051 -12.2536 -0.0063 0.9331 -0.0487 -0.3563
122.6280 545.8376 -15.0194 -12.3598 -0.0062 0.9330 -0.0487 -0.3564
122.7316 545.7821 -15.0263 -12.4267 -0.0061 0.9331 -0.0486 -0.3563
122.8352 545.7217 -15.0365 -12.4859 -0.0060 0.9331 -0.0485 -0.3563
122.9390 545.6624 -15.0473 -12.5729 -0.0059 0.9331 -0.0482 -0.3563
123.0426 545.5796 -15.0590 -12.6514 -0.0059 0.9331 -0.0481 -0.3563
123.1462 545.5121 -15.0663 -12.7267 -0.0063 0.9331 -0.0482 -0.3563
123.2500 545.4439 -15.0714 -12.8034 -0.0061 0.9331 -0.0485 -0.3562
123.3536 545.3564 -15.0895 -12.8947 -0.0062 0.9331 -0.0487 -0.3563
123.4574 545.2836 -15.1073 -12.9688 -0.0045 0.9331 -0.0492 -0.3561
123.5610 545.2141 -15.1239 -13.0498 -0.0036 0.9332 -0.0494 -0.3559
123.6648 545.1303 -15.1343 -13.1406 -0.0029 0.9331 -0.0491 -0.3562
123.7685 545.0615 -15.1547 -13.2344 -0.0025 0.9331 -0.0492 -0.3562
123.8721 544.9938 -15.1607 -13.3111 -0.0024 0.9332 -0.0489 -0.3561
123.9759 544.9086 -15.1745 -13.3830 -0.0027 0.9331 -0.0488 -0.3563
124.0796 544.8506 -15.1799 -13.4334 -0.0029 0.9331 -0.0489 -0.3563
124.1832 544.8091 -15.1924 -13.5031 -0.0026 0.9333 -0.0487 -0.3557
124.2870 544.7448 -15.2035 -13.5800 -0.0023 0.9334 -0.0483 -0.3556
124.3906 544.6733 -15.2112 -13.6671 -0.0019 0.9334 -0.0478 -0.3555
124.4944 544.6471 -15.2179 -13.6987 -0.0021 0.9335 -0.0476 -0.3555
