0.0000 -0.0000 0.0000 0.0000 0.0000 -0.0000 -0.0000 1.0000
0.1039 -0.0507 -0.0123 0.0387 0.0003 0.0075 -0.0003 1.0000
0.2077 0.0413 0.0006 0.2489 0.0003 0.0182 -0.0018 0.9998
0.3119 0.0301 0.0027 0.4121 -0.0004 0.0318 -0.0025 0.9995
0.4159 0.0867 0.0045 0.5864 -0.0013 0.0484 -0.0024 0.9988
0.5200 0.1638 0.0018 0.7828 -0.0023 0.0673 -0.0010 0.9977
0.6241 0.2204 -0.0108 0.9580 -0.0026 0.0873 0.0006 0.9962
0.7282 0.3144 -0.0055 1.2003 -0.0030 0.1095 0.0007 0.9940
0.8325 0.4243 0.0086 1.3965 -0.0046 0.1338 0.0003 0.9910
0.9366 0.5491 0.0177 1.6326 -0.0080 0.1583 0.0017 0.9874
1.0408 0.6836 -0.0043 1.8341 -0.0113 0.1828 0.0057 0.9831
1.1449 0.8348 -0.0082 2.0510 -0.0133 0.2097 0.0080 0.9777
1.2490 1.0326 -0.0016 2.3053 -0.0152 0.2375 0.0082 0.9712
1.3531 1.2032 0.0202 2.5127 -0.0173 0.2656 0.0084 0.9639
1.4571 1.4358 0.0214 2.7524 -0.0191 0.2943 0.0101 0.9555
1.5611 1.6576 0.0216 2.9402 -0.0202 0.3230 0.0122 0.9461
1.6651 1.9155 0.0318 3.1569 -0.0210 0.3512 0.0138 0.9360
1.7690 2.2158 0.0413 3.4014 -0.0209 0.3786 0.0151 0.9252
1.8729 2.5062 0.0518 3.5858 -0.0212 0.4051 0.0156 0.9139
1.9768 2.8532 0.0813 3.8156 -0.0227 0.4306 0.0147 0.9021
2.0805 3.1878 0.0962 4.0254 -0.0235 0.4542 0.0144 0.8905
2.1841 3.5762 0.1151 4.2185 -0.0242 0.4757 0.0143 0.8792
2.2879 3.9983 0.1300 4.4448 -0.0248 0.4957 0.0149 0.8680
2.3915 4.4100 0.1496 4.6201 -0.0253 0.5140 0.0142 0.8573
2.4951 4.8606 0.1766 4.8152 -0.0248 0.5317 0.0138 0.8465
2.5988 5.3776 0.1931 4.9969 -0.0230 0.5471 0.0140 0.8366
2.7023 5.8606 0.2164 5.1760 -0.0208 0.5605 0.0142 0.8277
2.8059 6.4083 0.2379 5.3580 -0.0192 0.5718 0.0141 0.8200
2.9094 6.9763 0.2635 5.5173 -0.0182 0.5808 0.0143 0.8137
3.0129 7.5609 0.2934 5.7077 -0.0176 0.5871 0.0150 0.8092
3.1165 8.1765 0.3123 5.9184 -0.0178 0.5923 0.0158 0.8054
3.2201 8.8322 0.3385 6.0922 -0.0189 0.5965 0.0161 0.8022
3.3237 9.4934 0.3701 6.2594 -0.0202 0.6008 0.0161 0.7990
3.4274 10.1854 0.3991 6.4678 -0.0210 0.6053 0.0165 0.7956
3.5310 10.8910 0.4275 6.6625 -0.0221 0.6096 0.0169 0.7922
3.6348 11.6169 0.4593 6.8425 -0.0227 0.6137 0.0174 0.7890
3.7384 12.3877 0.4846 7.0053 -0.0235 0.6178 0.0177 0.7858
3.8421 13.1531 0.5235 7.1939 -0.0246 0.6217 0.0184 0.7826
3.9458 13.9189 0.5699 7.3647 -0.0266 0.6262 0.0189 0.7789
4.0495 14.7082 0.6076 7.5349 -0.0282 0.6317 0.0201 0.7744
4.1532 15.5091 0.6484 7.6874 -0.0295 0.6364 0.0206 0.7705
4.2570 16.3054 0.6814 7.8270 -0.0296 0.6416 0.0209 0.7661
4.3608 17.1065 0.7212 7.9687 -0.0297 0.6475 0.0203 0.7612
4.4645 17.8907 0.7566 8.0836 -0.0293 0.6538 0.0198 0.7558
4.5684 18.7139 0.7979 8.1625 -0.0293 0.6617 0.0188 0.7490
4.6723 19.5246 0.8439 8.2589 -0.0302 0.6714 0.0170 0.7403
4.7761 20.3629 0.8791 8.2984 -0.0309 0.6820 0.0158 0.7305
4.8801 21.2277 0.9222 8.3142 -0.0313 0.6947 0.0148 0.7185
4.9841 22.0671 0.9547 8.2975 -0.0312 0.7069 0.0142 0.7065
5.0881 22.9115 0.9839 8.2804 -0.0309 0.7188 0.0137 0.6944
5.1920 23.7280 1.0156 8.2114 -0.0304 0.7299 0.0125 0.6828
5.2959 24.5571 1.0598 8.1322 -0.0297 0.7409 0.0106 0.6709
5.3998 25.4042 1.0786 8.0167 -0.0271 0.7519 0.0103 0.6587
5.5036 26.2191 1.0945 7.8648 -0.0236 0.7620 0.0100 0.6471
5.6074 27.0640 1.1188 7.6710 -0.0190 0.7722 0.0103 0.6350
5.7113 27.8862 1.1201 7.4713 -0.0154 0.7817 0.0103 0.6233
5.8150 28.6895 1.1441 7.2518 -0.0104 0.7904 0.0115 0.6124
5.9188 29.4945 1.1339 6.9914 -0.0054 0.7990 0.0099 0.6013
6.0224 30.2730 1.1255 6.7114 0.0004 0.8066 0.0055 0.5911
6.1261 31.0593 1.1031 6.4573 0.0062 0.8143 -0.0012 0.5804
6.2298 31.8459 1.0809 6.1690 0.0105 0.8222 -0.0082 0.5690
6.3335 32.5962 1.0491 5.8506 0.0147 0.8297 -0.0113 0.5580
6.4371 33.3866 0.9921 5.5105 0.0170 0.8367 -0.0123 0.5473
6.5409 34.1170 0.9564 5.1331 0.0176 0.8433 -0.0109 0.5371
6.6445 34.8465 0.9094 4.7539 0.0174 0.8493 -0.0076 0.5275
6.7483 35.5776 0.8738 4.3563 0.0191 0.8547 -0.0037 0.5187
6.8519 36.2687 0.8255 3.9777 0.0203 0.8589 -0.0023 0.5118
6.9555 36.9631 0.7840 3.5503 0.0219 0.8619 -0.0027 0.5067
7.0590 37.6825 0.7404 3.1776 0.0232 0.8649 -0.0031 0.5015
7.1628 38.3703 0.6890 2.7799 0.0211 0.8679 -0.0060 0.4962
7.2664 39.0561 0.6656 2.3709 0.0202 0.8713 -0.0060 0.4903
7.3701 39.7318 0.6254 1.9387 0.0212 0.8737 -0.0058 0.4859
7.4738 40.3962 0.5765 1.4983 0.0230 0.8759 -0.0056 0.4820
7.5774 41.1258 0.5443 1.0522 0.0243 0.8767 -0.0067 0.4803
7.6810 41.7985 0.4978 0.6122 0.0243 0.8767 -0.0079 0.4804
7.7847 42.5358 0.4581 0.1487 0.0255 0.8758 -0.0071 0.4819
7.8883 43.3001 0.4099 -0.2970 0.0247 0.8742 -0.0072 0.4849
7.9919 44.0289 0.3677 -0.7631 0.0236 0.8721 -0.0077 0.4887
8.0956 44.8172 0.3239 -1.2213 0.0230 0.8700 -0.0081 0.4924
8.1994 45.6279 0.2759 -1.7054 0.0218 0.8681 -0.0088 0.4958
8.3031 46.4254 0.2325 -2.1611 0.0201 0.8668 -0.0098 0.4982
8.4070 47.2586 0.1949 -2.6015 0.0179 0.8666 -0.0106 0.4985
8.5108 48.0911 0.1392 -3.0987 0.0163 0.8667 -0.0109 0.4985
8.6146 48.9538 0.1003 -3.5725 0.0156 0.8670 -0.0109 0.4979
8.7184 49.8261 0.0487 -4.0874 0.0155 0.8671 -0.0106 0.4977
8.8221 50.7097 -0.0021 -4.5945 0.0151 0.8671 -0.0104 0.4978
8.9259 51.5864 -0.0420 -5.1078 0.0152 0.8670 -0.0100 0.4979
9.0296 52.4762 -0.0991 -5.6320 0.0148 0.8673 -0.0099 0.4975
9.1335 53.3743 -0.1480 -6.1514 0.0139 0.8673 -0.0099 0.4975
9.2373 54.2461 -0.1992 -6.6418 0.0137 0.8674 -0.0098 0.4974
9.3410 55.1386 -0.2488 -7.1428 0.0130 0.8672 -0.0100 0.4978
9.4448 56.0597 -0.3072 -7.6739 0.0126 0.8669 -0.0097 0.4983
9.5485 56.9453 -0.3593 -8.1883 0.0121 0.8661 -0.0083 0.4996
9.6522 57.8149 -0.4048 -8.6791 0.0119 0.8655 -0.0073 0.5007
9.7559 58.7100 -0.4636 -9.1817 0.0116 0.8649 -0.0072 0.5017
9.8596 59.6135 -0.5079 -9.6967 0.0119 0.8644 -0.0070 0.5026
9.9635 60.4857 -0.5504 -10.1766 0.0121 0.8641 -0.0072 0.5032
10.0673 61.3642 -0.6054 -10.6782 0.0119 0.8642 -0.0082 0.5029
10.1711 62.2772 -0.6513 -11.1774 0.0124 0.8650 -0.0096 0.5016
10.2750 63.1253 -0.6992 -11.6709 0.0122 0.8661 -0.0105 0.4997
10.3789 64.0084 -0.7364 -12.1741 0.0121 0.8678 -0.0098 0.4966
10.4828 64.8850 -0.8109 -12.6940 0.0120 0.8693 -0.0075 0.4941
10.5865 65.7282 -0.8467 -13.2030 0.0106 0.8707 -0.0076 0.4916
10.6904 66.5805 -0.9030 -13.7205 0.0116 0.8722 -0.0085 0.4889
10.7941 67.4166 -0.9455 -14.2479 0.0123 0.8735 -0.0095 0.4865
10.8980 68.2394 -0.9902 -14.7705 0.0120 0.8749 -0.0102 0.4841
11.0017 69.0597 -1.0365 -15.2687 0.0118 0.8759 -0.0109 0.4822
11.1054 69.8823 -1.0887 -15.7736 0.0118 0.8770 -0.0105 0.4802
11.2091 70.7044 -1.1413 -16.3256 0.0103 0.8778 -0.0064 0.4789
11.3129 71.5294 -1.1806 -16.8455 0.0081 0.8783 -0.0021 0.4780
11.4166 72.3493 -1.2076 -17.3514 0.0074 0.8790 -0.0001 0.4769
11.5204 73.1491 -1.2401 -17.8784 0.0089 0.8791 -0.0028 0.4765
11.6240 73.9514 -1.2910 -18.4016 0.0103 0.8796 -0.0055 0.4757
11.7278 74.7483 -1.3184 -18.9276 0.0137 0.8797 -0.0048 0.4753
11.8315 75.5367 -1.3783 -19.4583 0.0142 0.8795 -0.0036 0.4757
11.9353 76.3144 -1.4068 -19.9775 0.0138 0.8795 -0.0023 0.4757
12.0389 77.1330 -1.4343 -20.4813 0.0119 0.8793 -0.0005 0.4760
12.1426 77.9212 -1.4622 -21.0169 0.0096 0.8790 0.0017 0.4768
12.2464 78.7376 -1.4856 -21.5254 0.0052 0.8790 0.0007 0.4769
12.3501 79.5385 -1.5139 -22.0074 0.0016 0.8785 -0.0011 0.4777
12.4539 80.2944 -1.5270 -22.4982 0.0023 0.8783 0.0005 0.4782
12.5576 81.1129 -1.5626 -23.0178 0.0047 0.8773 0.0012 0.4799
12.6614 81.9137 -1.5885 -23.5002 0.0061 0.8758 0.0001 0.4826
12.7651 82.6546 -1.6102 -23.9773 0.0080 0.8736 0.0018 0.4865
12.8688 83.4911 -1.6439 -24.4888 0.0107 0.8711 0.0042 0.4910
12.9724 84.2522 -1.6509 -24.9165 0.0112 0.8685 0.0038 0.4956
13.0762 85.1289 -1.6791 -25.4210 0.0092 0.8650 0.0032 0.5016
13.1799 85.9196 -1.7108 -25.8611 0.0079 0.8619 0.0049 0.5069
13.2837 86.7351 -1.7337 -26.2920 0.0078 0.8585 0.0053 0.5128
13.3874 87.5418 -1.7448 -26.7001 0.0074 0.8551 0.0057 0.5184
13.4911 88.4070 -1.7682 -27.1261 0.0086 0.8513 0.0062 0.5246
13.5949 89.2211 -1.7925 -27.5131 0.0097 0.8477 0.0043 0.5304
13.6988 90.0660 -1.8148 -27.8944 0.0122 0.8445 0.0011 0.5355
13.8025 90.8956 -1.8581 -28.2632 0.0142 0.8406 -0.0009 0.5414
13.9063 91.7282 -1.8752 -28.6123 0.0127 0.8373 -0.0004 0.5466
14.0100 92.5886 -1.9218 -28.9671 0.0113 0.8335 0.0009 0.5524
14.1138 93.4202 -1.9428 -29.3000 0.0115 0.8305 0.0000 0.5568
14.2176 94.2786 -1.9634 -29.6163 0.0118 0.8285 -0.0038 0.5599
14.3215 95.1061 -1.9966 -29.9455 0.0119 0.8270 -0.0086 0.5620
14.4254 95.9439 -2.0473 -30.2823 0.0119 0.8259 -0.0108 0.5636
14.5293 96.7509 -2.0851 -30.5831 0.0114 0.8250 -0.0112 0.5648
14.6331 97.6113 -2.1280 -30.9171 0.0120 0.8236 -0.0107 0.5670
14.7369 98.5101 -2.1729 -31.2232 0.0105 0.8220 -0.0097 0.5693
14.8408 99.3294 -2.2122 -31.5332 0.0096 0.8204 -0.0082 0.5717
14.9445 100.2055 -2.2566 -31.8372 0.0089 0.8186 -0.0071 0.5742
15.0483 101.0559 -2.2976 -32.1137 0.0070 0.8167 -0.0085 0.5769
15.1520 101.8653 -2.3268 -32.3752 0.0045 0.8149 -0.0122 0.5795
15.2558 102.7386 -2.3770 -32.6570 0.0047 0.8127 -0.0137 0.5825
15.3595 103.6040 -2.4308 -32.9515 0.0054 0.8106 -0.0152 0.5854
15.4633 104.4568 -2.4553 -33.2181 0.0058 0.8085 -0.0138 0.5883
15.5671 105.2960 -2.5014 -33.4727 0.0047 0.8064 -0.0121 0.5912
15.6709 106.1448 -2.5327 -33.7285 0.0042 0.8040 -0.0107 0.5945
15.7746 106.9935 -2.5735 -33.9655 0.0041 0.8023 -0.0125 0.5967
15.8784 107.8737 -2.6305 -34.2104 0.0039 0.8002 -0.0146 0.5995
15.9822 108.7341 -2.6641 -34.4562 0.0037 0.7981 -0.0156 0.6024
16.0861 109.6015 -2.7041 -34.7007 0.0039 0.7958 -0.0146 0.6053
16.1898 110.4560 -2.7412 -34.9159 0.0046 0.7933 -0.0137 0.6086
16.2935 111.2907 -2.7889 -35.1273 0.0058 0.7910 -0.0127 0.6116
16.3973 112.1582 -2.8250 -35.3502 0.0070 0.7889 -0.0119 0.6143
16.5010 113.0461 -2.8586 -35.5569 0.0047 0.7866 -0.0137 0.6173
16.6048 113.9045 -2.9012 -35.7299 0.0028 0.7848 -0.0148 0.6195
16.7086 114.7964 -2.9393 -35.9463 0.0039 0.7833 -0.0138 0.6215
16.8124 115.6742 -2.9902 -36.1312 0.0044 0.7821 -0.0134 0.6230
16.9162 116.5163 -3.0266 -36.3176 0.0048 0.7806 -0.0133 0.6249
17.0200 117.3914 -3.0699 -36.5191 0.0062 0.7784 -0.0105 0.6276
17.1238 118.2929 -3.1194 -36.7322 0.0079 0.7769 -0.0075 0.6296
17.2275 119.1536 -3.1517 -36.8776 0.0089 0.7754 -0.0062 0.6314
17.3314 120.0199 -3.1776 -37.0705 0.0095 0.7739 -0.0069 0.6332
17.4351 120.8810 -3.2207 -37.2300 0.0095 0.7726 -0.0081 0.6347
17.5390 121.7081 -3.2485 -37.3694 0.0091 0.7722 -0.0084 0.6353
17.6429 122.5639 -3.2950 -37.5348 0.0070 0.7718 -0.0091 0.6357
17.7466 123.4553 -3.3225 -37.6895 0.0057 0.7715 -0.0077 0.6362
17.8505 124.3357 -3.3571 -37.8689 0.0051 0.7712 -0.0050 0.6366
17.9543 125.2337 -3.3921 -38.0301 0.0042 0.7709 -0.0035 0.6369
18.0581 126.0971 -3.4228 -38.1742 0.0048 0.7705 -0.0067 0.6373
18.1619 126.9298 -3.4761 -38.3323 0.0058 0.7705 -0.0079 0.6373
18.2658 127.7456 -3.4830 -38.4941 0.0072 0.7705 -0.0072 0.6374
18.3696 128.6172 -3.5325 -38.6493 0.0061 0.7704 -0.0080 0.6375
18.4734 129.4828 -3.5551 -38.8081 0.0070 0.7701 -0.0067 0.6378
18.5772 130.3419 -3.6095 -38.9718 0.0066 0.7698 -0.0083 0.6382
18.6810 131.2021 -3.6288 -39.1255 0.0048 0.7697 -0.0117 0.6382
18.7849 132.0507 -3.6700 -39.2464 0.0025 0.7693 -0.0150 0.6387
18.8885 132.8562 -3.7162 -39.3875 0.0048 0.7695 -0.0151 0.6385
18.9924 133.6757 -3.7556 -39.5575 0.0061 0.7692 -0.0149 0.6388
19.0960 134.4630 -3.8061 -39.6940 0.0069 0.7687 -0.0148 0.6395
19.1999 135.2806 -3.8399 -39.8526 0.0076 0.7679 -0.0131 0.6404
19.3035 136.1089 -3.8781 -40.0081 0.0090 0.7670 -0.0099 0.6415
19.4074 136.9402 -3.9119 -40.1663 0.0079 0.7666 -0.0071 0.6420
19.5112 137.7672 -3.9524 -40.3038 0.0090 0.7652 -0.0050 0.6437
19.6148 138.5218 -3.9930 -40.4185 0.0104 0.7636 -0.0070 0.6456
19.7184 139.2783 -4.0382 -40.5402 0.0112 0.7622 -0.0086 0.6472
19.8221 140.0707 -4.0769 -40.6710 0.0099 0.7592 -0.0096 0.6507
19.9257 140.8837 -4.0884 -40.7870 0.0118 0.7558 -0.0049 0.6547
20.0294 141.7348 -4.1536 -40.8752 0.0113 0.7518 -0.0046 0.6592
20.1329 142.5373 -4.1813 -40.9670 0.0140 0.7475 -0.0035 0.6642
20.2366 143.3397 -4.2119 -41.0495 0.0137 0.7425 -0.0045 0.6697
20.3404 144.0408 -4.2469 -41.1072 0.0161 0.7381 -0.0025 0.6745
20.4440 144.8433 -4.2767 -41.1792 0.0177 0.7334 -0.0021 0.6796
20.5478 145.6879 -4.3446 -41.2325 0.0157 0.7286 -0.0071 0.6847
20.6515 146.4061 -4.3827 -41.2393 0.0163 0.7241 -0.0137 0.6894
20.7553 147.2227 -4.4349 -41.2028 0.0177 0.7195 -0.0185 0.6941
20.8591 147.9510 -4.4690 -41.2250 0.0190 0.7148 -0.0180 0.6989
20.9629 148.7113 -4.5102 -41.2322 0.0204 0.7104 -0.0144 0.7033
21.0668 149.4331 -4.5762 -41.2016 0.0173 0.7068 -0.0153 0.7071
21.1706 150.2009 -4.6185 -41.2071 0.0200 0.7035 -0.0171 0.7102
21.2745 150.9446 -4.6738 -41.1631 0.0190 0.7007 -0.0234 0.7128
21.3785 151.6511 -4.7187 -41.1324 0.0178 0.6999 -0.0265 0.7136
21.4825 152.3937 -4.7760 -41.1266 0.0169 0.6994 -0.0248 0.7141
21.5864 153.1630 -4.8498 -41.0753 0.0164 0.7004 -0.0215 0.7132
21.6904 153.9410 -4.8946 -41.0760 0.0162 0.7014 -0.0206 0.7122
21.7943 154.6544 -4.9465 -41.0605 0.0169 0.7026 -0.0199 0.7111
21.8983 155.4349 -4.9997 -41.0562 0.0163 0.7039 -0.0204 0.7098
22.0022 156.2010 -5.0703 -41.0575 0.0154 0.7054 -0.0200 0.7083
22.1061 156.9529 -5.1152 -41.0507 0.0153 0.7074 -0.0205 0.7064
22.2101 157.6705 -5.1460 -41.0688 0.0144 0.7095 -0.0202 0.7043
22.3139 158.4009 -5.2061 -41.0621 0.0142 0.7117 -0.0191 0.7020
22.4178 159.0977 -5.2596 -41.0789 0.0134 0.7133 -0.0193 0.7005
22.5215 159.8546 -5.3060 -41.1017 0.0128 0.7153 -0.0206 0.6984
22.6254 160.6228 -5.3625 -41.1056 0.0132 0.7168 -0.0216 0.6968
22.7292 161.3403 -5.4132 -41.1280 0.0135 0.7177 -0.0230 0.6958
22.8329 162.0241 -5.4634 -41.1708 0.0143 0.7181 -0.0232 0.6954
22.9365 162.7710 -5.4907 -41.1801 0.0166 0.7178 -0.0202 0.6958
23.0401 163.3961 -5.5442 -41.1963 0.0153 0.7167 -0.0187 0.6969
23.1438 164.0782 -5.6157 -41.2264 0.0146 0.7141 -0.0194 0.6996
23.2474 164.7665 -5.6500 -41.2065 0.0161 0.7106 -0.0183 0.7032
23.3510 165.4354 -5.7034 -41.1950 0.0160 0.7058 -0.0190 0.7080
23.4547 166.1289 -5.7421 -41.2006 0.0158 0.7002 -0.0178 0.7135
23.5583 166.8956 -5.7662 -41.1221 0.0152 0.6944 -0.0147 0.7193
23.6620 167.5593 -5.8175 -41.0850 0.0109 0.6884 -0.0145 0.7251
23.7657 168.2253 -5.8493 -41.0331 0.0084 0.6824 -0.0121 0.7309
23.8694 168.8622 -5.8909 -40.9621 0.0054 0.6759 -0.0096 0.7369
23.9730 169.5655 -5.9217 -40.8744 0.0040 0.6695 -0.0062 0.7428
24.0768 170.2092 -5.9531 -40.7813 0.0033 0.6627 -0.0048 0.7489
24.1805 170.8161 -5.9829 -40.6729 0.0010 0.6562 -0.0068 0.7545
24.2842 171.5136 -5.9918 -40.5492 0.0020 0.6495 -0.0052 0.7604
24.3879 172.1353 -6.0104 -40.4064 -0.0004 0.6429 -0.0067 0.7659
24.4916 172.7513 -6.0441 -40.2870 -0.0040 0.6374 -0.0077 0.7705
24.5954 173.3585 -6.0668 -40.1572 -0.0043 0.6327 -0.0051 0.7744
24.6993 173.9801 -6.0792 -40.0202 -0.0035 0.6282 -0.0031 0.7780
24.8031 174.5772 -6.0811 -39.8683 -0.0033 0.6245 -0.0054 0.7810
24.9068 175.2012 -6.1049 -39.7192 -0.0021 0.6205 -0.0087 0.7842
25.0105 175.8142 -6.1252 -39.5392 0.0026 0.6172 -0.0107 0.7867
25.1143 176.3589 -6.1332 -39.4246 0.0072 0.6135 -0.0111 0.7896
25.2180 176.9572 -6.1598 -39.2413 0.0064 0.6111 -0.0115 0.7915
25.3218 177.5693 -6.1742 -39.0593 0.0029 0.6087 -0.0099 0.7933
25.4255 178.1893 -6.2045 -38.8763 -0.0040 0.6068 -0.0085 0.7948
25.5294 178.8100 -6.2203 -38.7114 -0.0071 0.6058 -0.0053 0.7956
25.6332 179.4157 -6.2420 -38.5397 -0.0075 0.6056 -0.0049 0.7957
25.7370 180.0085 -6.2408 -38.3716 -0.0053 0.6051 -0.0047 0.7962
25.8408 180.6147 -6.2440 -38.1981 -0.0038 0.6045 -0.0037 0.7966
25.9445 181.2654 -6.2412 -38.0273 -0.0050 0.6035 -0.0034 0.7973
26.0481 181.8558 -6.2586 -37.8421 -0.0066 0.6027 -0.0020 0.7979
26.1519 182.4771 -6.2646 -37.6607 -0.0083 0.6012 -0.0001 0.7991
26.2555 183.1239 -6.2690 -37.4769 -0.0095 0.5996 0.0008 0.8003
26.3591 183.6981 -6.2722 -37.2815 -0.0095 0.5969 0.0020 0.8023
26.4628 184.3111 -6.2726 -37.0837 -0.0102 0.5932 0.0032 0.8050
26.5666 184.9273 -6.2753 -36.8849 -0.0103 0.5893 0.0041 0.8079
26.6703 185.5525 -6.2845 -36.6676 -0.0101 0.5845 0.0037 0.8113
26.7739 186.1653 -6.2741 -36.4582 -0.0094 0.5797 0.0021 0.8148
26.8777 186.7808 -6.2680 -36.2125 -0.0079 0.5748 0.0011 0.8183
26.9813 187.4093 -6.2718 -35.9729 -0.0076 0.5697 0.0014 0.8218
27.0850 188.0038 -6.2764 -35.7100 -0.0084 0.5647 0.0020 0.8253
27.1888 188.6287 -6.2823 -35.4493 -0.0090 0.5599 0.0026 0.8285
27.2925 189.2729 -6.2814 -35.1779 -0.0105 0.5547 0.0019 0.8320
27.3963 189.8847 -6.2559 -34.9009 -0.0121 0.5503 0.0014 0.8349
27.5000 190.5176 -6.2716 -34.5987 -0.0137 0.5469 0.0003 0.8371
27.6039 191.1661 -6.2624 -34.2900 -0.0150 0.5450 0.0006 0.8383
27.7078 191.8221 -6.2568 -34.0057 -0.0153 0.5440 0.0026 0.8390
27.8117 192.4738 -6.2599 -33.7170 -0.0138 0.5439 0.0040 0.8390
27.9155 193.1228 -6.2523 -33.4326 -0.0128 0.5442 0.0039 0.8388
28.0194 193.7919 -6.2451 -33.1331 -0.0109 0.5447 0.0046 0.8385
28.1233 194.4762 -6.2319 -32.8406 -0.0105 0.5448 0.0058 0.8385
28.2272 195.1356 -6.2135 -32.5351 -0.0111 0.5452 0.0085 0.8382
28.3309 195.8218 -6.2101 -32.2290 -0.0121 0.5455 0.0095 0.8380
28.4348 196.5138 -6.2039 -31.9304 -0.0132 0.5461 0.0106 0.8375
28.5387 197.2073 -6.1910 -31.6118 -0.0136 0.5471 0.0107 0.8369
28.6424 197.8848 -6.1829 -31.3112 -0.0142 0.5477 0.0103 0.8365
28.7462 198.5830 -6.1749 -30.9994 -0.0141 0.5487 0.0100 0.8358
28.8499 199.2626 -6.1722 -30.7176 -0.0121 0.5490 0.0093 0.8357
28.9538 199.9552 -6.1731 -30.3998 -0.0101 0.5494 0.0072 0.8355
29.0575 200.6408 -6.1609 -30.0947 -0.0094 0.5501 0.0059 0.8350
29.1613 201.3407 -6.1549 -29.7908 -0.0112 0.5506 0.0063 0.8347
29.2649 202.0291 -6.1484 -29.4929 -0.0130 0.5512 0.0065 0.8342
29.3686 202.7005 -6.1397 -29.2108 -0.0142 0.5526 0.0055 0.8333
29.4725 203.3769 -6.1481 -28.9280 -0.0156 0.5544 0.0045 0.8321
29.5763 204.0733 -6.1411 -28.6382 -0.0161 0.5575 0.0047 0.8300
29.6802 204.7849 -6.1162 -28.3618 -0.0160 0.5613 0.0047 0.8274
29.7839 205.4439 -6.1238 -28.0950 -0.0143 0.5655 0.0055 0.8246
29.8878 206.1378 -6.1246 -27.8377 -0.0138 0.5706 0.0043 0.8211
29.9917 206.8356 -6.1004 -27.5929 -0.0141 0.5753 0.0035 0.8178
30.0955 207.5273 -6.0844 -27.3576 -0.0153 0.5796 0.0069 0.8147
30.1993 208.2552 -6.0837 -27.1347 -0.0170 0.5837 0.0112 0.8117
30.3030 208.9697 -6.0726 -26.9055 -0.0191 0.5866 0.0128 0.8095
30.4068 209.6721 -6.0469 -26.6754 -0.0216 0.5887 0.0114 0.8080
30.5104 210.3685 -6.0364 -26.4371 -0.0223 0.5896 0.0118 0.8073
30.6140 211.0770 -5.9931 -26.2254 -0.0216 0.5905 0.0131 0.8066
30.7178 211.7894 -5.9880 -25.9874 -0.0222 0.5911 0.0122 0.8062
30.8214 212.4914 -5.9576 -25.7513 -0.0219 0.5911 0.0112 0.8062
30.9252 213.2289 -5.9409 -25.5247 -0.0228 0.5905 0.0107 0.8066
31.0288 213.9543 -5.9245 -25.2666 -0.0232 0.5901 0.0111 0.8069
31.1325 214.6562 -5.8898 -25.0530 -0.0234 0.5893 0.0118 0.8075
31.2363 215.4011 -5.8743 -24.8227 -0.0229 0.5888 0.0129 0.8079
31.3401 216.1449 -5.8444 -24.5803 -0.0230 0.5872 0.0137 0.8090
31.4437 216.8863 -5.8267 -24.3211 -0.0245 0.5857 0.0135 0.8101
31.5474 217.5995 -5.7864 -24.0898 -0.0262 0.5835 0.0151 0.8115
31.6510 218.3462 -5.7593 -23.8019 -0.0282 0.5813 0.0164 0.8130
31.7548 219.0728 -5.7394 -23.5403 -0.0293 0.5794 0.0155 0.8144
31.8585 219.7836 -5.7038 -23.2773 -0.0288 0.5778 0.0144 0.8155
31.9623 220.5555 -5.6696 -22.9956 -0.0293 0.5758 0.0095 0.8170
32.0660 221.3042 -5.6315 -22.7153 -0.0291 0.5736 0.0081 0.8186
32.1696 222.0217 -5.5959 -22.4252 -0.0293 0.5722 0.0083 0.8196
32.2734 222.7697 -5.5776 -22.1342 -0.0296 0.5706 0.0074 0.8207
32.3772 223.4761 -5.5444 -21.8555 -0.0288 0.5689 0.0062 0.8219
32.4809 224.2305 -5.5183 -21.5574 -0.0290 0.5663 0.0043 0.8237
32.5845 224.9726 -5.5057 -21.2839 -0.0300 0.5644 0.0047 0.8249
32.6883 225.7172 -5.4754 -20.9764 -0.0287 0.5629 0.0067 0.8260
32.7919 226.4539 -5.4478 -20.6639 -0.0276 0.5609 0.0072 0.8274
32.8957 227.1607 -5.4250 -20.3654 -0.0269 0.5591 0.0066 0.8286
32.9994 227.8748 -5.3915 -20.0802 -0.0289 0.5569 0.0059 0.8301
33.1032 228.6475 -5.3546 -19.7527 -0.0299 0.5549 0.0051 0.8313
33.2068 229.3737 -5.3377 -19.4378 -0.0279 0.5531 0.0053 0.8326
33.3105 230.0742 -5.3325 -19.1427 -0.0254 0.5514 0.0031 0.8339
33.4143 230.8175 -5.3041 -18.7982 -0.0244 0.5494 0.0006 0.8352
33.5182 231.5355 -5.2673 -18.4798 -0.0282 0.5485 -0.0023 0.8357
33.6218 232.2566 -5.2427 -18.1369 -0.0317 0.5474 0.0015 0.8363
33.7255 232.9941 -5.2186 -17.8212 -0.0359 0.5463 0.0060 0.8368
33.8293 233.7332 -5.1691 -17.4904 -0.0387 0.5454 0.0101 0.8372
33.9331 234.4650 -5.1338 -17.1795 -0.0402 0.5443 0.0105 0.8379
34.0367 235.2107 -5.1032 -16.8344 -0.0395 0.5433 0.0079 0.8386
34.1404 235.9060 -5.0539 -16.5109 -0.0365 0.5418 0.0060 0.8397
34.2440 236.6086 -5.0390 -16.1692 -0.0352 0.5396 0.0042 0.8412
34.3478 237.3311 -5.0011 -15.8300 -0.0331 0.5377 0.0047 0.8425
34.4515 238.0584 -4.9699 -15.5082 -0.0323 0.5358 0.0037 0.8437
34.5552 238.7610 -4.9565 -15.1441 -0.0328 0.5342 0.0045 0.8447
34.6589 239.4931 -4.9027 -14.7889 -0.0339 0.5328 0.0061 0.8455
34.7625 240.2199 -4.8658 -14.4468 -0.0354 0.5309 0.0092 0.8466
34.8663 240.9441 -4.8296 -14.0806 -0.0373 0.5299 0.0115 0.8472
34.9700 241.6632 -4.7780 -13.7442 -0.0392 0.5293 0.0135 0.8474
35.0739 242.4320 -4.7178 -13.3871 -0.0409 0.5289 0.0165 0.8475
35.1776 243.1565 -4.6636 -13.0208 -0.0413 0.5284 0.0169 0.8478
35.2813 243.8392 -4.6315 -12.6668 -0.0403 0.5276 0.0117 0.8484
35.3850 244.5774 -4.6029 -12.2782 -0.0356 0.5274 0.0062 0.8489
35.4887 245.2937 -4.5625 -11.9069 -0.0324 0.5271 0.0036 0.8492
35.5924 246.0301 -4.5248 -11.5510 -0.0330 0.5270 0.0041 0.8492
35.6962 246.7420 -4.4772 -11.1942 -0.0353 0.5273 0.0060 0.8489
35.7998 247.4930 -4.4438 -10.8185 -0.0356 0.5263 0.0068 0.8495
35.9035 248.1995 -4.4112 -10.4438 -0.0347 0.5260 0.0072 0.8498
36.0072 248.9263 -4.3781 -10.0951 -0.0341 0.5255 0.0084 0.8501
36.1109 249.6618 -4.3337 -9.7263 -0.0356 0.5243 0.0105 0.8508
36.2145 250.3866 -4.2938 -9.3690 -0.0372 0.5244 0.0106 0.8506
36.3183 251.1067 -4.2478 -8.9945 -0.0375 0.5237 0.0094 0.8510
36.4220 251.8073 -4.2235 -8.6223 -0.0357 0.5232 0.0095 0.8514
36.5258 252.5443 -4.1769 -8.2379 -0.0351 0.5229 0.0086 0.8516
36.6295 253.2675 -4.1349 -7.8790 -0.0347 0.5217 0.0103 0.8524
36.7333 254.0071 -4.0904 -7.4854 -0.0360 0.5201 0.0110 0.8533
36.8370 254.7065 -4.0510 -7.0777 -0.0365 0.5184 0.0121 0.8543
36.9408 255.4414 -4.0059 -6.7246 -0.0357 0.5164 0.0130 0.8555
37.0445 256.1574 -3.9654 -6.3452 -0.0353 0.5148 0.0125 0.8565
37.1483 256.8751 -3.9281 -5.9034 -0.0358 0.5124 0.0089 0.8579
37.2520 257.6016 -3.8884 -5.4980 -0.0336 0.5097 0.0083 0.8597
37.3557 258.3022 -3.8512 -5.0970 -0.0314 0.5065 0.0097 0.8616
37.4594 259.0202 -3.8151 -4.7072 -0.0302 0.5017 0.0108 0.8644
37.5630 259.7209 -3.7889 -4.2925 -0.0289 0.4969 0.0133 0.8672
37.6667 260.4314 -3.7554 -3.8666 -0.0282 0.4911 0.0141 0.8706
37.7703 261.1412 -3.7086 -3.4208 -0.0289 0.4841 0.0144 0.8744
37.8740 261.8260 -3.6750 -2.9448 -0.0304 0.4769 0.0164 0.8783
37.9778 262.5009 -3.6424 -2.4929 -0.0322 0.4699 0.0173 0.8820
38.0815 263.1471 -3.6048 -1.9873 -0.0336 0.4646 0.0160 0.8847
38.1853 263.8367 -3.5547 -1.4938 -0.0338 0.4600 0.0127 0.8872
38.2892 264.4764 -3.4957 -1.0187 -0.0338 0.4567 0.0102 0.8889
38.3932 265.1331 -3.4689 -0.5326 -0.0348 0.4556 0.0072 0.8894
38.4972 265.7870 -3.4249 -0.0459 -0.0354 0.4572 0.0043 0.8886
38.6012 266.4663 -3.3942 0.4439 -0.0360 0.4615 -0.0009 0.8864
38.7052 267.1444 -3.3586 0.9144 -0.0349 0.4660 -0.0041 0.8841
38.8093 267.8082 -3.3347 1.3420 -0.0329 0.4717 -0.0021 0.8811
38.9133 268.4981 -3.3106 1.8112 -0.0328 0.4774 -0.0005 0.8781
39.0172 269.1911 -3.2702 2.2634 -0.0338 0.4826 -0.0011 0.8752
39.1212 269.8998 -3.2531 2.6683 -0.0341 0.4870 -0.0007 0.8727
39.2250 270.6030 -3.2334 3.0818 -0.0328 0.4915 0.0002 0.8703
39.3289 271.3184 -3.1986 3.5049 -0.0313 0.4959 0.0008 0.8678
39.4327 271.9926 -3.1675 3.9228 -0.0312 0.4999 -0.0003 0.8655
39.5364 272.7321 -3.1347 4.3325 -0.0318 0.5031 -0.0007 0.8636
39.6402 273.4452 -3.1021 4.7472 -0.0345 0.5056 -0.0007 0.8621
39.7438 274.1696 -3.0633 5.1450 -0.0379 0.5079 -0.0003 0.8606
39.8476 274.9133 -3.0322 5.5485 -0.0398 0.5099 0.0010 0.8593
39.9513 275.6308 -2.9939 5.9386 -0.0399 0.5114 -0.0008 0.8584
40.0550 276.3457 -2.9389 6.3531 -0.0374 0.5128 -0.0043 0.8577
40.1587 277.0477 -2.9403 6.7427 -0.0336 0.5136 -0.0093 0.8573
40.2624 277.7987 -2.9216 7.1469 -0.0306 0.5141 -0.0108 0.8571
40.3662 278.5391 -2.8770 7.5443 -0.0306 0.5150 -0.0120 0.8565
40.4699 279.2906 -2.8578 7.9601 -0.0328 0.5152 -0.0110 0.8564
40.5735 280.0384 -2.8390 8.3667 -0.0331 0.5155 -0.0095 0.8562
40.6773 280.7811 -2.8211 8.7612 -0.0333 0.5153 -0.0078 0.8564
40.7810 281.5450 -2.7860 9.1592 -0.0334 0.5142 -0.0064 0.8570
40.8848 282.3046 -2.7663 9.5691 -0.0339 0.5128 -0.0060 0.8578
40.9884 283.0434 -2.7341 9.9703 -0.0335 0.5109 -0.0058 0.8590
41.0922 283.8031 -2.7173 10.3783 -0.0342 0.5089 -0.0067 0.8601
41.1958 284.5513 -2.6726 10.8322 -0.0347 0.5072 -0.0071 0.8611
41.2994 285.2918 -2.6480 11.2621 -0.0342 0.5051 -0.0081 0.8624
41.4032 286.0711 -2.6292 11.7013 -0.0321 0.5032 -0.0075 0.8635
41.5068 286.8333 -2.6076 12.1408 -0.0297 0.5004 -0.0081 0.8652
41.6105 287.5844 -2.5958 12.5884 -0.0290 0.4970 -0.0086 0.8672
41.7142 288.3163 -2.5667 13.0561 -0.0293 0.4932 -0.0079 0.8694
41.8179 289.0373 -2.5285 13.5250 -0.0317 0.4899 -0.0072 0.8712
41.9215 289.8125 -2.5037 13.9950 -0.0354 0.4864 -0.0065 0.8730
42.0253 290.5530 -2.4579 14.4745 -0.0391 0.4823 -0.0063 0.8751
42.1289 291.3178 -2.4226 14.9793 -0.0409 0.4793 -0.0059 0.8767
42.2327 292.0759 -2.3951 15.4896 -0.0399 0.4750 -0.0060 0.8791
42.3363 292.8227 -2.3519 15.9892 -0.0362 0.4709 -0.0076 0.8814
42.4400 293.5803 -2.3165 16.5160 -0.0325 0.4664 -0.0094 0.8839
42.5438 294.3256 -2.2970 17.0414 -0.0287 0.4632 -0.0089 0.8857
42.6474 295.0329 -2.2773 17.5674 -0.0259 0.4597 -0.0081 0.8876
42.7512 295.7969 -2.2627 18.0801 -0.0246 0.4561 -0.0048 0.8896
42.8548 296.5293 -2.2458 18.6300 -0.0260 0.4518 -0.0015 0.8917
42.9585 297.2720 -2.2193 19.1850 -0.0282 0.4475 0.0019 0.8938
43.0623 298.0149 -2.1877 19.7435 -0.0298 0.4433 0.0038 0.8959
43.1661 298.7457 -2.1500 20.3144 -0.0310 0.4401 0.0047 0.8974
43.2698 299.4484 -2.1105 20.9148 -0.0321 0.4365 0.0031 0.8991
43.3736 300.1690 -2.0577 21.5102 -0.0333 0.4330 0.0025 0.9008
43.4773 300.9119 -2.0157 22.1081 -0.0338 0.4306 0.0041 0.9019
43.5810 301.6360 -1.9812 22.7074 -0.0337 0.4282 0.0034 0.9030
43.6849 302.3814 -1.9426 23.3212 -0.0315 0.4255 0.0035 0.9044
43.7887 303.0569 -1.9116 23.9212 -0.0300 0.4228 0.0020 0.9057
43.8924 303.8093 -1.8791 24.5421 -0.0294 0.4202 0.0029 0.9069
43.9961 304.5027 -1.8141 25.1758 -0.0316 0.4177 0.0031 0.9080
44.1000 305.2132 -1.7727 25.8164 -0.0339 0.4155 0.0039 0.9090
44.2036 305.9384 -1.7435 26.4505 -0.0340 0.4124 0.0035 0.9103
44.3073 306.6343 -1.7036 27.0746 -0.0330 0.4102 0.0004 0.9114
44.4110 307.3333 -1.6811 27.7195 -0.0305 0.4079 -0.0004 0.9125
44.5148 308.0461 -1.6440 28.3489 -0.0288 0.4050 0.0016 0.9139
44.6185 308.7689 -1.6157 28.9848 -0.0286 0.4024 0.0038 0.9150
44.7223 309.4605 -1.5858 29.6309 -0.0283 0.3997 0.0058 0.9162
44.8262 310.1394 -1.5570 30.2815 -0.0269 0.3971 0.0076 0.9173
44.9298 310.8247 -1.5260 30.9561 -0.0261 0.3940 0.0109 0.9187
45.0335 311.5241 -1.4798 31.6186 -0.0267 0.3916 0.0109 0.9197
45.1373 312.1986 -1.4421 32.2745 -0.0273 0.3895 0.0107 0.9206
45.2410 312.8753 -1.4234 32.9453 -0.0267 0.3866 0.0107 0.9218
45.3448 313.5222 -1.3626 33.6064 -0.0265 0.3843 0.0098 0.9228
45.4485 314.2146 -1.3571 34.2838 -0.0258 0.3821 0.0119 0.9237
45.5523 314.8848 -1.3071 34.9660 -0.0268 0.3785 0.0120 0.9252
45.6562 315.5109 -1.2861 35.6420 -0.0256 0.3765 0.0121 0.9260
45.7599 316.1683 -1.2373 36.3311 -0.0255 0.3737 0.0135 0.9271
45.8637 316.8110 -1.2062 37.0287 -0.0266 0.3717 0.0133 0.9279
45.9674 317.4381 -1.1612 37.7105 -0.0288 0.3699 0.0115 0.9285
46.0713 318.0555 -1.1289 38.3977 -0.0305 0.3681 0.0096 0.9292
46.1750 318.7210 -1.0705 39.0781 -0.0322 0.3669 0.0117 0.9296
46.2788 319.3403 -1.0425 39.7478 -0.0328 0.3658 0.0119 0.9300
46.3827 319.9475 -1.0037 40.4588 -0.0300 0.3646 0.0122 0.9306
46.4865 320.6168 -0.9751 41.1547 -0.0278 0.3641 0.0091 0.9309
46.5904 321.2384 -0.9290 41.8391 -0.0267 0.3641 0.0100 0.9309
46.6942 321.8755 -0.9059 42.5224 -0.0284 0.3650 0.0097 0.9305
46.7981 322.5099 -0.8593 43.2346 -0.0297 0.3659 0.0115 0.9301
46.9019 323.1669 -0.8064 43.9100 -0.0306 0.3669 0.0115 0.9297
47.0058 323.8081 -0.7687 44.6493 -0.0304 0.3701 0.0113 0.9284
47.1097 324.4648 -0.7401 45.3390 -0.0298 0.3723 0.0084 0.9276
47.2136 325.1246 -0.6994 46.0181 -0.0277 0.3760 0.0076 0.9262
47.3174 325.8096 -0.6588 46.7235 -0.0266 0.3793 0.0066 0.9249
47.4212 326.4892 -0.6228 47.3855 -0.0267 0.3829 0.0069 0.9234
47.5251 327.1757 -0.6080 48.0592 -0.0271 0.3867 0.0066 0.9218
47.6288 327.8670 -0.5457 48.7267 -0.0291 0.3903 0.0058 0.9202
47.7327 328.5702 -0.5179 49.4087 -0.0324 0.3943 0.0063 0.9184
47.8364 329.2524 -0.4542 50.0611 -0.0355 0.3987 0.0065 0.9164
47.9402 329.9647 -0.4250 50.7417 -0.0348 0.4026 0.0051 0.9147
48.0439 330.6775 -0.3886 51.4045 -0.0324 0.4059 0.0032 0.9133
48.1477 331.3930 -0.3511 52.0355 -0.0294 0.4096 0.0025 0.9118
48.2514 332.1431 -0.3075 52.6915 -0.0292 0.4133 0.0033 0.9101
48.3550 332.8826 -0.2749 53.3195 -0.0298 0.4157 0.0036 0.9090
48.4588 333.6281 -0.2283 53.9520 -0.0308 0.4189 0.0041 0.9075
48.5626 334.3850 -0.1975 54.5926 -0.0313 0.4209 0.0043 0.9065
48.6662 335.1233 -0.1464 55.2322 -0.0322 0.4234 0.0042 0.9054
48.7699 335.8828 -0.1034 55.8809 -0.0331 0.4260 0.0036 0.9041
48.8736 336.6505 -0.0580 56.5246 -0.0338 0.4285 0.0022 0.9029
48.9773 337.4303 -0.0280 57.1685 -0.0343 0.4312 0.0014 0.9016
49.0809 338.2179 0.0143 57.8078 -0.0342 0.4329 0.0007 0.9008
49.1847 339.0015 0.0680 58.4357 -0.0341 0.4349 -0.0002 0.8998
49.2883 339.7725 0.1028 59.0594 -0.0346 0.4369 -0.0005 0.8989
49.3920 340.5735 0.1491 59.6701 -0.0350 0.4381 -0.0004 0.8982
49.4958 341.3873 0.1930 60.3197 -0.0348 0.4401 -0.0003 0.8973
49.5994 342.1654 0.2254 60.9203 -0.0359 0.4414 -0.0007 0.8966
49.7032 342.9784 0.2770 61.5503 -0.0367 0.4432 -0.0005 0.8957
49.8068 343.7607 0.3078 62.1659 -0.0364 0.4449 -0.0009 0.8948
49.9106 344.5466 0.3504 62.7693 -0.0359 0.4464 -0.0018 0.8941
50.0142 345.3615 0.3982 63.3864 -0.0355 0.4478 -0.0016 0.8934
50.1180 346.1505 0.4414 63.9814 -0.0367 0.4485 0.0006 0.8930
50.2216 347.0014 0.4985 64.5897 -0.0391 0.4483 0.0043 0.8930
50.3253 347.8130 0.5560 65.1995 -0.0411 0.4490 0.0062 0.8926
50.4290 348.6108 0.6076 65.7979 -0.0403 0.4490 0.0067 0.8926
50.5327 349.4234 0.6483 66.4034 -0.0373 0.4494 0.0057 0.8925
50.6365 350.2083 0.6863 66.9857 -0.0340 0.4501 0.0041 0.8923
50.7402 351.0047 0.7425 67.5801 -0.0321 0.4504 0.0051 0.8922
50.8440 351.8113 0.7863 68.1864 -0.0325 0.4506 0.0066 0.8921
50.9476 352.6424 0.8312 68.8141 -0.0334 0.4519 0.0089 0.8914
51.0512 353.4871 0.8826 69.4134 -0.0346 0.4521 0.0106 0.8912
51.1549 354.3135 0.9267 69.9965 -0.0352 0.4522 0.0123 0.8911
51.2586 355.1196 0.9905 70.6039 -0.0358 0.4524 0.0121 0.8910
51.3623 355.9392 1.0399 71.2033 -0.0346 0.4525 0.0121 0.8910
51.4659 356.7533 1.0790 71.7976 -0.0333 0.4525 0.0122 0.8911
51.5697 357.5557 1.1271 72.3933 -0.0332 0.4523 0.0132 0.8911
51.6733 358.3319 1.1814 72.9776 -0.0337 0.4522 0.0153 0.8911
51.7769 359.1492 1.2304 73.5604 -0.0341 0.4523 0.0155 0.8911
51.8807 359.9943 1.2837 74.1668 -0.0330 0.4526 0.0161 0.8910
51.9843 360.7975 1.3288 74.7547 -0.0321 0.4526 0.0152 0.8910
52.0881 361.6201 1.3827 75.3609 -0.0316 0.4533 0.0178 0.8906
52.1917 362.4390 1.4354 75.9724 -0.0321 0.4534 0.0188 0.8905
52.2954 363.2578 1.4862 76.5782 -0.0326 0.4536 0.0199 0.8904
52.3992 364.0818 1.5334 77.1528 -0.0323 0.4527 0.0217 0.8908
52.5029 364.8601 1.5825 77.7337 -0.0322 0.4526 0.0235 0.8908
52.6067 365.6956 1.6549 78.3401 -0.0305 0.4525 0.0278 0.8908
52.7104 366.5036 1.6977 78.9327 -0.0300 0.4520 0.0303 0.8910
52.8142 367.3174 1.7568 79.5085 -0.0302 0.4516 0.0318 0.8912
52.9179 368.1034 1.8187 80.0952 -0.0303 0.4508 0.0327 0.8915
53.0217 368.9169 1.8834 80.6958 -0.0302 0.4504 0.0343 0.8917
53.1254 369.6752 1.9334 81.2641 -0.0308 0.4498 0.0344 0.8920
53.2292 370.4527 1.9914 81.8412 -0.0307 0.4488 0.0347 0.8924
53.3329 371.2189 2.0469 82.4111 -0.0307 0.4479 0.0357 0.8928
53.4365 371.9554 2.1066 82.9767 -0.0316 0.4477 0.0369 0.8929
53.5403 372.6802 2.1764 83.5169 -0.0337 0.4466 0.0374 0.8933
53.6441 373.3743 2.2375 84.0430 -0.0367 0.4464 0.0377 0.8933
53.7478 374.0714 2.3100 84.6037 -0.0412 0.4467 0.0363 0.8930
53.8516 374.7715 2.3714 85.1258 -0.0444 0.4466 0.0335 0.8930
53.9553 375.4260 2.4448 85.6593 -0.0460 0.4472 0.0324 0.8927
54.0590 376.1257 2.5156 86.1931 -0.0478 0.4475 0.0290 0.8925
54.1628 376.7581 2.5855 86.6774 -0.0486 0.4477 0.0274 0.8924
54.2666 377.3822 2.6422 87.1454 -0.0490 0.4477 0.0252 0.8925
54.3702 378.0365 2.7122 87.6451 -0.0480 0.4481 0.0256 0.8923
54.4739 378.6199 2.7754 88.1023 -0.0475 0.4484 0.0253 0.8922
54.5776 379.2598 2.8263 88.5579 -0.0471 0.4490 0.0259 0.8919
54.6813 379.8971 2.8916 89.0442 -0.0469 0.4503 0.0264 0.8913
54.7851 380.4508 2.9480 89.4610 -0.0473 0.4515 0.0257 0.8906
54.8888 381.0119 3.0212 89.8806 -0.0486 0.4538 0.0243 0.8895
54.9927 381.5770 3.0727 90.2764 -0.0500 0.4570 0.0235 0.8878
55.0964 382.1707 3.1270 90.7253 -0.0496 0.4603 0.0233 0.8861
55.2002 382.7664 3.1672 91.1313 -0.0479 0.4637 0.0215 0.8844
55.3040 383.3596 3.2258 91.5762 -0.0463 0.4678 0.0189 0.8824
55.4078 383.9427 3.2798 91.9425 -0.0459 0.4722 0.0167 0.8802
55.5117 384.5138 3.3407 92.3030 -0.0473 0.4775 0.0164 0.8772
55.6154 385.1388 3.4174 92.6894 -0.0501 0.4818 0.0166 0.8747
55.7192 385.7223 3.4678 93.0728 -0.0536 0.4870 0.0169 0.8716
55.8229 386.3594 3.5357 93.4610 -0.0552 0.4915 0.0177 0.8689
55.9267 387.0092 3.6018 93.7885 -0.0559 0.4967 0.0181 0.8659
56.0304 387.6707 3.6654 94.1588 -0.0549 0.5018 0.0183 0.8630
56.1341 388.2906 3.7252 94.5325 -0.0526 0.5060 0.0194 0.8607
56.2378 388.9376 3.7676 94.8589 -0.0494 0.5086 0.0204 0.8593
56.3416 389.5940 3.8361 95.2276 -0.0471 0.5113 0.0225 0.8578
56.4453 390.2607 3.8958 95.5617 -0.0483 0.5141 0.0256 0.8560
56.5491 390.9772 4.0003 95.9358 -0.0527 0.5164 0.0311 0.8542
56.6529 391.6597 4.0862 96.2829 -0.0602 0.5176 0.0343 0.8528
56.7567 392.3615 4.2037 96.6556 -0.0650 0.5200 0.0376 0.8508
56.8604 393.0425 4.2796 97.0011 -0.0675 0.5222 0.0386 0.8493
56.9643 393.7333 4.3703 97.3471 -0.0674 0.5246 0.0377 0.8478
57.0681 394.4388 4.4761 97.6978 -0.0673 0.5274 0.0377 0.8461
57.1719 395.1595 4.5892 98.0389 -0.0672 0.5298 0.0408 0.8444
57.2756 395.8818 4.6956 98.3969 -0.0684 0.5323 0.0431 0.8427
57.3793 396.6061 4.8223 98.7270 -0.0699 0.5350 0.0451 0.8408
57.4831 397.3533 4.9314 99.0621 -0.0690 0.5370 0.0477 0.8394
57.5868 398.0753 5.0398 99.4145 -0.0694 0.5398 0.0475 0.8376
57.6906 398.7784 5.1618 99.7125 -0.0700 0.5424 0.0455 0.8360
57.7943 399.4507 5.2462 100.0079 -0.0679 0.5453 0.0486 0.8341
57.8982 400.2005 5.3702 100.3405 -0.0681 0.5491 0.0484 0.8316
58.0019 400.8787 5.4597 100.6302 -0.0686 0.5530 0.0485 0.8290
58.1058 401.5762 5.5696 100.8976 -0.0677 0.5573 0.0492 0.8261
58.2097 402.2890 5.6708 101.1816 -0.0683 0.5614 0.0490 0.8233
58.3134 402.9363 5.7925 101.4029 -0.0678 0.5656 0.0499 0.8203
58.4173 403.6350 5.8685 101.6658 -0.0655 0.5706 0.0519 0.8170
58.5211 404.3263 5.9596 101.9018 -0.0633 0.5755 0.0511 0.8137
58.6249 405.0238 6.0476 102.1400 -0.0632 0.5807 0.0449 0.8104
58.7287 405.6883 6.1501 102.3399 -0.0615 0.5871 0.0400 0.8062
58.8327 406.3523 6.2367 102.5624 -0.0603 0.5940 0.0378 0.8013
58.9366 407.0374 6.3296 102.7410 -0.0587 0.6016 0.0364 0.7958
59.0404 407.7104 6.4092 102.9226 -0.0562 0.6099 0.0361 0.7897
59.1443 408.3897 6.4951 103.0389 -0.0528 0.6186 0.0349 0.7831
59.2482 409.0966 6.5621 103.1751 -0.0482 0.6270 0.0346 0.7768
59.3521 409.8116 6.6258 103.2957 -0.0448 0.6348 0.0355 0.7705
59.4558 410.5100 6.6879 103.3913 -0.0429 0.6421 0.0365 0.7646
59.5596 411.2312 6.7561 103.5008 -0.0436 0.6492 0.0388 0.7584
59.6633 412.0092 6.8435 103.6161 -0.0473 0.6549 0.0408 0.7531
59.7669 412.7513 6.9272 103.6926 -0.0490 0.6597 0.0447 0.7486
59.8707 413.4909 6.9984 103.7604 -0.0512 0.6635 0.0475 0.7449
59.9743 414.2304 7.0848 103.8505 -0.0529 0.6664 0.0476 0.7422
60.0781 415.0189 7.1775 103.9498 -0.0544 0.6696 0.0477 0.7392
60.1818 415.7538 7.2742 104.0082 -0.0565 0.6719 0.0484 0.7369
60.2856 416.4915 7.3859 104.0837 -0.0591 0.6746 0.0466 0.7343
60.3893 417.2530 7.4684 104.1700 -0.0592 0.6769 0.0386 0.7327
60.4931 417.9832 7.5258 104.2320 -0.0542 0.6790 0.0312 0.7315
60.5968 418.7547 7.5684 104.2775 -0.0503 0.6812 0.0263 0.7299
60.7006 419.5185 7.6472 104.3458 -0.0519 0.6825 0.0240 0.7286
60.8042 420.3413 7.7541 104.4055 -0.0573 0.6826 0.0243 0.7281
60.9080 421.0870 7.8748 104.4749 -0.0586 0.6821 0.0237 0.7285
61.0116 421.8859 7.8974 104.5387 -0.0559 0.6814 0.0188 0.7295
61.1153 422.5950 7.9262 104.5933 -0.0477 0.6803 0.0099 0.7313
61.2189 423.3242 7.9596 104.6552 -0.0428 0.6785 0.0033 0.7333
61.3227 424.0647 8.0083 104.7423 -0.0432 0.6768 0.0026 0.7349
61.4264 424.8393 8.0842 104.8170 -0.0484 0.6758 0.0044 0.7355
61.5302 425.6132 8.1312 104.8722 -0.0505 0.6750 0.0066 0.7361
61.6338 426.3123 8.1608 104.9327 -0.0488 0.6740 0.0068 0.7371
61.7376 427.0137 8.1711 105.0192 -0.0453 0.6730 0.0045 0.7383
61.8413 427.7322 8.2054 105.1048 -0.0418 0.6717 0.0034 0.7397
61.9451 428.4459 8.2504 105.1506 -0.0397 0.6718 0.0038 0.7397
62.0488 429.1331 8.2800 105.2144 -0.0364 0.6714 0.0037 0.7402
62.1526 429.7849 8.2879 105.2935 -0.0350 0.6718 0.0016 0.7399
62.2564 430.4506 8.3092 105.3668 -0.0335 0.6721 -0.0003 0.7397
62.3601 431.1317 8.3288 105.4580 -0.0340 0.6725 -0.0034 0.7393
62.4640 431.7514 8.3405 105.5224 -0.0344 0.6749 -0.0053 0.7371
62.5679 432.4085 8.3483 105.5252 -0.0357 0.6793 -0.0077 0.7330
62.6718 433.0717 8.3710 105.5966 -0.0358 0.6857 -0.0094 0.7270
62.7758 433.7366 8.3645 105.6131 -0.0350 0.6923 -0.0093 0.7207
62.8798 434.3564 8.3809 105.6145 -0.0334 0.6989 -0.0081 0.7144
62.9837 434.9573 8.3869 105.5999 -0.0321 0.7054 -0.0077 0.7080
63.0876 435.5568 8.3835 105.5854 -0.0311 0.7118 -0.0075 0.7016
63.1914 436.0965 8.3815 105.5730 -0.0308 0.7177 -0.0073 0.6957
63.2954 436.6573 8.3885 105.5186 -0.0314 0.7242 -0.0076 0.6888
63.3993 437.2110 8.4081 105.4953 -0.0321 0.7308 -0.0077 0.6818
63.5032 437.7205 8.4088 105.4152 -0.0318 0.7373 -0.0082 0.6748
63.6071 438.1292 8.4034 105.3723 -0.0289 0.7427 -0.0088 0.6690
63.7108 438.5453 8.3805 105.3021 -0.0236 0.7481 -0.0093 0.6631
63.8147 438.9459 8.3680 105.2166 -0.0181 0.7530 -0.0114 0.6577
63.9184 439.3396 8.3589 105.1576 -0.0149 0.7572 -0.0140 0.6528
64.0222 439.6873 8.3602 105.1174 -0.0133 0.7607 -0.0171 0.6487
64.1260 440.0396 8.3555 105.0325 -0.0117 0.7640 -0.0184 0.6449
64.2297 440.3802 8.3417 104.9912 -0.0097 0.7665 -0.0182 0.6419
64.3333 440.6688 8.3312 104.9121 -0.0065 0.7689 -0.0152 0.6392
64.4371 440.9805 8.3052 104.8294 -0.0044 0.7706 -0.0124 0.6372
64.5407 441.2412 8.3034 104.7911 -0.0056 0.7723 -0.0120 0.6352
64.6444 441.5113 8.2860 104.7254 -0.0081 0.7737 -0.0132 0.6333
64.7481 441.7543 8.2945 104.6958 -0.0112 0.7750 -0.0146 0.6317
64.8517 441.9869 8.2884 104.6493 -0.0124 0.7761 -0.0149 0.6303
64.9553 442.1537 8.2784 104.5941 -0.0117 0.7768 -0.0144 0.6295
65.0591 442.3389 8.2589 104.5634 -0.0095 0.7773 -0.0138 0.6289
65.1627 442.4971 8.2495 104.5213 -0.0073 0.7778 -0.0127 0.6284
65.2663 442.6392 8.2445 104.4968 -0.0059 0.7774 -0.0132 0.6288
65.3701 442.7946 8.2366 104.4769 -0.0057 0.7769 -0.0147 0.6294
65.4737 442.9438 8.2374 104.4289 -0.0048 0.7761 -0.0131 0.6304
65.5774 443.0959 8.2310 104.3832 -0.0033 0.7748 -0.0099 0.6321
65.6811 443.2413 8.2360 104.3435 -0.0017 0.7731 -0.0068 0.6343
65.7848 443.3835 8.2214 104.3131 -0.0005 0.7718 -0.0064 0.6359
65.8886 443.5421 8.2158 104.3272 -0.0010 0.7704 -0.0079 0.6375
65.9922 443.6738 8.2092 104.2974 -0.0016 0.7690 -0.0094 0.6392
66.0959 443.8360 8.2006 104.2990 -0.0022 0.7674 -0.0111 0.6411
66.1997 443.9777 8.1910 104.2407 -0.0020 0.7653 -0.0110 0.6436
66.3033 444.1479 8.1840 104.2282 -0.0020 0.7633 -0.0110 0.6460
66.4071 444.3413 8.1882 104.2223 -0.0048 0.7612 -0.0127 0.6484
66.5107 444.5684 8.1923 104.2080 -0.0087 0.7582 -0.0143 0.6518
66.6143 444.8061 8.1998 104.2012 -0.0112 0.7553 -0.0155 0.6551
66.7181 445.0270 8.1909 104.1672 -0.0109 0.7521 -0.0140 0.6588
66.8217 445.2615 8.1825 104.1399 -0.0089 0.7483 -0.0108 0.6632
66.9254 445.5105 8.1630 104.1123 -0.0081 0.7446 -0.0091 0.6674
67.0291 445.7656 8.1760 104.1119 -0.0067 0.7395 -0.0074 0.6731
67.1328 446.0366 8.1465 104.0808 -0.0058 0.7340 -0.0066 0.6791
67.2364 446.3155 8.1600 104.0930 -0.0056 0.7279 -0.0057 0.6856
67.3401 446.6050 8.1399 104.0845 -0.0057 0.7209 -0.0050 0.6930
67.4437 446.8917 8.1444 104.0982 -0.0055 0.7133 -0.0052 0.7009
67.5473 447.1893 8.1298 104.1256 -0.0055 0.7055 -0.0062 0.7087
67.6511 447.5014 8.1289 104.1602 -0.0065 0.6972 -0.0099 0.7168
67.7547 447.8398 8.1248 104.2074 -0.0071 0.6886 -0.0127 0.7250
67.8583 448.1670 8.1375 104.2642 -0.0080 0.6794 -0.0130 0.7336
67.9621 448.5268 8.1122 104.3218 -0.0073 0.6699 -0.0112 0.7423
68.0657 448.8742 8.1099 104.3834 -0.0068 0.6607 -0.0099 0.7506
68.1693 449.2491 8.1045 104.4648 -0.0070 0.6506 -0.0100 0.7594
68.2731 449.6428 8.0950 104.5568 -0.0075 0.6406 -0.0099 0.7677
68.3767 450.0263 8.0996 104.6855 -0.0079 0.6308 -0.0103 0.7759
68.4803 450.4632 8.0924 104.7713 -0.0074 0.6203 -0.0100 0.7843
68.5841 450.8747 8.0856 104.9056 -0.0073 0.6108 -0.0096 0.7917
68.6878 451.3065 8.0842 105.0711 -0.0069 0.6021 -0.0090 0.7983
68.7916 451.7726 8.0782 105.2219 -0.0071 0.5933 -0.0087 0.8049
68.8953 452.2138 8.0680 105.3802 -0.0070 0.5856 -0.0082 0.8105
68.9991 452.7426 8.0689 105.5700 -0.0069 0.5782 -0.0084 0.8159
69.1028 453.2327 8.0605 105.7830 -0.0062 0.5708 -0.0079 0.8210
69.2066 453.7633 8.0578 105.9871 -0.0053 0.5631 -0.0062 0.8264
69.3103 454.2973 8.0471 106.2316 -0.0041 0.5552 -0.0045 0.8317
69.4139 454.8243 8.0379 106.4668 -0.0031 0.5472 -0.0032 0.8370
69.5177 455.3666 8.0330 106.7522 -0.0028 0.5398 -0.0028 0.8418
69.6214 455.9015 8.0279 107.0327 -0.0024 0.5329 -0.0033 0.8462
69.7253 456.4786 8.0214 107.3279 -0.0026 0.5267 -0.0042 0.8501
69.8291 457.0644 8.0168 107.6353 -0.0032 0.5211 -0.0037 0.8535
69.9328 457.6591 8.0067 107.9539 -0.0041 0.5164 -0.0035 0.8563
70.0367 458.2474 8.0119 108.3253 -0.0054 0.5126 -0.0030 0.8586
70.1406 458.8593 8.0093 108.6428 -0.0062 0.5097 -0.0023 0.8603
70.2443 459.4877 7.9984 109.0105 -0.0068 0.5069 -0.0028 0.8619
70.3482 460.1116 7.9965 109.3815 -0.0073 0.5055 -0.0030 0.8628
70.4519 460.7502 7.9994 109.7558 -0.0075 0.5039 -0.0032 0.8637
70.5558 461.4396 7.9924 110.1272 -0.0076 0.5023 -0.0039 0.8646
70.6596 462.1196 7.9912 110.5391 -0.0071 0.5012 -0.0033 0.8653
70.7633 462.8024 7.9823 110.9307 -0.0064 0.4995 -0.0032 0.8663
70.8672 463.5318 7.9733 111.3512 -0.0057 0.4986 -0.0035 0.8668
70.9708 464.2054 7.9738 111.7401 -0.0051 0.4974 -0.0038 0.8675
71.0747 464.9391 7.9702 112.1809 -0.0042 0.4962 -0.0036 0.8682
71.1784 465.6408 7.9587 112.6204 -0.0032 0.4953 -0.0025 0.8687
71.2822 466.4009 7.9481 113.0528 -0.0017 0.4943 -0.0014 0.8693
71.3859 467.1547 7.9412 113.5069 -0.0012 0.4933 -0.0010 0.8698
71.4896 467.8626 7.9265 113.9411 -0.0005 0.4925 -0.0020 0.8703
71.5933 468.6460 7.9070 114.3983 0.0007 0.4919 -0.0027 0.8706
71.6972 469.4016 7.8946 114.8803 0.0019 0.4918 -0.0034 0.8707
71.8010 470.1723 7.8850 115.3646 0.0011 0.4917 -0.0038 0.8708
71.9047 470.9723 7.8658 115.8534 -0.0000 0.4917 -0.0034 0.8708
72.0085 471.7791 7.8543 116.3391 -0.0007 0.4915 -0.0022 0.8709
72.1122 472.6244 7.8366 116.8407 -0.0001 0.4913 -0.0020 0.8710
72.2160 473.4179 7.8253 117.3429 0.0008 0.4910 -0.0010 0.8712
72.3197 474.2640 7.8035 117.8298 0.0016 0.4905 -0.0002 0.8715
72.4235 475.1019 7.7891 118.3445 0.0016 0.4902 0.0002 0.8716
72.5272 475.9571 7.7670 118.8789 0.0018 0.4901 0.0007 0.8717
72.6309 476.7910 7.7557 119.3892 0.0022 0.4896 0.0018 0.8720
72.7347 477.6489 7.7306 119.9255 0.0019 0.4893 0.0006 0.8721
72.8385 478.5323 7.7187 120.4702 0.0022 0.4890 0.0000 0.8723
72.9422 479.4033 7.7092 121.0287 0.0020 0.4887 -0.0002 0.8724
73.0460 480.3133 7.6803 121.5664 0.0016 0.4888 0.0005 0.8724
73.1497 481.1972 7.6678 122.1289 0.0004 0.4895 -0.0010 0.8720
73.2535 482.1136 7.6571 122.7076 0.0003 0.4903 -0.0025 0.8715
73.3572 483.0221 7.6282 123.2787 0.0006 0.4924 -0.0043 0.8704
73.4611 483.9419 7.6022 123.8292 0.0004 0.4957 -0.0066 0.8685
73.5649 484.8511 7.5835 124.3828 -0.0002 0.5001 -0.0097 0.8659
73.6688 485.7904 7.5491 124.9111 -0.0007 0.5060 -0.0126 0.8624
73.7727 486.7483 7.5201 125.4416 -0.0015 0.5125 -0.0137 0.8586
73.8767 487.7386 7.4869 125.9908 -0.0028 0.5200 -0.0141 0.8541
73.9806 488.7177 7.4619 126.4713 -0.0049 0.5271 -0.0140 0.8497
74.0845 489.6938 7.4420 126.9527 -0.0056 0.5346 -0.0147 0.8450
74.1885 490.7189 7.3987 127.4221 -0.0048 0.5427 -0.0156 0.8398
74.2923 491.7034 7.3800 127.8558 -0.0037 0.5507 -0.0174 0.8345
74.3962 492.7267 7.3397 128.3046 -0.0035 0.5594 -0.0178 0.8287
74.5001 493.7721 7.3140 128.6949 -0.0045 0.5682 -0.0179 0.8227
74.6038 494.8297 7.2831 129.0570 -0.0044 0.5779 -0.0173 0.8159
74.7078 495.8871 7.2283 129.4214 -0.0036 0.5884 -0.0183 0.8084
74.8117 496.9176 7.2076 129.7119 -0.0024 0.5990 -0.0219 0.8005
74.9155 497.9718 7.1290 130.0379 -0.0008 0.6102 -0.0232 0.7919
75.0193 499.0458 7.1100 130.3138 -0.0010 0.6212 -0.0278 0.7832
75.1233 500.1003 7.0259 130.5443 0.0013 0.6333 -0.0275 0.7735
75.2271 501.2139 6.9880 130.7574 0.0009 0.6451 -0.0304 0.7635
75.3310 502.3031 6.9191 130.9042 0.0027 0.6560 -0.0306 0.7541
75.4348 503.4062 6.8339 131.0360 0.0057 0.6670 -0.0316 0.7444
75.5386 504.5249 6.7618 131.1491 0.0083 0.6763 -0.0318 0.7359
75.6422 505.6675 6.6721 131.2140 0.0096 0.6851 -0.0314 0.7277
75.7459 506.7583 6.5871 131.2526 0.0103 0.6936 -0.0310 0.7196
75.8496 507.8608 6.5096 131.2893 0.0106 0.7016 -0.0322 0.7118
75.9533 509.0103 6.4284 131.2995 0.0117 0.7096 -0.0335 0.7037
76.0570 510.1332 6.3326 131.2745 0.0125 0.7171 -0.0333 0.6960
76.1606 511.2717 6.2406 131.2034 0.0128 0.7231 -0.0309 0.6899
76.2642 512.3768 6.1523 131.1252 0.0141 0.7276 -0.0286 0.6853
76.3677 513.5119 6.0570 131.0570 0.0173 0.7311 -0.0273 0.6815
76.4713 514.6326 5.9643 130.9589 0.0187 0.7330 -0.0276 0.6794
76.5750 515.7812 5.8754 130.8780 0.0188 0.7347 -0.0279 0.6776
76.6786 516.8944 5.7840 130.8008 0.0191 0.7357 -0.0282 0.6765
76.7822 518.0314 5.6996 130.6990 0.0190 0.7367 -0.0292 0.6753
76.8859 519.1780 5.6003 130.6217 0.0203 0.7382 -0.0300 0.6736
76.9896 520.3239 5.4979 130.4960 0.0216 0.7389 -0.0305 0.6727
77.0932 521.5011 5.3901 130.3939 0.0214 0.7400 -0.0301 0.6715
77.1970 522.6776 5.2974 130.2760 0.0208 0.7412 -0.0287 0.6703
77.3006 523.8732 5.2029 130.1985 0.0199 0.7418 -0.0274 0.6698
77.4042 525.0580 5.1033 130.0793 0.0196 0.7423 -0.0282 0.6692
77.5078 526.2395 5.0084 129.9523 0.0204 0.7426 -0.0303 0.6687
77.6116 527.4709 4.8932 129.8333 0.0212 0.7423 -0.0314 0.6690
77.7152 528.6934 4.7829 129.7040 0.0221 0.7422 -0.0308 0.6691
77.8190 529.9076 4.6776 129.5919 0.0217 0.7419 -0.0312 0.6694
77.9227 531.1467 4.5689 129.4864 0.0214 0.7420 -0.0319 0.6693
78.0263 532.4006 4.4639 129.3586 0.0209 0.7427 -0.0329 0.6685
78.1301 533.6675 4.3501 129.2397 0.0207 0.7434 -0.0324 0.6677
78.2338 534.9134 4.2402 129.1082 0.0204 0.7444 -0.0323 0.6667
78.3375 536.1702 4.1202 128.9874 0.0207 0.7449 -0.0323 0.6661
78.4412 537.4406 4.0095 128.8497 0.0209 0.7458 -0.0324 0.6651
78.5448 538.7258 3.9001 128.7176 0.0209 0.7468 -0.0324 0.6639
78.6486 540.0109 3.7823 128.5635 0.0205 0.7479 -0.0320 0.6627
78.7523 541.2859 3.6703 128.4105 0.0194 0.7489 -0.0324 0.6616
78.8560 542.6120 3.5533 128.2651 0.0192 0.7503 -0.0320 0.6601
78.9597 543.9131 3.4424 128.1073 0.0185 0.7514 -0.0324 0.6588
79.0633 545.2342 3.3269 127.9376 0.0184 0.7522 -0.0330 0.6578
79.1671 546.5896 3.2017 127.7503 0.0182 0.7533 -0.0333 0.6566
79.2708 547.8987 3.0904 127.5680 0.0189 0.7541 -0.0330 0.6556
79.3745 549.2350 2.9614 127.4022 0.0189 0.7546 -0.0335 0.6551
79.4782 550.5954 2.8392 127.2157 0.0190 0.7557 -0.0339 0.6537
79.5820 551.9556 2.7240 127.0316 0.0192 0.7568 -0.0337 0.6525
79.6857 553.3304 2.6027 126.8209 0.0186 0.7580 -0.0341 0.6511
79.7895 554.6785 2.4781 126.6254 0.0185 0.7593 -0.0340 0.6496
79.8932 556.0928 2.3523 126.4103 0.0186 0.7607 -0.0338 0.6480
79.9970 557.4956 2.2275 126.1888 0.0190 0.7620 -0.0337 0.6464
80.1006 558.8542 2.1073 125.9746 0.0191 0.7626 -0.0340 0.6457
80.2043 560.2745 1.9720 125.7462 0.0199 0.7633 -0.0335 0.6448
80.3080 561.6993 1.8443 125.5055 0.0199 0.7638 -0.0337 0.6443
80.4117 563.1171 1.7123 125.2678 0.0205 0.7642 -0.0331 0.6439
80.5153 564.5377 1.5922 125.0209 0.0205 0.7646 -0.0330 0.6433
80.6191 565.9622 1.4549 124.7989 0.0214 0.7650 -0.0327 0.6428
80.7227 567.4138 1.3186 124.5464 0.0219 0.7653 -0.0326 0.6424
80.8264 568.8641 1.1985 124.2873 0.0220 0.7656 -0.0317 0.6422
80.9301 570.3088 1.0673 124.0474 0.0219 0.7658 -0.0319 0.6419
81.0338 571.7223 0.9261 123.7998 0.0215 0.7663 -0.0321 0.6414
81.1375 573.1787 0.8049 123.5435 0.0211 0.7668 -0.0316 0.6408
81.2412 574.6410 0.6784 123.2889 0.0211 0.7668 -0.0306 0.6408
81.3449 576.1263 0.5376 123.0318 0.0211 0.7673 -0.0303 0.6402
81.4486 577.6592 0.3995 122.7610 0.0211 0.7672 -0.0313 0.6402
81.5523 579.1161 0.2667 122.5148 0.0222 0.7673 -0.0308 0.6402
81.6561 580.5583 0.1309 122.2550 0.0218 0.7674 -0.0311 0.6400
81.7597 582.0130 -0.0006 122.0039 0.0222 0.7674 -0.0306 0.6400
81.8635 583.4933 -0.1338 121.7383 0.0217 0.7674 -0.0315 0.6401
81.9671 584.9872 -0.2802 121.4705 0.0229 0.7672 -0.0317 0.6403
82.0708 586.4803 -0.4256 121.2117 0.0235 0.7669 -0.0317 0.6405
82.1745 587.9382 -0.5690 120.9453 0.0242 0.7664 -0.0310 0.6411
82.2782 589.4567 -0.7221 120.6826 0.0248 0.7661 -0.0292 0.6416
82.3820 590.9470 -0.8574 120.4077 0.0250 0.7654 -0.0285 0.6425
82.4857 592.4149 -0.9961 120.1690 0.0236 0.7653 -0.0292 0.6426
82.5894 593.9017 -1.1381 119.9202 0.0243 0.7649 -0.0285 0.6430
82.6931 595.3577 -1.2740 119.6714 0.0246 0.7646 -0.0287 0.6434
82.7969 596.8454 -1.4139 119.4235 0.0244 0.7645 -0.0291 0.6436
82.9006 598.2886 -1.5563 119.1858 0.0243 0.7642 -0.0285 0.6439
83.0042 599.7626 -1.6917 118.9382 0.0239 0.7639 -0.0292 0.6442
83.1078 601.2400 -1.8280 118.6893 0.0233 0.7639 -0.0296 0.6442
83.2116 602.7838 -1.9675 118.4595 0.0232 0.7640 -0.0287 0.6442
83.3152 604.2527 -2.0981 118.1909 0.0228 0.7639 -0.0281 0.6444
83.4190 605.6768 -2.2403 117.9350 0.0249 0.7636 -0.0256 0.6448
83.5226 607.1553 -2.3671 117.7074 0.0269 0.7631 -0.0250 0.6452
83.6262 608.6241 -2.5084 117.4551 0.0276 0.7631 -0.0264 0.6451
83.7300 610.1093 -2.6469 117.2015 0.0262 0.7630 -0.0277 0.6453
83.8336 611.5559 -2.7786 116.9781 0.0251 0.7627 -0.0275 0.6457
83.9373 613.0480 -2.9159 116.7375 0.0244 0.7625 -0.0278 0.6460
84.0410 614.5421 -3.0491 116.4957 0.0236 0.7622 -0.0288 0.6462
84.1447 616.0177 -3.1910 116.2652 0.0236 0.7620 -0.0292 0.6464
84.2484 617.5313 -3.3298 116.0206 0.0229 0.7618 -0.0298 0.6468
84.3521 618.9745 -3.4600 115.7921 0.0220 0.7619 -0.0297 0.6467
84.4557 620.4556 -3.6040 115.5666 0.0228 0.7621 -0.0291 0.6464
84.5594 621.8945 -3.7334 115.3210 0.0230 0.7618 -0.0294 0.6467
84.6630 623.3663 -3.8703 115.0824 0.0238 0.7617 -0.0283 0.6468
84.7667 624.8560 -4.0072 114.8455 0.0242 0.7617 -0.0272 0.6469
84.8703 626.3032 -4.1394 114.6323 0.0246 0.7613 -0.0275 0.6474
84.9740 627.7564 -4.2866 114.3919 0.0247 0.7607 -0.0298 0.6479
85.0777 629.2163 -4.4326 114.1706 0.0235 0.7607 -0.0303 0.6479
85.1813 630.6614 -4.5658 113.9484 0.0222 0.7603 -0.0306 0.6485
85.2851 632.1096 -4.7109 113.7132 0.0208 0.7603 -0.0303 0.6485
85.3887 633.5522 -4.8428 113.5024 0.0207 0.7602 -0.0292 0.6487
85.4925 634.9764 -4.9809 113.2707 0.0211 0.7600 -0.0277 0.6490
85.5961 636.3496 -5.1032 113.0756 0.0212 0.7602 -0.0278 0.6488
85.6997 637.7330 -5.2360 112.8609 0.0209 0.7604 -0.0282 0.6484
85.8034 639.1073 -5.3543 112.6615 0.0206 0.7607 -0.0283 0.6482
85.9071 640.5037 -5.4901 112.4344 0.0203 0.7610 -0.0284 0.6478
86.0108 641.8656 -5.6141 112.2285 0.0197 0.7612 -0.0286 0.6476
86.1145 643.2256 -5.7459 112.0203 0.0194 0.7614 -0.0284 0.6474
86.2182 644.5182 -5.8621 111.8163 0.0181 0.7616 -0.0277 0.6472
86.3218 645.8116 -5.9796 111.5983 0.0171 0.7619 -0.0268 0.6469
86.4256 647.0792 -6.0869 111.4125 0.0175 0.7623 -0.0268 0.6464
86.5292 648.3206 -6.2154 111.2197 0.0192 0.7623 -0.0282 0.6464
86.6330 649.5030 -6.3263 111.0468 0.0191 0.7625 -0.0286 0.6460
86.7367 650.7210 -6.4406 110.8393 0.0187 0.7624 -0.0277 0.6463
86.8403 651.8584 -6.5404 110.6632 0.0185 0.7617 -0.0264 0.6471
86.9441 652.9497 -6.6518 110.4932 0.0182 0.7614 -0.0264 0.6475
87.0477 654.0589 -6.7492 110.3142 0.0174 0.7609 -0.0265 0.6481
87.1514 655.0797 -6.8550 110.1512 0.0166 0.7603 -0.0254 0.6489
87.2550 656.1282 -6.9484 110.0021 0.0163 0.7596 -0.0235 0.6498
87.3587 657.0877 -7.0227 109.8716 0.0151 0.7595 -0.0234 0.6499
87.4625 657.9996 -7.1199 109.7296 0.0155 0.7591 -0.0234 0.6503
87.5662 658.8938 -7.1916 109.6097 0.0161 0.7590 -0.0240 0.6504
87.6699 659.7147 -7.2703 109.4734 0.0165 0.7589 -0.0241 0.6506
87.7736 660.5200 -7.3423 109.3559 0.0157 0.7589 -0.0249 0.6505
87.8773 661.3015 -7.4053 109.2450 0.0146 0.7597 -0.0262 0.6495
87.9812 662.0096 -7.4712 109.1387 0.0132 0.7627 -0.0275 0.6460
88.0852 662.7107 -7.5305 109.0311 0.0120 0.7681 -0.0290 0.6396
88.1892 663.3455 -7.5906 108.8962 0.0109 0.7755 -0.0305 0.6305
88.2933 663.9530 -7.6512 108.7468 0.0108 0.7843 -0.0317 0.6195
88.3975 664.5495 -7.7071 108.5862 0.0121 0.7945 -0.0324 0.6062
88.5016 665.1172 -7.7723 108.3730 0.0140 0.8061 -0.0325 0.5907
88.6058 665.6964 -7.8224 108.1485 0.0147 0.8192 -0.0324 0.5724
88.7101 666.1954 -7.8736 107.9031 0.0147 0.8332 -0.0320 0.5519
88.8143 666.7301 -7.9303 107.6159 0.0141 0.8474 -0.0315 0.5298
88.9186 667.2104 -7.9727 107.3083 0.0140 0.8620 -0.0308 0.5058
89.0228 667.6467 -8.0309 106.9914 0.0143 0.8765 -0.0310 0.4801
89.1271 668.0948 -8.0949 106.6283 0.0155 0.8914 -0.0318 0.4519
89.2313 668.4852 -8.1372 106.2805 0.0159 0.9055 -0.0331 0.4228
89.3356 668.8497 -8.1836 105.8726 0.0169 0.9188 -0.0350 0.3929
89.4396 669.1699 -8.2198 105.4689 0.0205 0.9310 -0.0361 0.3626
89.5437 669.4146 -8.3006 105.0657 0.0247 0.9422 -0.0348 0.3325
89.6478 669.7046 -8.3414 104.5965 0.0254 0.9524 -0.0346 0.3019
89.7518 669.9292 -8.3765 104.1587 0.0249 0.9617 -0.0346 0.2707
89.8558 670.1068 -8.4138 103.6660 0.0254 0.9700 -0.0340 0.2394
89.9597 670.2954 -8.4763 103.2021 0.0282 0.9772 -0.0336 0.2078
90.0637 670.4329 -8.5249 102.7029 0.0317 0.9832 -0.0345 0.1765
90.1676 670.5675 -8.5739 102.1902 0.0327 0.9884 -0.0374 0.1438
90.2715 670.6420 -8.6178 101.6775 0.0327 0.9925 -0.0408 0.1107
90.3755 670.6767 -8.6533 101.1380 0.0332 0.9955 -0.0427 0.0782
90.4793 670.6718 -8.7037 100.6010 0.0331 0.9975 -0.0423 0.0455
90.5831 670.6652 -8.7504 100.0591 0.0339 0.9985 -0.0417 0.0122
90.6870 670.6245 -8.8042 99.4751 0.0343 0.9983 -0.0422 -0.0215
90.7908 670.5294 -8.8524 98.9206 0.0346 0.9969 -0.0445 -0.0554
90.8946 670.4063 -8.9126 98.3420 0.0343 0.9943 -0.0469 -0.0890
90.9985 670.2069 -8.9601 97.7918 0.0342 0.9907 -0.0494 -0.1225
91.1021 669.9967 -9.0028 97.2446 0.0347 0.9861 -0.0507 -0.1546
91.2058 669.7288 -9.0653 96.6505 0.0360 0.9807 -0.0509 -0.1852
91.3095 669.4403 -9.1251 96.1012 0.0368 0.9746 -0.0518 -0.2148
91.4130 669.1217 -9.1789 95.5458 0.0375 0.9685 -0.0521 -0.2408
91.5166 668.7463 -9.2398 94.9913 0.0382 0.9621 -0.0536 -0.2648
91.6202 668.3746 -9.2891 94.4504 0.0385 0.9560 -0.0551 -0.2857
91.7237 667.9541 -9.3425 93.8890 0.0394 0.9504 -0.0561 -0.3035
91.8272 667.5114 -9.4153 93.3507 0.0400 0.9456 -0.0552 -0.3182
91.9306 667.0748 -9.4769 92.7954 0.0402 0.9415 -0.0529 -0.3304
92.0341 666.5680 -9.5402 92.2041 0.0384 0.9379 -0.0501 -0.3412
92.1377 666.0872 -9.5927 91.6524 0.0372 0.9344 -0.0482 -0.3509
92.2412 665.5764 -9.6526 91.0971 0.0358 0.9311 -0.0462 -0.3601
92.3449 665.0535 -9.7123 90.5392 0.0344 0.9275 -0.0434 -0.3698
92.4486 664.4984 -9.7653 89.9691 0.0308 0.9238 -0.0403 -0.3796
92.5522 663.9290 -9.8069 89.4133 0.0278 0.9198 -0.0366 -0.3897
92.6560 663.3771 -9.8505 88.8712 0.0262 0.9154 -0.0328 -0.4003
92.7597 662.7741 -9.8974 88.2969 0.0236 0.9106 -0.0279 -0.4117
92.8635 662.1638 -9.9372 87.7960 0.0208 0.9058 -0.0232 -0.4226
92.9672 661.5281 -9.9520 87.3188 0.0186 0.9006 -0.0202 -0.4338
93.0710 660.8528 -9.9969 86.7735 0.0176 0.8944 -0.0183 -0.4466
93.1747 660.1590 -10.0163 86.3133 0.0179 0.8885 -0.0170 -0.4582
93.2785 659.5167 -10.0393 85.8683 0.0188 0.8823 -0.0147 -0.4701
93.3821 658.7851 -10.0580 85.4228 0.0209 0.8762 -0.0130 -0.4814
93.4858 658.0497 -10.0720 85.0245 0.0231 0.8711 -0.0115 -0.4905
93.5895 657.3534 -10.0965 84.5625 0.0250 0.8664 -0.0101 -0.4986
93.6931 656.6337 -10.0941 84.1512 0.0249 0.8630 -0.0076 -0.5045
93.7967 655.8450 -10.1011 83.7184 0.0257 0.8613 -0.0054 -0.5075
93.9004 655.0944 -10.1060 83.2773 0.0263 0.8601 -0.0023 -0.5094
94.0040 654.3654 -10.0782 82.8809 0.0233 0.8599 0.0012 -0.5099
94.1076 653.5992 -10.0645 82.4585 0.0214 0.8606 0.0018 -0.5089
94.2113 652.7897 -10.0756 81.9843 0.0178 0.8612 0.0007 -0.5080
94.3150 652.0130 -10.0841 81.5436 0.0147 0.8622 -0.0017 -0.5063
94.4186 651.2382 -10.0849 81.0884 0.0122 0.8636 -0.0035 -0.5040
94.5222 650.4183 -10.0960 80.6050 0.0128 0.8651 -0.0050 -0.5014
94.6260 649.5651 -10.0866 80.0809 0.0146 0.8666 -0.0054 -0.4987
94.7297 648.7716 -10.0986 79.6145 0.0130 0.8676 -0.0053 -0.4970
94.8335 647.9756 -10.1110 79.1318 0.0095 0.8681 -0.0058 -0.4963
94.9372 647.1585 -10.1471 78.6260 0.0061 0.8683 -0.0064 -0.4959
95.0410 646.3198 -10.1583 78.1318 0.0039 0.8683 -0.0061 -0.4959
95.1447 645.4615 -10.1649 77.6100 0.0068 0.8687 -0.0075 -0.4953
95.2484 644.5745 -10.1955 77.0807 0.0065 0.8691 -0.0063 -0.4945
95.3521 643.6902 -10.2165 76.5526 0.0087 0.8694 -0.0056 -0.4940
95.4559 642.8141 -10.2293 76.0263 0.0105 0.8702 -0.0048 -0.4926
95.5595 641.9622 -10.2482 75.5009 0.0111 0.8708 -0.0048 -0.4914
95.6631 641.1157 -10.2578 74.9793 0.0120 0.8720 -0.0051 -0.4893
95.7669 640.2636 -10.2780 74.4410 0.0128 0.8732 -0.0051 -0.4872
95.8705 639.3978 -10.2940 73.8718 0.0153 0.8738 -0.0058 -0.4861
95.9742 638.5690 -10.3122 73.3620 0.0152 0.8751 -0.0056 -0.4836
96.0779 637.7249 -10.3299 72.8036 0.0142 0.8760 -0.0064 -0.4820
96.1816 636.8835 -10.3424 72.2620 0.0129 0.8768 -0.0063 -0.4806
96.2853 636.0224 -10.3669 71.6993 0.0143 0.8773 -0.0057 -0.4797
96.3891 635.1911 -10.3811 71.1642 0.0137 0.8776 -0.0048 -0.4791
96.4929 634.3561 -10.3873 70.6098 0.0139 0.8781 -0.0058 -0.4782
96.5966 633.5323 -10.4126 70.0588 0.0134 0.8783 -0.0070 -0.4779
96.7004 632.7393 -10.4289 69.5324 0.0136 0.8783 -0.0058 -0.4780
96.8040 631.9106 -10.4529 69.0057 0.0139 0.8783 -0.0043 -0.4780
96.9077 631.1071 -10.4703 68.4684 0.0132 0.8782 -0.0035 -0.4780
97.0115 630.3150 -10.4710 67.9510 0.0124 0.8784 -0.0045 -0.4778
97.1151 629.5091 -10.4946 67.4314 0.0128 0.8786 -0.0053 -0.4774
97.2189 628.7722 -10.5277 66.9266 0.0127 0.8790 -0.0049 -0.4767
97.3225 628.0135 -10.5449 66.4188 0.0129 0.8794 -0.0052 -0.4759
97.4262 627.2242 -10.5680 65.9094 0.0115 0.8800 -0.0053 -0.4748
97.5300 626.5127 -10.5733 65.4289 0.0117 0.8807 -0.0047 -0.4735
97.6337 625.7646 -10.5974 64.9102 0.0129 0.8814 -0.0035 -0.4723
97.7375 625.0430 -10.6240 64.4183 0.0138 0.8820 -0.0035 -0.4711
97.8412 624.3282 -10.6444 63.9286 0.0112 0.8827 -0.0036 -0.4698
97.9451 623.6662 -10.6579 63.4502 0.0109 0.8834 -0.0043 -0.4685
98.0487 622.9879 -10.6719 62.9858 0.0105 0.8838 -0.0042 -0.4677
98.1525 622.3214 -10.6923 62.5128 0.0112 0.8840 -0.0043 -0.4673
98.2562 621.6882 -10.7066 62.0840 0.0093 0.8841 -0.0032 -0.4671
98.3600 621.0822 -10.7162 61.6398 0.0095 0.8845 -0.0034 -0.4665
98.4637 620.4790 -10.7358 61.2296 0.0101 0.8848 -0.0027 -0.4658
98.5675 619.8808 -10.7565 60.8188 0.0113 0.8852 -0.0013 -0.4650
98.6712 619.3461 -10.7670 60.4471 0.0116 0.8858 -0.0001 -0.4639
98.7749 618.8149 -10.7735 60.0607 0.0118 0.8861 0.0003 -0.4633
98.8786 618.3162 -10.7834 59.7115 0.0116 0.8867 0.0006 -0.4622
98.9823 617.8364 -10.7930 59.3469 0.0118 0.8872 0.0008 -0.4613
99.0861 617.3718 -10.8107 59.0321 0.0113 0.8874 -0.0000 -0.4608
99.1897 616.9416 -10.8217 58.7313 0.0113 0.8879 -0.0009 -0.4599
99.2935 616.5464 -10.8317 58.4371 0.0122 0.8881 -0.0014 -0.4594
99.3972 616.1672 -10.8398 58.1482 0.0119 0.8882 -0.0016 -0.4594
99.5008 615.8290 -10.8438 57.9007 0.0108 0.8883 -0.0025 -0.4592
99.6046 615.4875 -10.8508 57.6498 0.0099 0.8883 -0.0016 -0.4591
99.7083 615.1898 -10.8535 57.4403 0.0114 0.8885 -0.0016 -0.4587
99.8120 614.9026 -10.8629 57.2447 0.0127 0.8888 -0.0020 -0.4582
99.9157 614.6447 -10.8754 57.0694 0.0130 0.8888 -0.0027 -0.4581
100.0193 614.4137 -10.8792 56.9007 0.0126 0.8891 -0.0032 -0.4575
100.1231 614.1924 -10.8854 56.7240 0.0131 0.8893 -0.0031 -0.4571
100.2267 613.9849 -10.9007 56.5684 0.0135 0.8893 -0.0030 -0.4572
100.3305 613.8143 -10.9072 56.4298 0.0140 0.8892 -0.0033 -0.4572
100.4341 613.6223 -10.9104 56.3041 0.0128 0.8893 -0.0046 -0.4571
100.5379 613.4782 -10.9128 56.1921 0.0121 0.8895 -0.0061 -0.4567
100.6415 613.3049 -10.9199 56.0885 0.0124 0.8896 -0.0066 -0.4566
100.7452 613.1341 -10.9243 55.9567 0.0130 0.8895 -0.0071 -0.4566
100.8489 612.9710 -10.9285 55.8282 0.0133 0.8896 -0.0071 -0.4565
100.9526 612.8219 -10.9318 55.7183 0.0135 0.8896 -0.0071 -0.4565
101.0562 612.6334 -10.9490 55.5880 0.0135 0.8894 -0.0076 -0.4569
101.1600 612.4598 -10.9396 55.4649 0.0120 0.8895 -0.0074 -0.4566
101.2636 612.2858 -10.9434 55.3274 0.0115 0.8896 -0.0073 -0.4564
101.3674 612.1197 -10.9547 55.2228 0.0121 0.8897 -0.0068 -0.4564
101.4710 611.9648 -10.9620 55.1047 0.0127 0.8896 -0.0070 -0.4565
101.5747 611.8018 -10.9595 54.9939 0.0127 0.8896 -0.0069 -0.4564
101.6784 611.6611 -10.9684 54.8802 0.0139 0.8895 -0.0070 -0.4566
101.7821 611.4911 -10.9610 54.7568 0.0130 0.8896 -0.0073 -0.4565
101.8859 611.3303 -10.9668 54.6561 0.0125 0.8898 -0.0070 -0.4562
101.9896 611.1927 -10.9752 54.5465 0.0133 0.8897 -0.0069 -0.4564
102.0932 611.0557 -10.9881 54.4476 0.0138 0.8897 -0.0069 -0.4564
102.1970 610.9225 -10.9959 54.3598 0.0145 0.8896 -0.0069 -0.4565
102.3007 610.8051 -10.9874 54.2687 0.0139 0.8895 -0.0065 -0.4566
102.4045 610.6889 -10.9920 54.1698 0.0129 0.8895 -0.0065 -0.4567
102.5083 610.5632 -10.9886 54.0881 0.0122 0.8896 -0.0071 -0.4565
102.6119 610.4607 -10.9920 54.0076 0.0133 0.8897 -0.0076 -0.4564
102.7156 610.3288 -10.9988 53.9263 0.0138 0.8895 -0.0082 -0.4566
102.8194 610.2116 -11.0058 53.8473 0.0146 0.8895 -0.0079 -0.4567
102.9230 610.0969 -11.0007 53.7501 0.0144 0.8895 -0.0069 -0.4566
103.0267 609.9880 -11.0058 53.6829 0.0128 0.8896 -0.0050 -0.4564
103.1305 609.9009 -11.0137 53.5965 0.0117 0.8897 -0.0049 -0.4564
103.2341 609.7604 -11.0218 53.5010 0.0117 0.8895 -0.0055 -0.4567
103.3379 609.6676 -11.0304 53.4340 0.0119 0.8895 -0.0061 -0.4568
103.4415 609.5801 -11.0296 53.3577 0.0122 0.8896 -0.0065 -0.4566
103.5452 609.4721 -11.0362 53.2735 0.0121 0.8897 -0.0069 -0.4563
103.6490 609.3670 -11.0302 53.2121 0.0112 0.8898 -0.0071 -0.4562
103.7526 609.2153 -11.0285 53.1020 0.0109 0.8897 -0.0079 -0.4564
103.8564 609.1112 -11.0381 53.0214 0.0103 0.8900 -0.0091 -0.4558
103.9601 608.9570 -11.0432 52.9091 0.0103 0.8902 -0.0107 -0.4553
104.0637 608.7687 -11.0456 52.7749 0.0098 0.8905 -0.0123 -0.4548
104.1674 608.6151 -11.0573 52.6670 0.0090 0.8910 -0.0124 -0.4537
104.2710 608.3817 -11.0588 52.4772 0.0081 0.8923 -0.0134 -0.4511
104.3746 608.1617 -11.0606 52.3099 0.0087 0.8933 -0.0145 -0.4491
104.4782 607.9322 -11.0717 52.1195 0.0093 0.8948 -0.0156 -0.4462
104.5820 607.6620 -11.0747 51.9162 0.0091 0.8961 -0.0167 -0.4434
104.6857 607.3975 -11.0817 51.6610 0.0088 0.8982 -0.0170 -0.4392
104.7894 607.0573 -11.1002 51.4182 0.0093 0.9001 -0.0174 -0.4352
104.8930 606.7504 -11.1090 51.1564 0.0103 0.9023 -0.0180 -0.4307
104.9967 606.4084 -11.1350 50.8652 0.0117 0.9045 -0.0175 -0.4260
105.1005 606.0818 -11.1442 50.5787 0.0129 0.9067 -0.0166 -0.4213
105.2041 605.7296 -11.1632 50.2417 0.0118 0.9090 -0.0172 -0.4162
105.3077 605.3480 -11.1832 49.8916 0.0107 0.9112 -0.0175 -0.4115
105.4115 604.9477 -11.1846 49.5520 0.0136 0.9131 -0.0169 -0.4073
105.5153 604.5576 -11.2163 49.1950 0.0153 0.9148 -0.0150 -0.4034
105.6189 604.1510 -11.2295 48.7937 0.0155 0.9168 -0.0140 -0.3987
105.7226 603.7387 -11.2307 48.3642 0.0139 0.9183 -0.0122 -0.3956
105.8265 603.3187 -11.2422 47.9442 0.0153 0.9195 -0.0098 -0.3927
105.9302 602.8878 -11.2564 47.5218 0.0129 0.9204 -0.0086 -0.3906
106.0341 602.4332 -11.2672 47.0573 0.0114 0.9208 -0.0074 -0.3898
106.1379 601.9412 -11.2639 46.5782 0.0100 0.9212 -0.0059 -0.3890
106.2417 601.4635 -11.2773 46.0951 0.0102 0.9218 -0.0058 -0.3875
106.3455 600.9640 -11.2884 45.6114 0.0103 0.9220 -0.0055 -0.3870
106.4492 600.4320 -11.3087 45.0734 0.0109 0.9222 -0.0060 -0.3865
106.5530 599.9242 -11.3138 44.5613 0.0072 0.9227 -0.0079 -0.3854
106.6568 599.3944 -11.3182 44.0281 0.0037 0.9228 -0.0098 -0.3851
106.7605 598.8374 -11.3468 43.4620 0.0017 0.9232 -0.0119 -0.3841
106.8642 598.3042 -11.3760 42.9197 0.0038 0.9235 -0.0123 -0.3835
106.9680 597.7428 -11.4023 42.3630 0.0049 0.9237 -0.0113 -0.3828
107.0718 597.1877 -11.4243 41.7650 0.0046 0.9240 -0.0099 -0.3822
107.1755 596.5691 -11.4442 41.1192 0.0045 0.9243 -0.0091 -0.3816
107.2791 595.9498 -11.4676 40.5093 0.0036 0.9247 -0.0084 -0.3806
107.3829 595.3523 -11.4830 39.9116 0.0051 0.9254 -0.0083 -0.3789
107.4865 594.7627 -11.5043 39.2627 0.0068 0.9261 -0.0083 -0.3770
107.5902 594.1360 -11.5284 38.6084 0.0062 0.9272 -0.0076 -0.3746
107.6939 593.4980 -11.5469 37.9436 0.0070 0.9282 -0.0072 -0.3720
107.7976 592.8989 -11.5709 37.2712 0.0082 0.9291 -0.0067 -0.3696
107.9012 592.2761 -11.5931 36.6029 0.0103 0.9302 -0.0073 -0.3669
108.0050 591.6520 -11.6242 35.9163 0.0101 0.9307 -0.0081 -0.3655
108.1087 591.0181 -11.6470 35.2359 0.0098 0.9312 -0.0091 -0.3642
108.2125 590.4062 -11.6743 34.5595 0.0084 0.9315 -0.0101 -0.3635
108.3162 589.7898 -11.7005 33.8842 0.0074 0.9315 -0.0108 -0.3636
108.4200 589.1455 -11.7395 33.1711 0.0063 0.9312 -0.0109 -0.3642
108.5237 588.5620 -11.7610 32.5182 0.0051 0.9311 -0.0106 -0.3645
108.6275 587.9633 -11.7900 31.8589 0.0056 0.9308 -0.0105 -0.3654
108.7312 587.3247 -11.8250 31.1680 0.0059 0.9305 -0.0102 -0.3662
108.8351 586.7079 -11.8528 30.4921 0.0069 0.9299 -0.0107 -0.3675
108.9389 586.0653 -11.8881 29.8014 0.0062 0.9294 -0.0111 -0.3687
109.0426 585.4212 -11.9152 29.1134 0.0060 0.9289 -0.0117 -0.3700
109.1464 584.7974 -11.9498 28.4507 0.0064 0.9285 -0.0120 -0.3712
109.2501 584.1484 -11.9805 27.7644 0.0065 0.9279 -0.0122 -0.3726
109.3539 583.4932 -12.0080 27.0918 0.0060 0.9275 -0.0120 -0.3736
109.4576 582.8505 -12.0528 26.3978 0.0065 0.9269 -0.0123 -0.3752
109.5612 582.1955 -12.0788 25.7376 0.0066 0.9265 -0.0133 -0.3759
109.6650 581.5518 -12.1171 25.0663 0.0063 0.9260 -0.0142 -0.3771
109.7687 580.8934 -12.1384 24.3687 0.0061 0.9258 -0.0142 -0.3776
109.8724 580.2138 -12.1874 23.6943 0.0061 0.9258 -0.0143 -0.3778
109.9761 579.5437 -12.2220 22.9841 0.0064 0.9256 -0.0139 -0.3781
110.0797 578.8689 -12.2668 22.2804 0.0061 0.9255 -0.0138 -0.3784
110.1835 578.1958 -12.3039 21.5992 0.0056 0.9257 -0.0142 -0.3780
110.2872 577.5292 -12.3400 20.9060 0.0048 0.9258 -0.0148 -0.3777
110.3909 576.8501 -12.3785 20.1973 0.0053 0.9261 -0.0147 -0.3769
110.4946 576.1865 -12.4260 19.5058 0.0054 0.9264 -0.0145 -0.3762
110.5982 575.5254 -12.4555 18.8190 0.0045 0.9268 -0.0154 -0.3753
110.7020 574.8479 -12.5060 18.1030 0.0036 0.9270 -0.0163 -0.3746
110.8056 574.1685 -12.5529 17.4013 0.0034 0.9274 -0.0167 -0.3737
110.9092 573.5182 -12.5976 16.6835 0.0035 0.9279 -0.0163 -0.3725
111.0129 572.8471 -12.6351 15.9657 0.0043 0.9284 -0.0143 -0.3713
111.1166 572.1977 -12.6843 15.2637 0.0049 0.9288 -0.0135 -0.3703
111.2202 571.5372 -12.7309 14.5556 0.0049 0.9293 -0.0135 -0.3691
111.3240 570.8841 -12.7688 13.8430 0.0048 0.9297 -0.0140 -0.3681
111.4276 570.2452 -12.8093 13.1686 0.0050 0.9300 -0.0143 -0.3672
111.5314 569.5945 -12.8488 12.4631 0.0053 0.9304 -0.0151 -0.3662
111.6350 568.9661 -12.9063 11.7810 0.0048 0.9309 -0.0159 -0.3650
111.7387 568.3008 -12.9455 11.0622 0.0045 0.9312 -0.0170 -0.3641
111.8424 567.6930 -12.9874 10.3672 0.0041 0.9315 -0.0164 -0.3634
111.9461 567.0762 -13.0328 9.6741 0.0041 0.9320 -0.0147 -0.3622
112.0497 566.4497 -13.0682 8.9985 0.0043 0.9322 -0.0122 -0.3617
112.1535 565.8324 -13.1105 8.2931 0.0035 0.9321 -0.0123 -0.3621
112.2571 565.2101 -13.1544 7.5875 0.0017 0.9319 -0.0135 -0.3624
112.3609 564.6002 -13.1921 6.9384 0.0012 0.9316 -0.0144 -0.3632
112.4646 563.9991 -13.2332 6.2702 0.0023 0.9312 -0.0153 -0.3643
112.5682 563.3860 -13.2701 5.6102 0.0044 0.9308 -0.0157 -0.3651
112.6720 562.7559 -13.3195 4.9381 0.0054 0.9304 -0.0168 -0.3662
112.7756 562.1754 -13.3501 4.3153 0.0067 0.9301 -0.0174 -0.3669
112.8794 561.5624 -13.4006 3.6701 0.0074 0.9296 -0.0176 -0.3681
112.9830 560.9628 -13.4507 3.0148 0.0068 0.9291 -0.0183 -0.3693
113.0867 560.3963 -13.4869 2.3998 0.0058 0.9286 -0.0200 -0.3706
113.1905 559.8412 -13.5662 1.8021 0.0028 0.9281 -0.0232 -0.3717
113.2941 559.3000 -13.6083 1.2191 -0.0000 0.9276 -0.0258 -0.3726
113.3978 558.7467 -13.6581 0.6311 -0.0013 0.9273 -0.0263 -0.3733
113.5015 558.1940 -13.7175 0.0473 -0.0011 0.9270 -0.0253 -0.3741
113.6052 557.6972 -13.7681 -0.4793 0.0038 0.9270 -0.0249 -0.3741
113.7090 557.2063 -13.8274 -0.9801 0.0034 0.9269 -0.0247 -0.3745
113.8126 556.7168 -13.8515 -1.4861 0.0044 0.9267 -0.0264 -0.3748
113.9164 556.2458 -13.9281 -1.9465 0.0040 0.9267 -0.0284 -0.3747
114.0201 555.8573 -13.9696 -2.3820 0.0027 0.9268 -0.0293 -0.3744
114.1239 555.4048 -14.0075 -2.8406 0.0026 0.9268 -0.0298 -0.3744
114.2276 555.0103 -14.0492 -3.2798 0.0036 0.9268 -0.0297 -0.3743
114.3314 554.6013 -14.1039 -3.6841 0.0030 0.9271 -0.0287 -0.3738
114.4350 554.2563 -14.1437 -4.0691 0.0033 0.9269 -0.0297 -0.3740
114.5387 553.8850 -14.1833 -4.4561 -0.0001 0.9268 -0.0307 -0.3743
114.6425 553.5374 -14.2404 -4.8316 -0.0024 0.9266 -0.0307 -0.3747
114.7463 553.1875 -14.2722 -5.2022 -0.0023 0.9268 -0.0308 -0.3744
114.8500 552.8616 -14.3053 -5.5163 -0.0024 0.9268 -0.0296 -0.3743
114.9538 552.5221 -14.3450 -5.8831 -0.0018 0.9266 -0.0285 -0.3749
115.0574 552.2088 -14.3823 -6.2157 -0.0029 0.9267 -0.0280 -0.3748
115.1611 551.9099 -14.4193 -6.5508 -0.0033 0.9265 -0.0277 -0.3752
115.2649 551.6082 -14.4550 -6.8838 -0.0030 0.9265 -0.0280 -0.3753
115.3686 551.3062 -14.4810 -7.1655 -0.0022 0.9264 -0.0283 -0.3755
115.4724 551.0109 -14.5110 -7.4616 -0.0014 0.9264 -0.0288 -0.3755
115.5761 550.7041 -14.5515 -7.7769 -0.0009 0.9262 -0.0292 -0.3758
115.6797 550.4437 -14.5758 -8.0623 -0.0007 0.9263 -0.0295 -0.3757
115.7835 550.1618 -14.6016 -8.3256 -0.0006 0.9263 -0.0298 -0.3755
115.8871 549.8942 -14.6343 -8.6076 0.0002 0.9264 -0.0304 -0.3754
115.9909 549.6467 -14.6643 -8.8577 0.0003 0.9264 -0.0309 -0.3752
116.0946 549.4048 -14.6945 -9.1119 -0.0003 0.9266 -0.0315 -0.3748
116.1983 549.1688 -14.7306 -9.3577 -0.0005 0.9267 -0.0329 -0.3745
116.3020 548.9399 -14.7592 -9.6004 0.0001 0.9267 -0.0353 -0.3742
116.4056 548.7188 -14.7897 -9.8421 0.0014 0.9269 -0.0369 -0.3735
116.5094 548.5027 -14.8099 -10.0546 0.0020 0.9275 -0.0374 -0.3720
116.6133 548.3232 -14.8354 -10.2660 0.0016 0.9281 -0.0378 -0.3703
116.7167 548.1295 -14.8582 -10.4703 0.0010 0.9286 -0.0378 -0.3692
116.8205 547.9628 -14.8837 -10.6805 -0.0005 0.9291 -0.0375 -0.3679
116.9242 547.7991 -14.9108 -10.8611 -0.0013 0.9296 -0.0372 -0.3666
117.0280 547.6312 -14.9343 -11.0384 -0.0013 0.9301 -0.0374 -0.3654
117.1316 547.4777 -14.9527 -11.1983 -0.0013 0.9305 -0.0375 -0.3643
117.2354 547.3422 -14.9712 -11.3494 -0.0009 0.9309 -0.0378 -0.3634
117.3391 547.2039 -14.9845 -11.4858 -0.0008 0.9312 -0.0382 -0.3624
117.4429 547.0908 -15.0094 -11.6313 -0.0014 0.9313 -0.0389 -0.3621
117.5467 546.9691 -15.0264 -11.7549 -0.0024 0.9311 -0.0398 -0.3625
117.6504 546.8684 -15.0378 -11.8629 -0.0030 0.9309 -0.0406 -0.3629
117.7540 546.7776 -15.0506 -11.9799 -0.0027 0.9309 -0.0410 -0.3629
117.8577 546.6704 -15.0612 -12.0749 -0.0026 0.9308 -0.0417 -0.3631
117.9615 546.5867 -15.0727 -12.1662 -0.0027 0.9309 -0.0421 -0.3628
118.0651 546.5066 -15.0822 -12.2603 -0.0030 0.9310 -0.0424 -0.3625
118.1689 546.4279 -15.0982 -12.3414 -0.0028 0.9312 -0.0424 -0.3620
118.2725 546.3316 -15.1174 -12.4590 -0.0028 0.9311 -0.0425 -0.3622
118.3763 546.2794 -15.1219 -12.5307 -0.0038 0.9312 -0.0429 -0.3620
118.4799 546.2158 -15.1371 -12.5987 -0.0043 0.9312 -0.0429 -0.3619
118.5836 546.1666 -15.1424 -12.6588 -0.0045 0.9314 -0.0430 -0.3614
118.6872 546.1218 -15.1558 -12.7158 -0.0040 0.9316 -0.0430 -0.3610
118.7910 546.0505 -15.1672 -12.7961 -0.0038 0.9315 -0.0432 -0.3613
118.8948 545.9811 -15.1681 -12.8659 -0.0043 0.9314 -0.0436 -0.3613
118.9985 545.9529 -15.1792 -12.8941 -0.0044 0.9316 -0.0435 -0.3608
119.1021 545.9113 -15.1788 -12.9206 -0.0047 0.9317 -0.0439 -0.3606
119.2059 545.8569 -15.1847 -12.9736 -0.0046 0.9317 -0.0438 -0.3606
119.3096 545.8169 -15.1871 -13.0257 -0.0047 0.9316 -0.0441 -0.3607
119.4132 545.7757 -15.1945 -13.0754 -0.0047 0.9316 -0.0444 -0.3606
119.5170 545.7571 -15.1991 -13.1155 -0.0048 0.9317 -0.0446 -0.3604
119.6207 545.7245 -15.2075 -13.1312 -0.0047 0.9318 -0.0447 -0.3603
119.7244 545.6979 -15.2079 -13.1527 -0.0048 0.9319 -0.0449 -0.3600
119.8281 545.6806 -15.2174 -13.1904 -0.0049 0.9319 -0.0450 -0.3598
119.9319 545.6542 -15.2147 -13.2118 -0.0048 0.9319 -0.0449 -0.3599
120.0355 545.6398 -15.2199 -13.2143 -0.0050 0.9320 -0.0450 -0.3595
120.1392 545.6132 -15.2203 -13.2530 -0.0051 0.9319 -0.0450 -0.3600
120.2429 545.6166 -15.2245 -13.2441 -0.0054 0.9320 -0.0454 -0.3594
120.3466 545.5899 -15.2297 -13.2700 -0.0052 0.9320 -0.0452 -0.3597
120.4502 545.5805 -15.2293 -13.2801 -0.0054 0.9320 -0.0455 -0.3596
120.5540 545.5716 -15.2234 -13.2859 -0.0058 0.9320 -0.0456 -0.3594
120.6576 545.5662 -15.2261 -13.2885 -0.0058 0.9321 -0.0459 -0.3592
120.7614 545.5546 -15.2305 -13.2943 -0.0060 0.9321 -0.0464 -0.3591
120.8650 545.5523 -15.2377 -13.3169 -0.0062 0.9321 -0.0467 -0.3592
120.9686 545.5371 -15.2433 -13.3350 -0.0062 0.9320 -0.0468 -0.3593
121.0724 545.5273 -15.2468 -13.3677 -0.0059 0.9320 -0.0467 -0.3593
121.1760 545.4977 -15.2528 -13.4080 -0.0060 0.9320 -0.0467 -0.3595
121.2797 545.4785 -15.2507 -13.4212 -0.0060 0.9320 -0.0467 -0.3594
121.3834 545.4560 -15.2541 -13.4348 -0.0060 0.9321 -0.0465 -0.3591
121.4871 545.4335 -15.2619 -13.4721 -0.0061 0.9321 -0.0465 -0.3591
121.5909 545.4044 -15.2647 -13.4806 -0.0059 0.9322 -0.0463 -0.3589
121.6945 545.3784 -15.2666 -13.4925 -0.0061 0.9322 -0.0463 -0.3590
121.7982 545.3279 -15.2790 -13.5644 -0.0056 0.9321 -0.0460 -0.3592
121.9020 545.3043 -15.2831 -13.6068 -0.0060 0.9322 -0.0462 -0.3591
122.0056 545.2702 -15.2922 -13.6366 -0.0060 0.9322 -0.0460 -0.3590
122.1094 545.2115 -15.2953 -13.7106 -0.0058 0.9321 -0.0459 -0.3592
122.2131 545.1649 -15.3092 -13.7754 -0.0055 0.9320 -0.0460 -0.3594
122.3168 545.1424 -15.3068 -13.7888 -0.0059 0.9321 -0.0464 -0.3591
122.4205 545.0627 -15.3212 -13.8832 -0.0058 0.9321 -0.0464 -0.3593
122.5243 545.0117 -15.3345 -13.9420 -0.0059 0.9321 -0.0467 -0.3592
122.6280 544.9508 -15.3415 -14.0007 -0.0059 0.9321 -0.0465 -0.3592
122.7316 544.9045 -15.3432 -14.0435 -0.0056 0.9322 -0.0462 -0.3589
122.8352 544.8270 -15.3571 -14.1301 -0.0057 0.9322 -0.0465 -0.3588
122.9390 544.7777 -15.3675 -14.2253 -0.0059 0.9322 -0.0460 -0.3589
123.0426 544.6884 -15.3811 -14.2907 -0.0060 0.9322 -0.0457 -0.3590
123.1462 544.6200 -15.3856 -14.3801 -0.0060 0.9321 -0.0460 -0.3592
123.2500 544.5523 -15.3918 -14.4495 -0.0059 0.9322 -0.0466 -0.3590
123.3536 544.4678 -15.4048 -14.5362 -0.0056 0.9322 -0.0465 -0.3589
123.4574 544.4019 -15.4165 -14.6102 -0.0048 0.9322 -0.0466 -0.3590
123.5610 544.3040 -15.4387 -14.7108 -0.0040 0.9322 -0.0469 -0.3589
123.6648 544.2174 -15.4489 -14.8078 -0.0028 0.9320 -0.0473 -0.3594
123.7685 544.1509 -15.4588 -14.8829 -0.0025 0.9322 -0.0469 -0.3589
123.8721 544.0856 -15.4722 -14.9685 -0.0024 0.9322 -0.0465 -0.3588
123.9759 544.0382 -15.4823 -15.0206 -0.0032 0.9322 -0.0463 -0.3589
124.0796 543.9803 -15.4883 -15.0917 -0.0032 0.9322 -0.0465 -0.3588
124.1832 543.9085 -15.5013 -15.1649 -0.0029 0.9324 -0.0463 -0.3585
124.2870 543.8591 -15.5146 -15.2381 -0.0028 0.9325 -0.0460 -0.3583
124.3906 543.7943 -15.5183 -15.2962 -0.0025 0.9325 -0.0454 -0.3582
124.4944 543.7450 -15.5299 -15.3402 -0.0025 0.9326 -0.0451 -0.3581
