0.0000 -0.0000 0.0000 0.0000 0.0000 -0.0000 -0.0000 1.0000
0.1039 -0.0880 -0.0082 0.0124 0.0001 0.0072 -0.0002 1.0000
0.2077 -0.0834 -0.0094 0.0675 0.0002 0.0155 -0.0009 0.9999
0.3119 0.0194 0.0081 0.4047 -0.0006 0.0319 -0.0026 0.9995
0.4159 0.0308 0.0152 0.5394 -0.0015 0.0478 -0.0022 0.9989
0.5200 0.1581 0.0130 0.7863 -0.0025 0.0674 -0.0010 0.9977
0.6241 0.1563 -0.0166 0.8904 -0.0029 0.0863 0.0010 0.9963
0.7282 0.2742 -0.0058 1.1458 -0.0032 0.1086 0.0010 0.9941
0.8325 0.3649 0.0054 1.3136 -0.0050 0.1326 0.0006 0.9912
0.9366 0.5262 0.0242 1.6000 -0.0082 0.1574 0.0019 0.9875
1.0408 0.6250 -0.0004 1.7882 -0.0115 0.1820 0.0060 0.9832
1.1449 0.8057 -0.0071 2.0147 -0.0136 0.2089 0.0082 0.9778
1.2490 1.0007 -0.0043 2.2755 -0.0154 0.2368 0.0084 0.9714
1.3531 1.1579 0.0295 2.4906 -0.0175 0.2650 0.0084 0.9641
1.4571 1.4057 0.0261 2.7348 -0.0194 0.2937 0.0102 0.9556
1.5611 1.6109 0.0238 2.9151 -0.0204 0.3224 0.0124 0.9463
1.6651 1.8654 0.0353 3.1172 -0.0212 0.3503 0.0140 0.9363
1.7690 2.2097 0.0422 3.3656 -0.0211 0.3778 0.0153 0.9255
1.8729 2.4828 0.0521 3.5443 -0.0215 0.4042 0.0158 0.9143
1.9768 2.8324 0.0854 3.8015 -0.0229 0.4299 0.0149 0.9025
2.0805 3.1627 0.1032 3.9983 -0.0238 0.4536 0.0145 0.8908
2.1841 3.5432 0.1238 4.2065 -0.0243 0.4753 0.0144 0.8794
2.2879 3.9810 0.1326 4.4111 -0.0251 0.4950 0.0151 0.8684
2.3915 4.3788 0.1576 4.6115 -0.0257 0.5136 0.0143 0.8575
2.4951 4.8152 0.1823 4.7825 -0.0251 0.5308 0.0140 0.8470
2.5988 5.3536 0.2016 4.9700 -0.0232 0.5462 0.0142 0.8372
2.7023 5.8470 0.2240 5.1612 -0.0211 0.5601 0.0143 0.8280
2.8059 6.3948 0.2497 5.3379 -0.0194 0.5714 0.0141 0.8203
2.9094 6.9793 0.2707 5.5201 -0.0184 0.5802 0.0144 0.8141
3.0129 7.5477 0.3033 5.7004 -0.0180 0.5865 0.0150 0.8096
3.1165 8.1723 0.3181 5.8986 -0.0181 0.5917 0.0158 0.8058
3.2201 8.7816 0.3503 6.0674 -0.0192 0.5962 0.0162 0.8025
3.3237 9.4722 0.3839 6.2577 -0.0205 0.6003 0.0163 0.7993
3.4274 10.1503 0.4169 6.4516 -0.0213 0.6047 0.0167 0.7960
3.5310 10.8627 0.4430 6.6453 -0.0223 0.6090 0.0171 0.7927
3.6348 11.5847 0.4680 6.8340 -0.0230 0.6131 0.0176 0.7895
3.7384 12.3557 0.4998 7.0145 -0.0237 0.6175 0.0178 0.7860
3.8421 13.1235 0.5364 7.2109 -0.0251 0.6217 0.0184 0.7827
3.9458 13.8984 0.5828 7.3532 -0.0271 0.6260 0.0190 0.7791
4.0495 14.6924 0.6217 7.5346 -0.0284 0.6310 0.0204 0.7750
4.1532 15.4699 0.6617 7.6706 -0.0296 0.6359 0.0209 0.7710
4.2570 16.2903 0.7024 7.8184 -0.0298 0.6413 0.0212 0.7664
4.3608 17.0819 0.7372 7.9725 -0.0298 0.6469 0.0205 0.7617
4.4645 17.8759 0.7787 8.0589 -0.0297 0.6534 0.0198 0.7562
4.5684 18.6928 0.8154 8.1670 -0.0297 0.6610 0.0188 0.7495
4.6723 19.5140 0.8596 8.2489 -0.0305 0.6706 0.0170 0.7410
4.7761 20.3622 0.8967 8.3301 -0.0312 0.6816 0.0157 0.7309
4.8801 21.1908 0.9392 8.3466 -0.0317 0.6937 0.0149 0.7194
4.9841 22.0244 0.9779 8.3399 -0.0315 0.7062 0.0142 0.7072
5.0881 22.8944 1.0077 8.2832 -0.0311 0.7182 0.0136 0.6950
5.1920 23.7189 1.0344 8.2291 -0.0308 0.7293 0.0123 0.6833
5.2959 24.5445 1.0743 8.1552 -0.0298 0.7405 0.0108 0.6714
5.3998 25.3639 1.1039 8.0290 -0.0270 0.7514 0.0103 0.6592
5.5036 26.2251 1.1199 7.8782 -0.0235 0.7619 0.0101 0.6472
5.6074 27.0858 1.1412 7.6977 -0.0192 0.7719 0.0103 0.6354
5.7113 27.8944 1.1512 7.5038 -0.0153 0.7813 0.0104 0.6239
5.8150 28.6959 1.1768 7.2807 -0.0102 0.7899 0.0117 0.6130
5.9188 29.5356 1.1729 7.0339 -0.0050 0.7983 0.0100 0.6022
6.0224 30.3096 1.1648 6.7585 0.0010 0.8061 0.0057 0.5917
6.1261 31.0829 1.1314 6.4656 0.0063 0.8137 -0.0012 0.5812
6.2298 31.8603 1.1000 6.2038 0.0104 0.8215 -0.0080 0.5701
6.3335 32.6159 1.0700 5.8880 0.0147 0.8290 -0.0113 0.5589
6.4371 33.4096 1.0212 5.5259 0.0172 0.8359 -0.0119 0.5484
6.5409 34.1229 0.9697 5.1712 0.0174 0.8427 -0.0109 0.5380
6.6445 34.8675 0.9419 4.8116 0.0176 0.8488 -0.0075 0.5284
6.7483 35.6056 0.9109 4.3867 0.0192 0.8541 -0.0036 0.5198
6.8519 36.3105 0.8601 4.0301 0.0204 0.8583 -0.0022 0.5128
6.9555 37.0095 0.8023 3.6142 0.0220 0.8614 -0.0026 0.5074
7.0590 37.7089 0.7642 3.2270 0.0231 0.8643 -0.0032 0.5024
7.1628 38.4024 0.7033 2.8243 0.0211 0.8672 -0.0058 0.4975
7.2664 39.0802 0.6956 2.4158 0.0202 0.8706 -0.0060 0.4915
7.3701 39.7725 0.6500 1.9904 0.0212 0.8731 -0.0057 0.4870
7.4738 40.4478 0.6042 1.5481 0.0231 0.8751 -0.0053 0.4833
7.5774 41.1495 0.5724 1.1057 0.0243 0.8762 -0.0066 0.4812
7.6810 41.8578 0.5196 0.6685 0.0244 0.8761 -0.0078 0.4815
7.7847 42.5780 0.4839 0.2121 0.0254 0.8752 -0.0069 0.4830
7.8883 43.3426 0.4380 -0.2132 0.0247 0.8736 -0.0072 0.4859
7.9919 44.0858 0.3963 -0.6884 0.0237 0.8715 -0.0075 0.4897
8.0956 44.8739 0.3504 -1.1734 0.0230 0.8694 -0.0081 0.4935
8.1994 45.6767 0.2961 -1.6101 0.0217 0.8676 -0.0088 0.4967
8.3031 46.4982 0.2501 -2.0858 0.0200 0.8663 -0.0097 0.4990
8.4070 47.3324 0.2168 -2.5312 0.0178 0.8659 -0.0106 0.4999
8.5108 48.1877 0.1632 -3.0348 0.0163 0.8660 -0.0107 0.4996
8.6146 49.0316 0.1259 -3.5187 0.0156 0.8662 -0.0108 0.4993
8.7184 49.8975 0.0717 -4.0151 0.0154 0.8664 -0.0105 0.4990
8.8221 50.7533 0.0304 -4.5095 0.0151 0.8664 -0.0103 0.4991
8.9259 51.6732 -0.0171 -5.0250 0.0151 0.8665 -0.0098 0.4989
9.0296 52.5654 -0.0754 -5.5455 0.0148 0.8665 -0.0098 0.4988
9.1335 53.4546 -0.1239 -6.0516 0.0138 0.8666 -0.0099 0.4987
9.2373 54.3484 -0.1785 -6.5527 0.0135 0.8667 -0.0098 0.4986
9.3410 55.2390 -0.2210 -7.0576 0.0129 0.8665 -0.0099 0.4990
9.4448 56.1385 -0.2779 -7.5786 0.0124 0.8660 -0.0095 0.4997
9.5485 57.0408 -0.3391 -8.0823 0.0118 0.8655 -0.0082 0.5008
9.6522 57.9349 -0.3817 -8.5904 0.0117 0.8647 -0.0071 0.5020
9.7559 58.8304 -0.4365 -9.1223 0.0113 0.8639 -0.0071 0.5036
9.8596 59.7155 -0.4810 -9.5909 0.0118 0.8635 -0.0069 0.5041
9.9635 60.5858 -0.5300 -10.0912 0.0118 0.8631 -0.0071 0.5048
10.0673 61.4926 -0.5761 -10.6023 0.0119 0.8633 -0.0080 0.5045
10.1711 62.3722 -0.6174 -11.0891 0.0122 0.8641 -0.0094 0.5031
10.2750 63.2656 -0.6701 -11.5919 0.0119 0.8653 -0.0105 0.5010
10.3789 64.1463 -0.7051 -12.0910 0.0116 0.8669 -0.0097 0.4982
10.4828 64.9977 -0.7658 -12.5891 0.0120 0.8686 -0.0072 0.4954
10.5865 65.8717 -0.8114 -13.0956 0.0105 0.8701 -0.0075 0.4927
10.6904 66.6999 -0.8668 -13.6036 0.0112 0.8715 -0.0082 0.4902
10.7941 67.5034 -0.9110 -14.1328 0.0119 0.8728 -0.0091 0.4878
10.8980 68.3788 -0.9593 -14.6391 0.0117 0.8743 -0.0100 0.4852
11.0017 69.1943 -1.0046 -15.1500 0.0116 0.8755 -0.0108 0.4830
11.1054 69.9962 -1.0662 -15.6736 0.0112 0.8764 -0.0104 0.4814
11.2091 70.8289 -1.1079 -16.1995 0.0100 0.8771 -0.0062 0.4801
11.3129 71.6590 -1.1373 -16.7396 0.0081 0.8777 -0.0018 0.4791
11.4166 72.4858 -1.1658 -17.2646 0.0076 0.8783 -0.0001 0.4781
11.5204 73.2838 -1.2084 -17.7541 0.0085 0.8785 -0.0027 0.4776
11.6240 74.0828 -1.2588 -18.2666 0.0099 0.8789 -0.0052 0.4769
11.7278 74.8741 -1.2916 -18.8022 0.0132 0.8791 -0.0047 0.4764
11.8315 75.6814 -1.3247 -19.3168 0.0148 0.8790 -0.0033 0.4766
11.9353 76.4550 -1.3646 -19.8556 0.0137 0.8789 -0.0020 0.4768
12.0389 77.2728 -1.3947 -20.3625 0.0117 0.8787 -0.0004 0.4772
12.1426 78.0622 -1.4146 -20.8709 0.0097 0.8785 0.0018 0.4776
12.2464 78.8976 -1.4509 -21.4101 0.0052 0.8784 0.0006 0.4779
12.3501 79.6925 -1.4748 -21.8669 0.0013 0.8779 -0.0011 0.4789
12.4539 80.4809 -1.4931 -22.3517 0.0027 0.8773 0.0003 0.4799
12.5576 81.3071 -1.5108 -22.8830 0.0050 0.8764 0.0016 0.4815
12.6614 82.0579 -1.5403 -23.3578 0.0060 0.8751 0.0004 0.4838
12.7651 82.8712 -1.5629 -23.8460 0.0082 0.8728 0.0020 0.4880
12.8688 83.6468 -1.6018 -24.3315 0.0107 0.8704 0.0042 0.4922
12.9724 84.4450 -1.6158 -24.7852 0.0107 0.8676 0.0039 0.4971
13.0762 85.2814 -1.6336 -25.2756 0.0087 0.8643 0.0034 0.5028
13.1799 86.0628 -1.6604 -25.7223 0.0081 0.8611 0.0054 0.5083
13.2837 86.8558 -1.6764 -26.1180 0.0079 0.8580 0.0059 0.5136
13.3874 87.7469 -1.7037 -26.5466 0.0075 0.8543 0.0059 0.5197
13.4911 88.5483 -1.7137 -26.9598 0.0091 0.8507 0.0068 0.5255
13.5949 89.3809 -1.7418 -27.3490 0.0093 0.8472 0.0050 0.5311
13.6988 90.2237 -1.7477 -27.7387 0.0133 0.8438 0.0017 0.5365
13.8025 91.0554 -1.7727 -28.0920 0.0153 0.8401 -0.0002 0.5422
13.9063 91.8892 -1.8051 -28.4791 0.0131 0.8366 -0.0001 0.5477
14.0100 92.7409 -1.8620 -28.8131 0.0118 0.8329 0.0017 0.5533
14.1138 93.5938 -1.8939 -29.1585 0.0108 0.8299 0.0002 0.5578
14.2176 94.4433 -1.9044 -29.4719 0.0111 0.8278 -0.0036 0.5609
14.3215 95.2671 -1.9319 -29.7904 0.0116 0.8262 -0.0084 0.5633
14.4254 96.1215 -1.9778 -30.1003 0.0115 0.8253 -0.0107 0.5645
14.5293 96.9615 -2.0176 -30.4427 0.0112 0.8241 -0.0111 0.5662
14.6331 97.8177 -2.0695 -30.7361 0.0108 0.8227 -0.0113 0.5682
14.7369 98.6774 -2.1071 -31.0352 0.0095 0.8209 -0.0100 0.5709
14.8408 99.5254 -2.1473 -31.3563 0.0084 0.8194 -0.0083 0.5732
14.9445 100.3658 -2.2079 -31.6372 0.0063 0.8177 -0.0081 0.5756
15.0483 101.2418 -2.2436 -31.9341 0.0046 0.8159 -0.0097 0.5781
15.1520 102.0925 -2.2713 -32.1842 0.0007 0.8140 -0.0145 0.5807
15.2558 102.9276 -2.3212 -32.4644 0.0022 0.8119 -0.0149 0.5836
15.3595 103.8475 -2.3771 -32.7485 0.0038 0.8096 -0.0156 0.5868
15.4633 104.6445 -2.4110 -33.0129 0.0025 0.8076 -0.0156 0.5895
15.5671 105.4904 -2.4286 -33.2635 0.0023 0.8056 -0.0130 0.5924
15.6709 106.3346 -2.4765 -33.4889 0.0023 0.8034 -0.0114 0.5953
15.7746 107.2074 -2.5210 -33.7637 0.0015 0.8012 -0.0138 0.5982
15.8784 108.0809 -2.5539 -33.9979 0.0024 0.7993 -0.0150 0.6007
15.9822 108.9439 -2.5763 -34.2388 0.0024 0.7971 -0.0157 0.6036
16.0861 109.8003 -2.6169 -34.4567 0.0026 0.7949 -0.0148 0.6065
16.1898 110.6788 -2.6529 -34.6755 0.0035 0.7925 -0.0138 0.6096
16.2935 111.5185 -2.7255 -34.8972 0.0043 0.7900 -0.0130 0.6129
16.3973 112.3843 -2.7462 -35.1099 0.0057 0.7880 -0.0122 0.6156
16.5010 113.2517 -2.7649 -35.2959 0.0037 0.7858 -0.0141 0.6183
16.6048 114.1174 -2.8076 -35.4852 0.0019 0.7839 -0.0148 0.6207
16.7086 114.9977 -2.8481 -35.6996 0.0026 0.7823 -0.0141 0.6227
16.8124 115.8521 -2.8959 -35.8827 0.0027 0.7811 -0.0136 0.6243
16.9162 116.7202 -2.9324 -36.0746 0.0031 0.7795 -0.0144 0.6262
17.0200 117.5737 -2.9773 -36.2528 0.0044 0.7776 -0.0119 0.6286
17.1238 118.4914 -3.0171 -36.4364 0.0062 0.7761 -0.0083 0.6306
17.2275 119.3340 -3.0559 -36.6213 0.0068 0.7742 -0.0070 0.6328
17.3314 120.2169 -3.0987 -36.7776 0.0075 0.7730 -0.0076 0.6343
17.4351 121.1022 -3.1277 -36.9395 0.0072 0.7718 -0.0092 0.6357
17.5390 122.0060 -3.1692 -37.0850 0.0062 0.7712 -0.0098 0.6365
17.6429 122.8142 -3.2034 -37.2433 0.0065 0.7709 -0.0091 0.6368
17.7466 123.7321 -3.2188 -37.4275 0.0049 0.7707 -0.0076 0.6371
17.8505 124.5882 -3.2663 -37.5726 0.0026 0.7701 -0.0061 0.6379
17.9543 125.4532 -3.3008 -37.7396 0.0029 0.7700 -0.0036 0.6381
18.0581 126.2897 -3.3302 -37.8822 0.0043 0.7696 -0.0057 0.6384
18.1619 127.1373 -3.3714 -38.0767 0.0045 0.7696 -0.0082 0.6385
18.2658 127.9715 -3.3838 -38.1986 0.0049 0.7697 -0.0077 0.6384
18.3696 128.8027 -3.4249 -38.3723 0.0045 0.7694 -0.0080 0.6387
18.4734 129.7077 -3.4612 -38.5190 0.0061 0.7691 -0.0059 0.6390
18.5772 130.5906 -3.4966 -38.6759 0.0056 0.7688 -0.0081 0.6394
18.6810 131.4281 -3.5217 -38.8307 0.0045 0.7687 -0.0111 0.6395
18.7849 132.2658 -3.5688 -38.9231 0.0038 0.7685 -0.0130 0.6397
18.8885 133.1079 -3.5948 -39.0900 0.0056 0.7684 -0.0140 0.6398
18.9924 133.9337 -3.6456 -39.2366 0.0065 0.7683 -0.0136 0.6399
19.0960 134.7589 -3.6941 -39.3810 0.0071 0.7678 -0.0141 0.6406
19.1999 135.6171 -3.7303 -39.5267 0.0085 0.7671 -0.0113 0.6414
19.3035 136.4276 -3.7680 -39.6699 0.0089 0.7660 -0.0086 0.6427
19.4074 137.2179 -3.8178 -39.8343 0.0079 0.7654 -0.0053 0.6434
19.5112 138.0037 -3.8473 -39.9878 0.0085 0.7644 -0.0042 0.6446
19.6148 138.7421 -3.8740 -40.1201 0.0107 0.7628 -0.0061 0.6466
19.7184 139.5846 -3.9331 -40.2444 0.0101 0.7607 -0.0085 0.6490
19.8221 140.3513 -3.9370 -40.3422 0.0112 0.7581 -0.0080 0.6520
19.9257 141.1674 -3.9786 -40.4651 0.0120 0.7549 -0.0042 0.6557
20.0294 141.9725 -4.0314 -40.5438 0.0134 0.7510 -0.0012 0.6601
20.1329 142.7299 -4.0673 -40.6587 0.0131 0.7466 -0.0029 0.6652
20.2366 143.5229 -4.0934 -40.7297 0.0130 0.7416 -0.0038 0.6707
20.3404 144.2615 -4.1187 -40.7921 0.0146 0.7370 -0.0023 0.6757
20.4440 145.0567 -4.1667 -40.8218 0.0159 0.7325 -0.0021 0.6806
20.5478 145.8389 -4.1903 -40.8658 0.0179 0.7274 -0.0043 0.6859
20.6515 146.6322 -4.2324 -40.8920 0.0177 0.7231 -0.0110 0.6904
20.7553 147.3787 -4.2799 -40.8709 0.0192 0.7183 -0.0158 0.6953
20.8591 148.1630 -4.3224 -40.8901 0.0194 0.7134 -0.0164 0.7003
20.9629 148.9239 -4.3753 -40.8980 0.0175 0.7095 -0.0150 0.7043
21.0668 149.6819 -4.4281 -40.8478 0.0162 0.7058 -0.0148 0.7081
21.1706 150.4408 -4.4628 -40.8220 0.0197 0.7023 -0.0158 0.7114
21.2745 151.1906 -4.5187 -40.7898 0.0182 0.6999 -0.0233 0.7137
21.3785 151.9576 -4.5774 -40.7806 0.0186 0.6985 -0.0253 0.7149
21.4825 152.7140 -4.6288 -40.7721 0.0165 0.6987 -0.0243 0.7148
21.5864 153.5045 -4.7272 -40.7299 0.0138 0.6993 -0.0233 0.7143
21.6904 154.2132 -4.7563 -40.7316 0.0132 0.7004 -0.0220 0.7133
21.7943 154.9640 -4.8001 -40.6956 0.0144 0.7015 -0.0212 0.7122
21.8983 155.7255 -4.8634 -40.6750 0.0144 0.7028 -0.0209 0.7110
22.0022 156.4906 -4.9120 -40.6867 0.0141 0.7044 -0.0204 0.7093
22.1061 157.2267 -4.9627 -40.6799 0.0134 0.7062 -0.0212 0.7076
22.2101 157.9844 -4.9957 -40.6831 0.0123 0.7083 -0.0217 0.7055
22.3139 158.7074 -5.0702 -40.6950 0.0121 0.7104 -0.0191 0.7034
22.4178 159.4128 -5.1198 -40.6894 0.0117 0.7124 -0.0193 0.7014
22.5215 160.1785 -5.1620 -40.7104 0.0119 0.7146 -0.0200 0.6992
22.6254 160.8750 -5.2202 -40.7322 0.0121 0.7158 -0.0216 0.6979
22.7292 161.5864 -5.2662 -40.7350 0.0122 0.7166 -0.0232 0.6970
22.8329 162.3316 -5.2985 -40.7548 0.0157 0.7172 -0.0205 0.6964
22.9365 163.0151 -5.3622 -40.7784 0.0148 0.7170 -0.0206 0.6966
23.0401 163.7054 -5.3879 -40.7957 0.0153 0.7157 -0.0176 0.6980
23.1438 164.4289 -5.4605 -40.8188 0.0144 0.7132 -0.0181 0.7006
23.2474 165.1234 -5.4911 -40.7906 0.0162 0.7094 -0.0171 0.7044
23.3510 165.8241 -5.5423 -40.8041 0.0171 0.7042 -0.0161 0.7096
23.4547 166.5132 -5.5821 -40.7770 0.0166 0.6989 -0.0149 0.7149
23.5583 167.2115 -5.6488 -40.7122 0.0124 0.6931 -0.0161 0.7206
23.6620 167.8919 -5.6655 -40.6685 0.0098 0.6872 -0.0143 0.7262
23.7657 168.5992 -5.6963 -40.6031 0.0073 0.6811 -0.0116 0.7320
23.8694 169.2641 -5.7205 -40.5304 0.0041 0.6747 -0.0097 0.7380
23.9730 169.9204 -5.7535 -40.4461 0.0020 0.6683 -0.0070 0.7439
24.0768 170.5714 -5.7797 -40.3528 0.0013 0.6615 -0.0059 0.7499
24.1805 171.2224 -5.7901 -40.2417 0.0015 0.6549 -0.0049 0.7557
24.2842 171.8598 -5.8213 -40.1203 0.0004 0.6482 -0.0058 0.7614
24.3879 172.5204 -5.8335 -39.9997 -0.0019 0.6415 -0.0074 0.7671
24.4916 173.1225 -5.8523 -39.8626 -0.0041 0.6361 -0.0062 0.7716
24.5954 173.7250 -5.8733 -39.7324 -0.0042 0.6314 -0.0039 0.7755
24.6993 174.3665 -5.8861 -39.5881 -0.0034 0.6268 -0.0021 0.7792
24.8031 174.9603 -5.8937 -39.4166 -0.0034 0.6230 -0.0038 0.7822
24.9068 175.5859 -5.9316 -39.2705 -0.0026 0.6194 -0.0078 0.7850
25.0105 176.1619 -5.9388 -39.1052 0.0011 0.6155 -0.0118 0.7880
25.1143 176.7480 -5.9363 -38.9558 0.0061 0.6120 -0.0114 0.7907
25.2180 177.3397 -5.9734 -38.7881 0.0055 0.6096 -0.0111 0.7926
25.3218 177.9635 -5.9839 -38.6102 0.0014 0.6071 -0.0097 0.7946
25.4255 178.5852 -6.0098 -38.4259 -0.0047 0.6053 -0.0077 0.7959
25.5294 179.1881 -6.0359 -38.2348 -0.0080 0.6046 -0.0047 0.7965
25.6332 179.7834 -6.0448 -38.0799 -0.0074 0.6042 -0.0035 0.7968
25.7370 180.3757 -6.0458 -37.9134 -0.0053 0.6035 -0.0033 0.7973
25.8408 180.9882 -6.0562 -37.7328 -0.0043 0.6030 -0.0025 0.7978
25.9445 181.6069 -6.0441 -37.5578 -0.0052 0.6022 -0.0021 0.7984
26.0481 182.2288 -6.0703 -37.3635 -0.0072 0.6012 -0.0011 0.7991
26.1519 182.8406 -6.0706 -37.1979 -0.0095 0.5997 0.0004 0.8002
26.2555 183.4922 -6.0833 -36.9946 -0.0101 0.5980 0.0018 0.8015
26.3591 184.1017 -6.0724 -36.8092 -0.0100 0.5955 0.0030 0.8033
26.4628 184.7070 -6.0674 -36.5962 -0.0110 0.5920 0.0041 0.8059
26.5666 185.3548 -6.0664 -36.4011 -0.0114 0.5881 0.0049 0.8087
26.6703 185.9303 -6.0794 -36.1801 -0.0107 0.5833 0.0047 0.8122
26.7739 186.5499 -6.0750 -35.9777 -0.0098 0.5781 0.0030 0.8159
26.8777 187.1686 -6.0677 -35.7242 -0.0091 0.5733 0.0017 0.8193
26.9813 187.7830 -6.0648 -35.4803 -0.0081 0.5682 0.0021 0.8228
27.0850 188.4245 -6.0652 -35.2150 -0.0094 0.5631 0.0028 0.8263
27.1888 189.0403 -6.0658 -34.9484 -0.0101 0.5583 0.0035 0.8295
27.2925 189.6522 -6.0650 -34.6624 -0.0115 0.5531 0.0029 0.8330
27.3963 190.2690 -6.0422 -34.3821 -0.0133 0.5489 0.0022 0.8357
27.5000 190.9225 -6.0487 -34.0902 -0.0151 0.5455 0.0004 0.8380
27.6039 191.5668 -6.0310 -33.7875 -0.0160 0.5436 0.0012 0.8392
27.7078 192.2057 -6.0402 -33.4955 -0.0166 0.5426 0.0038 0.8398
27.8117 192.8503 -6.0223 -33.2096 -0.0146 0.5425 0.0042 0.8399
27.9155 193.5156 -6.0190 -32.9001 -0.0139 0.5429 0.0048 0.8397
28.0194 194.1678 -6.0134 -32.6067 -0.0116 0.5433 0.0054 0.8394
28.1233 194.8587 -5.9795 -32.3088 -0.0114 0.5432 0.0063 0.8395
28.2272 195.5372 -5.9631 -31.9876 -0.0120 0.5436 0.0090 0.8392
28.3309 196.2101 -5.9705 -31.6822 -0.0132 0.5441 0.0105 0.8389
28.4348 196.9057 -5.9584 -31.3769 -0.0138 0.5447 0.0114 0.8384
28.5387 197.5970 -5.9406 -31.0693 -0.0143 0.5456 0.0115 0.8379
28.6424 198.2807 -5.9338 -30.7699 -0.0149 0.5462 0.0113 0.8374
28.7462 198.9691 -5.9252 -30.4522 -0.0149 0.5472 0.0107 0.8368
28.8499 199.6536 -5.9205 -30.1520 -0.0131 0.5476 0.0100 0.8366
28.9538 200.3407 -5.9088 -29.8553 -0.0108 0.5479 0.0077 0.8364
29.0575 201.0083 -5.8882 -29.5632 -0.0103 0.5484 0.0061 0.8361
29.1613 201.7144 -5.8912 -29.2417 -0.0117 0.5490 0.0068 0.8357
29.2649 202.3858 -5.8932 -28.9589 -0.0140 0.5495 0.0075 0.8354
29.3686 203.0838 -5.8865 -28.6619 -0.0154 0.5508 0.0061 0.8345
29.4725 203.7658 -5.8767 -28.3573 -0.0165 0.5529 0.0052 0.8331
29.5763 204.4539 -5.8684 -28.0648 -0.0171 0.5560 0.0052 0.8310
29.6802 205.1401 -5.8540 -27.7920 -0.0168 0.5598 0.0056 0.8284
29.7839 205.8290 -5.8492 -27.5368 -0.0152 0.5641 0.0063 0.8255
29.8878 206.4912 -5.8527 -27.2671 -0.0146 0.5687 0.0050 0.8224
29.9917 207.1939 -5.8231 -27.0130 -0.0149 0.5740 0.0046 0.8187
30.0955 207.9322 -5.7975 -26.7795 -0.0162 0.5786 0.0079 0.8154
30.1993 208.6432 -5.8005 -26.5534 -0.0183 0.5822 0.0111 0.8128
30.3030 209.3306 -5.7878 -26.3161 -0.0205 0.5851 0.0132 0.8106
30.4068 210.0513 -5.7568 -26.0750 -0.0227 0.5871 0.0122 0.8091
30.5104 210.7565 -5.7385 -25.8386 -0.0236 0.5880 0.0126 0.8084
30.6140 211.4550 -5.7049 -25.6255 -0.0235 0.5888 0.0132 0.8079
30.7178 212.1634 -5.7063 -25.3824 -0.0232 0.5894 0.0129 0.8074
30.8214 212.8552 -5.6726 -25.1403 -0.0233 0.5894 0.0119 0.8075
30.9252 213.5982 -5.6528 -24.9203 -0.0238 0.5892 0.0115 0.8076
31.0288 214.3099 -5.6253 -24.6793 -0.0243 0.5888 0.0119 0.8078
31.1325 215.0426 -5.5873 -24.4225 -0.0248 0.5881 0.0123 0.8083
31.2363 215.7635 -5.5784 -24.2131 -0.0243 0.5873 0.0134 0.8089
31.3401 216.5118 -5.5415 -23.9561 -0.0242 0.5860 0.0145 0.8098
31.4437 217.2717 -5.5219 -23.6858 -0.0255 0.5843 0.0146 0.8110
31.5474 217.9632 -5.4818 -23.4468 -0.0275 0.5821 0.0155 0.8125
31.6510 218.7237 -5.4518 -23.1945 -0.0297 0.5800 0.0162 0.8139
31.7548 219.4639 -5.4296 -22.9083 -0.0308 0.5778 0.0158 0.8155
31.8585 220.1964 -5.3964 -22.6233 -0.0305 0.5760 0.0142 0.8167
31.9623 220.9258 -5.3686 -22.3504 -0.0308 0.5742 0.0100 0.8181
32.0660 221.6584 -5.3218 -22.0713 -0.0310 0.5723 0.0075 0.8194
32.1696 222.3911 -5.2849 -21.7815 -0.0310 0.5704 0.0084 0.8208
32.2734 223.1215 -5.2602 -21.5102 -0.0311 0.5688 0.0072 0.8219
32.3772 223.8629 -5.2279 -21.2408 -0.0306 0.5670 0.0052 0.8231
32.4809 224.5778 -5.2055 -20.9142 -0.0303 0.5651 0.0054 0.8245
32.5845 225.3036 -5.1643 -20.6271 -0.0300 0.5630 0.0076 0.8258
32.6883 226.0722 -5.1394 -20.3306 -0.0295 0.5610 0.0078 0.8272
32.7919 226.8165 -5.1145 -20.0355 -0.0284 0.5591 0.0082 0.8286
32.8957 227.5365 -5.0894 -19.7233 -0.0280 0.5572 0.0072 0.8299
32.9994 228.3094 -5.0530 -19.3960 -0.0296 0.5553 0.0065 0.8311
33.1032 228.9975 -5.0119 -19.1014 -0.0307 0.5532 0.0061 0.8325
33.2068 229.7312 -4.9965 -18.7744 -0.0289 0.5513 0.0059 0.8338
33.3105 230.4689 -4.9804 -18.4558 -0.0261 0.5497 0.0039 0.8350
33.4143 231.2043 -4.9667 -18.1251 -0.0255 0.5481 0.0001 0.8360
33.5182 231.8829 -4.9187 -17.7985 -0.0285 0.5466 -0.0015 0.8369
33.6218 232.6244 -4.9029 -17.4544 -0.0332 0.5457 0.0011 0.8373
33.7255 233.3514 -4.8797 -17.1392 -0.0374 0.5448 0.0058 0.8377
33.8293 234.1034 -4.8424 -16.7795 -0.0411 0.5439 0.0094 0.8381
33.9331 234.8310 -4.7938 -16.4413 -0.0417 0.5430 0.0107 0.8386
34.0367 235.5329 -4.7658 -16.1318 -0.0413 0.5417 0.0072 0.8395
34.1404 236.2622 -4.7173 -15.8081 -0.0380 0.5399 0.0061 0.8408
34.2440 236.9850 -4.6878 -15.4751 -0.0372 0.5378 0.0027 0.8423
34.3478 237.6861 -4.6493 -15.1249 -0.0354 0.5360 0.0034 0.8435
34.4515 238.4165 -4.6151 -14.7683 -0.0341 0.5341 0.0032 0.8447
34.5552 239.1247 -4.5927 -14.4359 -0.0340 0.5324 0.0046 0.8458
34.6589 239.8492 -4.5384 -14.0951 -0.0352 0.5307 0.0066 0.8468
34.7625 240.5599 -4.4954 -13.7654 -0.0370 0.5293 0.0092 0.8476
34.8663 241.2754 -4.4668 -13.3858 -0.0384 0.5284 0.0131 0.8480
34.9700 241.9888 -4.4110 -13.0112 -0.0402 0.5273 0.0147 0.8486
35.0739 242.7319 -4.3446 -12.6479 -0.0417 0.5267 0.0186 0.8488
35.1776 243.4884 -4.2992 -12.2737 -0.0425 0.5257 0.0181 0.8494
35.2813 244.1993 -4.2606 -11.9210 -0.0417 0.5249 0.0123 0.8500
35.3850 244.8936 -4.2176 -11.5517 -0.0364 0.5246 0.0077 0.8506
35.4887 245.6285 -4.1592 -11.1568 -0.0327 0.5242 0.0044 0.8510
35.5924 246.3707 -4.1234 -10.7817 -0.0336 0.5244 0.0053 0.8508
35.6962 247.0925 -4.0657 -10.4130 -0.0359 0.5242 0.0079 0.8508
35.7998 247.8003 -4.0648 -10.0555 -0.0370 0.5237 0.0075 0.8511
35.9035 248.5132 -4.0089 -9.6742 -0.0355 0.5231 0.0087 0.8515
36.0072 249.2457 -3.9726 -9.3091 -0.0349 0.5225 0.0096 0.8519
36.1109 249.9934 -3.9258 -8.9214 -0.0366 0.5218 0.0117 0.8522
36.2145 250.7160 -3.8865 -8.5615 -0.0382 0.5214 0.0118 0.8524
36.3183 251.4066 -3.8401 -8.1795 -0.0383 0.5208 0.0114 0.8528
36.4220 252.1551 -3.8152 -7.7957 -0.0367 0.5203 0.0104 0.8531
36.5258 252.8522 -3.7564 -7.4291 -0.0357 0.5195 0.0101 0.8536
36.6295 253.5988 -3.7228 -7.0371 -0.0357 0.5189 0.0115 0.8540
36.7333 254.3276 -3.6752 -6.6508 -0.0368 0.5170 0.0130 0.8551
36.8370 255.0213 -3.6285 -6.2762 -0.0377 0.5156 0.0131 0.8559
36.9408 255.7518 -3.5889 -5.8864 -0.0371 0.5139 0.0136 0.8569
37.0445 256.5108 -3.5423 -5.4499 -0.0367 0.5117 0.0130 0.8583
37.1483 257.1998 -3.4914 -5.0587 -0.0364 0.5092 0.0103 0.8598
37.2520 257.9202 -3.4521 -4.6581 -0.0345 0.5065 0.0099 0.8615
37.3557 258.6268 -3.4182 -4.2544 -0.0323 0.5031 0.0108 0.8635
37.4594 259.3254 -3.3872 -3.8388 -0.0313 0.4989 0.0120 0.8660
37.5630 260.0232 -3.3522 -3.4195 -0.0300 0.4941 0.0146 0.8687
37.6667 260.7347 -3.3051 -2.9662 -0.0292 0.4876 0.0155 0.8724
37.7703 261.4152 -3.2624 -2.5325 -0.0299 0.4811 0.0154 0.8760
37.8740 262.1115 -3.2232 -2.0526 -0.0318 0.4740 0.0174 0.8798
37.9778 262.7960 -3.1830 -1.5575 -0.0335 0.4671 0.0186 0.8834
38.0815 263.4841 -3.1459 -1.0641 -0.0346 0.4613 0.0171 0.8864
38.1853 264.1154 -3.1006 -0.5977 -0.0349 0.4568 0.0139 0.8888
38.2892 264.7696 -3.0401 -0.1170 -0.0349 0.4534 0.0110 0.8906
38.3932 265.4318 -2.9991 0.4124 -0.0360 0.4524 0.0084 0.8910
38.4972 266.0512 -2.9792 0.8485 -0.0372 0.4540 0.0044 0.8902
38.6012 266.7391 -2.9343 1.3655 -0.0364 0.4577 0.0009 0.8883
38.7052 267.4154 -2.8981 1.8128 -0.0358 0.4626 -0.0028 0.8858
38.8093 268.0730 -2.8656 2.2818 -0.0336 0.4685 -0.0011 0.8828
38.9133 268.7667 -2.8464 2.7288 -0.0344 0.4739 0.0003 0.8799
39.0172 269.4863 -2.7979 3.2026 -0.0350 0.4791 -0.0001 0.8771
39.1212 270.1724 -2.7673 3.6432 -0.0351 0.4838 0.0007 0.8745
39.2250 270.8688 -2.7531 4.0533 -0.0340 0.4883 0.0011 0.8720
39.3289 271.5704 -2.7130 4.4731 -0.0324 0.4927 0.0018 0.8696
39.4327 272.2699 -2.6853 4.9065 -0.0323 0.4967 0.0005 0.8673
39.5364 272.9612 -2.6459 5.3061 -0.0333 0.4999 0.0004 0.8655
39.6402 273.6837 -2.6214 5.7237 -0.0357 0.5023 0.0006 0.8640
39.7438 274.4114 -2.5755 6.1281 -0.0391 0.5046 0.0011 0.8624
39.8476 275.1591 -2.5310 6.5421 -0.0409 0.5066 0.0015 0.8612
39.9513 275.8861 -2.4942 6.9841 -0.0408 0.5085 0.0004 0.8601
40.0550 276.6002 -2.4574 7.3759 -0.0385 0.5095 -0.0029 0.8596
40.1587 277.2946 -2.4478 7.7788 -0.0342 0.5106 -0.0066 0.8591
40.2624 278.0463 -2.4121 8.1976 -0.0314 0.5110 -0.0096 0.8590
40.3662 278.7864 -2.3838 8.5859 -0.0317 0.5118 -0.0102 0.8584
40.4699 279.5305 -2.3479 8.9967 -0.0337 0.5121 -0.0108 0.8582
40.5735 280.2629 -2.3294 9.4040 -0.0341 0.5124 -0.0085 0.8580
40.6773 281.0202 -2.3082 9.8017 -0.0342 0.5118 -0.0065 0.8584
40.7810 281.7731 -2.2703 10.2028 -0.0349 0.5111 -0.0054 0.8588
40.8848 282.5228 -2.2470 10.6297 -0.0351 0.5097 -0.0048 0.8596
40.9884 283.2641 -2.2238 11.0672 -0.0354 0.5079 -0.0052 0.8607
41.0922 284.0109 -2.1879 11.4769 -0.0355 0.5059 -0.0052 0.8618
41.1958 284.7568 -2.1567 11.9109 -0.0363 0.5040 -0.0065 0.8629
41.2994 285.5245 -2.1193 12.3668 -0.0355 0.5019 -0.0070 0.8642
41.4032 286.2739 -2.0954 12.7987 -0.0334 0.4998 -0.0069 0.8655
41.5068 287.0274 -2.0780 13.2272 -0.0311 0.4972 -0.0068 0.8671
41.6105 287.7467 -2.0485 13.6960 -0.0299 0.4939 -0.0070 0.8690
41.7142 288.5127 -2.0305 14.1475 -0.0305 0.4900 -0.0063 0.8712
41.8179 289.2752 -1.9791 14.6449 -0.0333 0.4864 -0.0058 0.8731
41.9215 290.0000 -1.9514 15.1449 -0.0369 0.4832 -0.0050 0.8747
42.0253 290.7558 -1.9046 15.6267 -0.0404 0.4797 -0.0047 0.8765
42.1289 291.5220 -1.8617 16.1214 -0.0423 0.4759 -0.0047 0.8785
42.2327 292.2517 -1.8257 16.6522 -0.0406 0.4717 -0.0048 0.8808
42.3363 292.9864 -1.7916 17.1354 -0.0378 0.4679 -0.0065 0.8830
42.4400 293.7329 -1.7479 17.6661 -0.0341 0.4638 -0.0085 0.8852
42.5438 294.4758 -1.7197 18.2000 -0.0301 0.4603 -0.0081 0.8872
42.6474 295.2164 -1.6980 18.7193 -0.0265 0.4566 -0.0069 0.8893
42.7512 295.9801 -1.6774 19.2615 -0.0256 0.4527 -0.0038 0.8913
42.8548 296.6932 -1.6567 19.8282 -0.0271 0.4488 -0.0002 0.8932
42.9585 297.4272 -1.6321 20.3890 -0.0291 0.4450 0.0039 0.8950
43.0623 298.1825 -1.5906 20.9398 -0.0309 0.4406 0.0056 0.8972
43.1661 298.8727 -1.5525 21.5254 -0.0316 0.4372 0.0064 0.8988
43.2698 299.6074 -1.5220 22.1443 -0.0329 0.4334 0.0047 0.9006
43.3736 300.3366 -1.4637 22.7084 -0.0349 0.4297 0.0032 0.9023
43.4773 301.0905 -1.4206 23.3265 -0.0361 0.4268 0.0035 0.9036
43.5810 301.7713 -1.3688 23.9440 -0.0354 0.4242 0.0036 0.9049
43.6849 302.4835 -1.3556 24.5367 -0.0332 0.4221 0.0041 0.9059
43.7887 303.1911 -1.2824 25.1756 -0.0308 0.4193 0.0035 0.9073
43.8924 303.9190 -1.2636 25.7806 -0.0310 0.4165 0.0036 0.9086
43.9961 304.6138 -1.1958 26.4270 -0.0334 0.4142 0.0032 0.9096
44.1000 305.3320 -1.1637 27.0718 -0.0361 0.4119 0.0042 0.9105
44.2036 306.0358 -1.1294 27.7040 -0.0363 0.4091 0.0028 0.9118
44.3073 306.7207 -1.0696 28.3475 -0.0345 0.4067 0.0014 0.9129
44.4110 307.4162 -1.0400 28.9897 -0.0317 0.4042 0.0008 0.9141
44.5148 308.1110 -0.9932 29.6451 -0.0305 0.4017 0.0023 0.9152
44.6185 308.8322 -0.9790 30.2981 -0.0305 0.3991 0.0040 0.9164
44.7223 309.5207 -0.9296 30.9409 -0.0296 0.3964 0.0065 0.9176
44.8262 310.1956 -0.9063 31.6146 -0.0284 0.3933 0.0090 0.9189
44.9298 310.9025 -0.8544 32.2690 -0.0275 0.3902 0.0114 0.9203
45.0335 311.5950 -0.8178 32.9401 -0.0283 0.3879 0.0114 0.9212
45.1373 312.2616 -0.7747 33.6013 -0.0292 0.3860 0.0109 0.9220
45.2410 312.9037 -0.7648 34.2677 -0.0285 0.3835 0.0107 0.9230
45.3448 313.5594 -0.6892 34.9590 -0.0284 0.3811 0.0100 0.9241
45.4485 314.2292 -0.6850 35.6390 -0.0279 0.3786 0.0119 0.9251
45.5523 314.8923 -0.6277 36.3251 -0.0289 0.3753 0.0120 0.9264
45.6562 315.5647 -0.5984 37.0291 -0.0275 0.3731 0.0123 0.9273
45.7599 316.1939 -0.5537 37.6976 -0.0272 0.3705 0.0140 0.9283
45.8637 316.8211 -0.5315 38.3604 -0.0286 0.3681 0.0135 0.9293
45.9674 317.4821 -0.4624 39.0842 -0.0304 0.3664 0.0129 0.9299
46.0713 318.0950 -0.4331 39.7760 -0.0321 0.3645 0.0105 0.9306
46.1750 318.7167 -0.3807 40.4626 -0.0347 0.3634 0.0120 0.9309
46.2788 319.3598 -0.3491 41.1717 -0.0352 0.3621 0.0113 0.9314
46.3827 319.9734 -0.2956 41.8498 -0.0324 0.3611 0.0116 0.9319
46.4865 320.5941 -0.2635 42.5510 -0.0291 0.3606 0.0093 0.9322
46.5904 321.2415 -0.2122 43.2609 -0.0287 0.3610 0.0098 0.9321
46.6942 321.8513 -0.1752 43.9621 -0.0297 0.3615 0.0102 0.9319
46.7981 322.4828 -0.1414 44.6490 -0.0312 0.3622 0.0128 0.9315
46.9019 323.1383 -0.0942 45.3744 -0.0325 0.3639 0.0121 0.9308
47.0058 323.8117 -0.0363 46.0725 -0.0326 0.3663 0.0113 0.9299
47.1097 324.4351 -0.0108 46.7560 -0.0317 0.3691 0.0087 0.9288
47.2136 325.0944 0.0453 47.4632 -0.0298 0.3725 0.0078 0.9275
47.3174 325.7649 0.0745 48.1567 -0.0287 0.3760 0.0070 0.9261
47.4212 326.4446 0.1318 48.8328 -0.0285 0.3798 0.0073 0.9246
47.5251 327.1219 0.1569 49.5437 -0.0289 0.3838 0.0073 0.9229
47.6288 327.8044 0.2052 50.1990 -0.0315 0.3872 0.0061 0.9215
47.7327 328.4923 0.2546 50.8965 -0.0344 0.3917 0.0063 0.9194
47.8364 329.2116 0.3182 51.5838 -0.0373 0.3958 0.0072 0.9176
47.9402 329.9196 0.3425 52.2457 -0.0373 0.3999 0.0052 0.9158
48.0439 330.6059 0.3801 52.9088 -0.0346 0.4033 0.0033 0.9144
48.1477 331.3097 0.4106 53.5392 -0.0318 0.4068 0.0030 0.9130
48.2514 332.0584 0.4670 54.2164 -0.0315 0.4102 0.0037 0.9114
48.3550 332.7875 0.5097 54.8483 -0.0324 0.4134 0.0037 0.9100
48.4588 333.5269 0.5616 55.4754 -0.0331 0.4164 0.0040 0.9086
48.5626 334.2829 0.5920 56.1040 -0.0340 0.4188 0.0045 0.9074
48.6662 335.0300 0.6496 56.7770 -0.0349 0.4212 0.0042 0.9063
48.7699 335.7903 0.7077 57.4357 -0.0359 0.4238 0.0030 0.9050
48.8736 336.5534 0.7428 58.0696 -0.0365 0.4260 0.0022 0.9040
48.9773 337.3020 0.7871 58.7003 -0.0368 0.4281 0.0015 0.9030
49.0809 338.0949 0.8318 59.3526 -0.0371 0.4303 0.0007 0.9019
49.1847 338.8720 0.8841 59.9839 -0.0373 0.4321 -0.0001 0.9010
49.2883 339.6825 0.9253 60.6007 -0.0374 0.4340 -0.0001 0.9001
49.3920 340.4507 0.9769 61.2413 -0.0376 0.4357 -0.0004 0.8993
49.4958 341.2363 1.0228 61.8758 -0.0379 0.4376 -0.0002 0.8984
49.5994 342.0478 1.0581 62.5122 -0.0392 0.4390 -0.0014 0.8976
49.7032 342.8767 1.1361 63.1400 -0.0398 0.4409 -0.0013 0.8967
49.8068 343.6441 1.1657 63.7369 -0.0398 0.4426 -0.0013 0.8958
49.9106 344.4375 1.2106 64.3612 -0.0393 0.4441 -0.0021 0.8951
50.0142 345.2393 1.2541 64.9861 -0.0387 0.4454 -0.0017 0.8945
50.1180 346.0464 1.3100 65.5789 -0.0399 0.4458 0.0004 0.8942
50.2216 346.8902 1.3735 66.2107 -0.0420 0.4462 0.0043 0.8939
50.3253 347.6884 1.4428 66.8072 -0.0439 0.4466 0.0061 0.8937
50.4290 348.4841 1.5045 67.4254 -0.0431 0.4469 0.0067 0.8935
50.5327 349.2745 1.5466 68.0178 -0.0404 0.4472 0.0058 0.8935
50.6365 350.0729 1.6018 68.6107 -0.0373 0.4478 0.0043 0.8933
50.7402 350.8917 1.6418 69.2227 -0.0354 0.4484 0.0044 0.8931
50.8440 351.6975 1.6897 69.8553 -0.0356 0.4491 0.0060 0.8928
50.9476 352.4993 1.7408 70.4493 -0.0364 0.4496 0.0084 0.8924
51.0512 353.3259 1.8008 71.0336 -0.0379 0.4497 0.0103 0.8923
51.1549 354.1393 1.8622 71.6497 -0.0390 0.4501 0.0115 0.8921
51.2586 354.9515 1.9217 72.2491 -0.0390 0.4501 0.0118 0.8920
51.3623 355.7550 1.9754 72.8460 -0.0380 0.4502 0.0115 0.8920
51.4659 356.5653 2.0063 73.4528 -0.0366 0.4502 0.0123 0.8921
51.5697 357.3805 2.0784 74.0502 -0.0366 0.4501 0.0123 0.8921
51.6733 358.2025 2.1468 74.6483 -0.0371 0.4501 0.0142 0.8921
51.7769 358.9807 2.2002 75.2430 -0.0369 0.4506 0.0158 0.8918
51.8807 359.8495 2.2647 75.8871 -0.0364 0.4508 0.0154 0.8917
51.9843 360.6271 2.3025 76.4608 -0.0353 0.4510 0.0160 0.8917
52.0881 361.4218 2.3637 77.0460 -0.0360 0.4510 0.0153 0.8917
52.1917 362.2534 2.4297 77.6497 -0.0361 0.4510 0.0163 0.8916
52.2954 363.0433 2.4810 78.2518 -0.0360 0.4509 0.0183 0.8917
52.3992 363.8672 2.5218 78.8631 -0.0357 0.4508 0.0205 0.8917
52.5029 364.6905 2.5917 79.4605 -0.0352 0.4505 0.0226 0.8918
52.6067 365.5012 2.6702 80.0468 -0.0341 0.4501 0.0257 0.8919
52.7104 366.3040 2.7202 80.6400 -0.0348 0.4496 0.0269 0.8921
52.8142 367.1359 2.7840 81.2568 -0.0342 0.4495 0.0305 0.8921
52.9179 367.9102 2.8627 81.8410 -0.0345 0.4486 0.0321 0.8925
53.0217 368.6899 2.9178 82.4155 -0.0337 0.4480 0.0348 0.8927
53.1254 369.4786 2.9865 82.9968 -0.0342 0.4474 0.0347 0.8930
53.2292 370.2445 3.0533 83.5757 -0.0342 0.4466 0.0348 0.8934
53.3329 371.0005 3.1237 84.1684 -0.0348 0.4458 0.0347 0.8938
53.4365 371.7415 3.1817 84.7196 -0.0355 0.4451 0.0363 0.8940
53.5403 372.4692 3.2427 85.2865 -0.0376 0.4443 0.0373 0.8943
53.6441 373.1514 3.3216 85.8060 -0.0406 0.4444 0.0384 0.8941
53.7478 373.8427 3.3692 86.3654 -0.0436 0.4443 0.0381 0.8940
53.8516 374.5601 3.4433 86.9344 -0.0468 0.4445 0.0358 0.8939
53.9553 375.2073 3.5317 87.4451 -0.0487 0.4449 0.0329 0.8936
54.0590 375.8677 3.5988 87.9544 -0.0504 0.4449 0.0301 0.8936
54.1628 376.5270 3.6667 88.4770 -0.0511 0.4452 0.0281 0.8935
54.2666 377.1807 3.7433 88.9560 -0.0516 0.4457 0.0256 0.8933
54.3702 377.8006 3.8013 89.4253 -0.0509 0.4462 0.0253 0.8931
54.4739 378.3967 3.8644 89.8937 -0.0500 0.4464 0.0269 0.8930
54.5776 378.9957 3.9381 90.3696 -0.0505 0.4466 0.0257 0.8929
54.6813 379.6322 4.0110 90.8255 -0.0506 0.4475 0.0255 0.8925
54.7851 380.1925 4.0730 91.2595 -0.0511 0.4492 0.0248 0.8916
54.8888 380.8004 4.1424 91.7120 -0.0523 0.4518 0.0234 0.8903
54.9927 381.4019 4.2022 92.1405 -0.0524 0.4548 0.0241 0.8887
55.0964 381.9628 4.2622 92.5596 -0.0521 0.4581 0.0235 0.8871
55.2002 382.5168 4.3134 92.9567 -0.0509 0.4615 0.0215 0.8854
55.3040 383.1347 4.3721 93.3621 -0.0508 0.4646 0.0166 0.8839
55.4078 383.7084 4.4317 93.7734 -0.0497 0.4694 0.0153 0.8814
55.5117 384.3243 4.4987 94.1774 -0.0528 0.4748 0.0127 0.8784
55.6154 384.9011 4.5737 94.5032 -0.0545 0.4795 0.0143 0.8757
55.7192 385.4770 4.6472 94.8903 -0.0574 0.4845 0.0146 0.8728
55.8229 386.1043 4.7133 95.2700 -0.0592 0.4895 0.0161 0.8698
55.9267 386.7765 4.7774 95.6402 -0.0596 0.4945 0.0168 0.8670
56.0304 387.4095 4.8511 96.0163 -0.0585 0.4990 0.0176 0.8645
56.1341 388.0621 4.9069 96.3849 -0.0563 0.5030 0.0180 0.8623
56.2378 388.7189 4.9476 96.7127 -0.0532 0.5061 0.0190 0.8606
56.3416 389.3341 5.0278 97.0847 -0.0507 0.5091 0.0214 0.8590
56.4453 390.0034 5.0685 97.4214 -0.0523 0.5114 0.0239 0.8574
56.5491 390.7119 5.1877 97.7849 -0.0566 0.5136 0.0296 0.8557
56.6529 391.4144 5.2694 98.1680 -0.0644 0.5152 0.0325 0.8540
56.7567 392.1177 5.4201 98.5387 -0.0692 0.5172 0.0361 0.8523
56.8604 392.7704 5.5008 98.8837 -0.0712 0.5196 0.0375 0.8506
56.9643 393.4887 5.5750 99.2162 -0.0724 0.5223 0.0359 0.8489
57.0681 394.1863 5.6757 99.5764 -0.0718 0.5250 0.0357 0.8473
57.1719 394.9175 5.8056 99.9244 -0.0716 0.5275 0.0390 0.8456
57.2756 395.5929 5.9402 100.2679 -0.0730 0.5304 0.0416 0.8436
57.3793 396.3583 6.0660 100.5650 -0.0733 0.5335 0.0448 0.8415
57.4831 397.1080 6.1751 100.9276 -0.0724 0.5354 0.0471 0.8402
57.5868 397.7904 6.2868 101.2638 -0.0734 0.5379 0.0455 0.8386
57.6906 398.4928 6.4068 101.5764 -0.0737 0.5404 0.0448 0.8369
57.7943 399.2026 6.5115 101.9225 -0.0736 0.5435 0.0452 0.8350
57.8982 399.9027 6.6324 102.1935 -0.0735 0.5471 0.0451 0.8326
58.0019 400.6041 6.7042 102.4515 -0.0714 0.5513 0.0482 0.8298
58.1058 401.2626 6.8217 102.7591 -0.0725 0.5554 0.0470 0.8271
58.2097 401.9358 6.9458 103.0238 -0.0737 0.5599 0.0460 0.8240
58.3134 402.6278 7.0520 103.2572 -0.0728 0.5644 0.0478 0.8209
58.4173 403.3001 7.1472 103.5221 -0.0716 0.5688 0.0483 0.8179
58.5211 403.9867 7.2369 103.7816 -0.0688 0.5736 0.0479 0.8148
58.6249 404.7044 7.3182 104.0235 -0.0682 0.5790 0.0423 0.8113
58.7287 405.4047 7.4277 104.2472 -0.0659 0.5848 0.0381 0.8076
58.8327 406.0882 7.5147 104.4577 -0.0644 0.5920 0.0352 0.8026
58.9366 406.7657 7.6201 104.6499 -0.0626 0.5996 0.0338 0.7971
59.0404 407.4477 7.7018 104.8339 -0.0598 0.6080 0.0340 0.7909
59.1443 408.1430 7.7891 104.9845 -0.0562 0.6167 0.0328 0.7845
59.2482 408.8111 7.8569 105.1009 -0.0529 0.6246 0.0318 0.7785
59.3521 409.5133 7.9201 105.2338 -0.0490 0.6329 0.0323 0.7720
59.4558 410.2450 7.9842 105.3419 -0.0468 0.6406 0.0340 0.7657
59.5596 410.9439 8.0635 105.4126 -0.0487 0.6470 0.0352 0.7601
59.6633 411.7423 8.1468 105.5861 -0.0510 0.6529 0.0385 0.7547
59.7669 412.5310 8.2594 105.6452 -0.0532 0.6580 0.0416 0.7500
59.8707 413.3000 8.3296 105.7287 -0.0554 0.6621 0.0440 0.7461
59.9743 414.0168 8.4120 105.8470 -0.0570 0.6648 0.0440 0.7435
60.0781 414.7330 8.4898 105.9336 -0.0594 0.6668 0.0441 0.7416
60.1818 415.5304 8.5948 105.9714 -0.0606 0.6704 0.0456 0.7381
60.2856 416.3106 8.7070 106.0663 -0.0617 0.6732 0.0446 0.7356
60.3893 416.9994 8.7967 106.1363 -0.0630 0.6754 0.0357 0.7339
60.4931 417.7276 8.8428 106.1913 -0.0578 0.6773 0.0293 0.7329
60.5968 418.4993 8.8659 106.2668 -0.0546 0.6791 0.0233 0.7317
60.7006 419.2480 8.9623 106.3152 -0.0551 0.6805 0.0216 0.7303
60.8042 420.0639 9.0826 106.4000 -0.0612 0.6804 0.0215 0.7300
60.9080 420.7985 9.2040 106.4556 -0.0617 0.6801 0.0226 0.7302
61.0116 421.6325 9.2368 106.5011 -0.0597 0.6795 0.0156 0.7311
61.1153 422.3666 9.2596 106.5956 -0.0513 0.6788 0.0077 0.7325
61.2189 423.0950 9.2723 106.6666 -0.0471 0.6766 0.0001 0.7348
61.3227 423.8720 9.3338 106.7364 -0.0471 0.6750 -0.0006 0.7363
61.4264 424.6239 9.4194 106.7897 -0.0518 0.6744 0.0025 0.7366
61.5302 425.3263 9.4646 106.8816 -0.0546 0.6733 0.0037 0.7373
61.6338 426.0604 9.4970 106.9543 -0.0533 0.6722 0.0042 0.7384
61.7376 426.8240 9.5169 107.0160 -0.0478 0.6711 0.0022 0.7398
61.8413 427.5190 9.5371 107.0891 -0.0454 0.6700 0.0008 0.7410
61.9451 428.1807 9.5850 107.1368 -0.0434 0.6694 0.0012 0.7416
62.0488 428.8332 9.6343 107.2134 -0.0399 0.6696 0.0019 0.7416
62.1526 429.5379 9.6459 107.3103 -0.0380 0.6698 -0.0001 0.7416
62.2564 430.2555 9.6710 107.3887 -0.0371 0.6701 -0.0025 0.7413
62.3601 430.8519 9.6901 107.4563 -0.0378 0.6708 -0.0058 0.7406
62.4640 431.4267 9.6968 107.4913 -0.0385 0.6732 -0.0077 0.7384
62.5679 432.1146 9.7236 107.5416 -0.0386 0.6781 -0.0095 0.7339
62.6718 432.7201 9.7207 107.5798 -0.0388 0.6839 -0.0104 0.7285
62.7758 433.3844 9.7418 107.5985 -0.0374 0.6906 -0.0106 0.7221
62.8798 434.0475 9.7522 107.6263 -0.0365 0.6976 -0.0097 0.7155
62.9837 434.6281 9.7531 107.6222 -0.0353 0.7036 -0.0092 0.7096
63.0876 435.2592 9.7668 107.6012 -0.0343 0.7099 -0.0095 0.7034
63.1914 435.7932 9.7582 107.5829 -0.0339 0.7160 -0.0094 0.6972
63.2954 436.3579 9.7657 107.5503 -0.0345 0.7223 -0.0095 0.6906
63.3993 436.8941 9.7778 107.5255 -0.0354 0.7290 -0.0096 0.6836
63.5032 437.3847 9.7727 107.4589 -0.0351 0.7353 -0.0099 0.6767
63.6071 437.8531 9.7820 107.3947 -0.0319 0.7412 -0.0108 0.6704
63.7108 438.2709 9.7766 107.3349 -0.0269 0.7466 -0.0124 0.6646
63.8147 438.6790 9.7564 107.2698 -0.0213 0.7515 -0.0138 0.6592
63.9184 439.0559 9.7424 107.2110 -0.0183 0.7556 -0.0169 0.6546
64.0222 439.4327 9.7428 107.1624 -0.0166 0.7593 -0.0196 0.6503
64.1260 439.7706 9.7252 107.0872 -0.0150 0.7624 -0.0209 0.6466
64.2297 440.1172 9.7229 107.0287 -0.0129 0.7652 -0.0204 0.6434
64.3333 440.4518 9.7146 106.9616 -0.0096 0.7675 -0.0177 0.6408
64.4371 440.7115 9.6781 106.8897 -0.0079 0.7692 -0.0151 0.6388
64.5407 440.9826 9.6881 106.8307 -0.0088 0.7709 -0.0145 0.6367
64.6444 441.2479 9.6721 106.7696 -0.0115 0.7723 -0.0158 0.6349
64.7481 441.4675 9.6756 106.7361 -0.0144 0.7735 -0.0164 0.6334
64.8517 441.7175 9.6693 106.7075 -0.0156 0.7746 -0.0173 0.6320
64.9553 441.8987 9.6605 106.6508 -0.0147 0.7754 -0.0169 0.6311
65.0591 442.0800 9.6436 106.6001 -0.0127 0.7759 -0.0162 0.6306
65.1627 442.2349 9.6459 106.5588 -0.0105 0.7762 -0.0154 0.6302
65.2663 442.3869 9.6257 106.5449 -0.0091 0.7761 -0.0162 0.6304
65.3701 442.5371 9.6246 106.5181 -0.0090 0.7754 -0.0168 0.6311
65.4737 442.6782 9.6416 106.4903 -0.0080 0.7746 -0.0156 0.6322
65.5774 442.8352 9.6200 106.4601 -0.0063 0.7734 -0.0123 0.6338
65.6811 442.9699 9.6170 106.3999 -0.0052 0.7716 -0.0095 0.6360
65.7848 443.1407 9.6098 106.3934 -0.0038 0.7704 -0.0093 0.6375
65.8886 443.2786 9.6134 106.3748 -0.0042 0.7691 -0.0106 0.6390
65.9922 443.4152 9.6066 106.3563 -0.0049 0.7676 -0.0122 0.6408
66.0959 443.5625 9.6064 106.3458 -0.0051 0.7658 -0.0136 0.6429
66.1997 443.7204 9.5953 106.3196 -0.0052 0.7639 -0.0137 0.6452
66.3033 443.9090 9.5830 106.3035 -0.0054 0.7619 -0.0138 0.6475
66.4071 444.0859 9.5765 106.2812 -0.0083 0.7595 -0.0155 0.6503
66.5107 444.3163 9.5854 106.2766 -0.0120 0.7567 -0.0168 0.6534
66.6143 444.5250 9.5950 106.2542 -0.0145 0.7536 -0.0176 0.6569
66.7181 444.7780 9.5836 106.2337 -0.0141 0.7506 -0.0163 0.6604
66.8217 445.0117 9.5676 106.2013 -0.0123 0.7469 -0.0132 0.6646
66.9254 445.2635 9.5416 106.1768 -0.0117 0.7431 -0.0115 0.6690
67.0291 445.5377 9.5699 106.1896 -0.0100 0.7380 -0.0098 0.6747
67.1328 445.8009 9.5354 106.1679 -0.0093 0.7324 -0.0095 0.6807
67.2364 446.0785 9.5559 106.1546 -0.0091 0.7265 -0.0082 0.6871
67.3401 446.3651 9.5437 106.1685 -0.0093 0.7192 -0.0079 0.6947
67.4437 446.6441 9.5495 106.1839 -0.0091 0.7116 -0.0078 0.7025
67.5473 446.9527 9.5192 106.2284 -0.0092 0.7040 -0.0091 0.7101
67.6511 447.2861 9.5446 106.2602 -0.0100 0.6958 -0.0123 0.7181
67.7547 447.6047 9.5311 106.2898 -0.0107 0.6871 -0.0151 0.7263
67.8583 447.9172 9.5493 106.3564 -0.0113 0.6779 -0.0150 0.7349
67.9621 448.2907 9.5217 106.4020 -0.0110 0.6683 -0.0139 0.7437
68.0657 448.6421 9.5097 106.5056 -0.0106 0.6590 -0.0122 0.7519
68.1693 449.0024 9.5142 106.5699 -0.0108 0.6490 -0.0120 0.7606
68.2731 449.4038 9.5025 106.6613 -0.0112 0.6390 -0.0118 0.7691
68.3767 449.8133 9.5093 106.8027 -0.0114 0.6292 -0.0120 0.7771
68.4803 450.2036 9.4955 106.8917 -0.0114 0.6188 -0.0117 0.7854
68.5841 450.6250 9.4993 107.0316 -0.0110 0.6091 -0.0111 0.7929
68.6878 451.0699 9.4913 107.1809 -0.0111 0.6003 -0.0108 0.7997
68.7916 451.5416 9.4948 107.3283 -0.0111 0.5918 -0.0104 0.8060
68.8953 452.0028 9.4823 107.5205 -0.0110 0.5841 -0.0101 0.8115
68.9991 452.4821 9.4973 107.6830 -0.0109 0.5763 -0.0100 0.8171
69.1028 452.9973 9.4804 107.9043 -0.0103 0.5688 -0.0094 0.8224
69.2066 453.5230 9.4789 108.1118 -0.0093 0.5612 -0.0075 0.8276
69.3103 454.0506 9.4783 108.3353 -0.0081 0.5532 -0.0060 0.8330
69.4139 454.5729 9.4613 108.5886 -0.0071 0.5453 -0.0045 0.8382
69.5177 455.0997 9.4730 108.8579 -0.0066 0.5380 -0.0041 0.8429
69.6214 455.6786 9.4694 109.1566 -0.0064 0.5312 -0.0049 0.8472
69.7253 456.2284 9.4598 109.4718 -0.0067 0.5249 -0.0054 0.8511
69.8291 456.8378 9.4601 109.7883 -0.0072 0.5192 -0.0051 0.8546
69.9328 457.4250 9.4538 110.1204 -0.0082 0.5145 -0.0047 0.8575
70.0367 458.0075 9.4709 110.4513 -0.0095 0.5106 -0.0042 0.8598
70.1406 458.6260 9.4629 110.8014 -0.0103 0.5076 -0.0037 0.8615
70.2443 459.2500 9.4555 111.1411 -0.0108 0.5050 -0.0040 0.8630
70.3482 459.8759 9.4613 111.5210 -0.0114 0.5032 -0.0042 0.8641
70.4519 460.5168 9.4702 111.9127 -0.0116 0.5016 -0.0046 0.8650
70.5558 461.2039 9.4679 112.3047 -0.0117 0.5006 -0.0053 0.8656
70.6596 461.8854 9.4713 112.6838 -0.0113 0.4991 -0.0049 0.8664
70.7633 462.5376 9.4687 113.0940 -0.0105 0.4977 -0.0045 0.8673
70.8672 463.2457 9.4624 113.5129 -0.0099 0.4965 -0.0050 0.8679
70.9708 463.9687 9.4645 113.9431 -0.0091 0.4953 -0.0050 0.8687
71.0747 464.6933 9.4551 114.3632 -0.0083 0.4939 -0.0052 0.8694
71.1784 465.4167 9.4618 114.7991 -0.0074 0.4931 -0.0046 0.8699
71.2822 466.1539 9.4520 115.2382 -0.0064 0.4922 -0.0033 0.8705
71.3859 466.8684 9.4449 115.6962 -0.0056 0.4913 -0.0025 0.8710
71.4896 467.6282 9.4480 116.1504 -0.0049 0.4903 -0.0035 0.8715
71.5933 468.3804 9.4348 116.6153 -0.0033 0.4899 -0.0042 0.8718
71.6972 469.1402 9.4138 117.1117 -0.0024 0.4898 -0.0048 0.8718
71.8010 469.9273 9.4134 117.5829 -0.0031 0.4897 -0.0055 0.8719
71.9047 470.7359 9.3965 118.0870 -0.0042 0.4896 -0.0044 0.8719
72.0085 471.5126 9.4107 118.5667 -0.0052 0.4894 -0.0038 0.8721
72.1122 472.3402 9.3835 119.0621 -0.0047 0.4891 -0.0032 0.8722
72.2160 473.1650 9.3772 119.5745 -0.0038 0.4889 -0.0029 0.8723
72.3197 473.9923 9.3658 120.0788 -0.0027 0.4885 -0.0016 0.8726
72.4235 474.8197 9.3596 120.6021 -0.0025 0.4882 -0.0010 0.8727
72.5272 475.6818 9.3441 121.1336 -0.0024 0.4877 -0.0007 0.8730
72.6309 476.5250 9.3326 121.6711 -0.0023 0.4873 -0.0003 0.8732
72.7347 477.3881 9.3190 122.2053 -0.0022 0.4872 -0.0005 0.8733
72.8385 478.2676 9.3132 122.7473 -0.0020 0.4868 -0.0013 0.8735
72.9422 479.1296 9.3094 123.3092 -0.0023 0.4864 -0.0015 0.8737
73.0460 480.0703 9.2876 123.8928 -0.0025 0.4867 -0.0011 0.8735
73.1497 480.9258 9.2905 124.4492 -0.0038 0.4871 -0.0028 0.8733
73.2535 481.8345 9.2748 125.0148 -0.0041 0.4882 -0.0044 0.8727
73.3572 482.7475 9.2532 125.5996 -0.0036 0.4902 -0.0060 0.8716
73.4611 483.6420 9.2414 126.1564 -0.0038 0.4933 -0.0081 0.8698
73.5649 484.6041 9.2149 126.7120 -0.0046 0.4977 -0.0117 0.8672
73.6688 485.5364 9.1962 127.2614 -0.0049 0.5033 -0.0141 0.8640
73.7727 486.4944 9.1712 127.8044 -0.0057 0.5099 -0.0157 0.8601
73.8767 487.4805 9.1431 128.3287 -0.0071 0.5172 -0.0161 0.8557
73.9806 488.4160 9.1252 128.8012 -0.0094 0.5247 -0.0161 0.8511
74.0845 489.4198 9.1111 129.2815 -0.0101 0.5322 -0.0169 0.8464
74.1885 490.4286 9.0744 129.7730 -0.0092 0.5401 -0.0178 0.8414
74.2923 491.4272 9.0544 130.2093 -0.0081 0.5482 -0.0197 0.8361
74.3962 492.4447 9.0167 130.6746 -0.0079 0.5570 -0.0202 0.8302
74.5001 493.4690 9.0045 131.0547 -0.0087 0.5661 -0.0205 0.8241
74.6038 494.5262 8.9806 131.4420 -0.0086 0.5758 -0.0199 0.8173
74.7078 495.5768 8.9286 131.8081 -0.0077 0.5861 -0.0210 0.8099
74.8117 496.6126 8.9122 132.1342 -0.0067 0.5965 -0.0244 0.8022
74.9155 497.6891 8.8307 132.4490 -0.0047 0.6078 -0.0256 0.7937
75.0193 498.7477 8.8339 132.7193 -0.0050 0.6191 -0.0305 0.7847
75.1233 499.8269 8.7407 132.9643 -0.0029 0.6312 -0.0302 0.7750
75.2271 500.9651 8.7161 133.1910 -0.0031 0.6428 -0.0332 0.7653
75.3310 502.0355 8.6388 133.3626 -0.0009 0.6539 -0.0335 0.7559
75.4348 503.1528 8.5552 133.4920 0.0017 0.6646 -0.0345 0.7464
75.5386 504.2421 8.4877 133.5956 0.0044 0.6742 -0.0347 0.7378
75.6422 505.3712 8.4033 133.6695 0.0061 0.6831 -0.0342 0.7295
75.7459 506.5106 8.3185 133.7360 0.0067 0.6915 -0.0340 0.7215
75.8496 507.6037 8.2435 133.7583 0.0068 0.6993 -0.0353 0.7139
75.9533 508.7161 8.1642 133.7667 0.0079 0.7072 -0.0367 0.7060
76.0570 509.8458 8.0695 133.7732 0.0087 0.7147 -0.0365 0.6984
76.1606 510.9733 7.9760 133.7228 0.0093 0.7208 -0.0341 0.6922
76.2642 512.1229 7.8875 133.6455 0.0107 0.7256 -0.0317 0.6873
76.3677 513.2718 7.7870 133.5909 0.0141 0.7288 -0.0303 0.6839
76.4713 514.3840 7.6951 133.5022 0.0155 0.7309 -0.0309 0.6816
76.5750 515.5143 7.6016 133.4190 0.0156 0.7324 -0.0313 0.6799
76.6786 516.6174 7.5273 133.3522 0.0157 0.7336 -0.0315 0.6787
76.7822 517.7704 7.4300 133.2685 0.0161 0.7347 -0.0321 0.6774
76.8859 518.9313 7.3263 133.1717 0.0174 0.7358 -0.0331 0.6761
76.9896 520.0818 7.2227 133.0739 0.0186 0.7368 -0.0336 0.6750
77.0932 521.2613 7.1097 132.9647 0.0187 0.7380 -0.0332 0.6737
77.1970 522.4492 7.0173 132.8641 0.0179 0.7392 -0.0317 0.6725
77.3006 523.6331 6.9344 132.7790 0.0171 0.7399 -0.0304 0.6718
77.4042 524.8193 6.8324 132.6666 0.0164 0.7403 -0.0317 0.6713
77.5078 526.0395 6.7264 132.5489 0.0175 0.7404 -0.0336 0.6712
77.6116 527.2217 6.6186 132.4504 0.0184 0.7402 -0.0347 0.6712
77.7152 528.4538 6.5134 132.3392 0.0192 0.7404 -0.0338 0.6711
77.8190 529.6839 6.4005 132.2277 0.0186 0.7401 -0.0342 0.6714
77.9227 530.9444 6.2998 132.1119 0.0182 0.7402 -0.0350 0.6712
78.0263 532.1863 6.1915 132.0162 0.0175 0.7406 -0.0366 0.6708
78.1301 533.4455 6.0807 131.8845 0.0173 0.7413 -0.0357 0.6700
78.2338 534.6823 5.9630 131.7712 0.0170 0.7421 -0.0355 0.6692
78.3375 535.9604 5.8545 131.6362 0.0174 0.7430 -0.0355 0.6682
78.4412 537.2319 5.7331 131.5085 0.0176 0.7436 -0.0358 0.6674
78.5448 538.5260 5.6248 131.3784 0.0174 0.7448 -0.0357 0.6661
78.6486 539.8004 5.5017 131.2394 0.0171 0.7459 -0.0357 0.6649
78.7523 541.0904 5.3947 131.1058 0.0159 0.7470 -0.0362 0.6636
78.8560 542.4040 5.2791 130.9578 0.0157 0.7484 -0.0355 0.6621
78.9597 543.7242 5.1619 130.8034 0.0152 0.7495 -0.0359 0.6609
79.0633 545.0505 5.0527 130.6461 0.0152 0.7505 -0.0364 0.6597
79.1671 546.3722 4.9343 130.4783 0.0152 0.7514 -0.0365 0.6587
79.2708 547.6775 4.8194 130.3006 0.0155 0.7521 -0.0363 0.6579
79.3745 549.0422 4.6895 130.1464 0.0157 0.7531 -0.0370 0.6567
79.4782 550.3920 4.5659 129.9579 0.0159 0.7541 -0.0371 0.6555
79.5820 551.7231 4.4532 129.7896 0.0156 0.7552 -0.0373 0.6542
79.6857 553.0718 4.3335 129.5932 0.0155 0.7564 -0.0372 0.6529
79.7895 554.4684 4.1985 129.3808 0.0155 0.7576 -0.0371 0.6515
79.8932 555.8626 4.0835 129.1698 0.0152 0.7589 -0.0374 0.6500
79.9970 557.2738 3.9510 128.9691 0.0157 0.7600 -0.0372 0.6487
80.1006 558.6550 3.8293 128.7604 0.0159 0.7608 -0.0373 0.6477
80.2043 560.0640 3.6903 128.5455 0.0161 0.7616 -0.0375 0.6468
80.3080 561.4861 3.5639 128.3023 0.0161 0.7623 -0.0377 0.6459
80.4117 562.8914 3.4321 128.0734 0.0161 0.7628 -0.0376 0.6453
80.5153 564.3103 3.3023 127.8596 0.0166 0.7631 -0.0372 0.6449
80.6191 565.7342 3.1712 127.6124 0.0174 0.7636 -0.0369 0.6444
80.7227 567.1473 3.0329 127.3871 0.0178 0.7641 -0.0366 0.6438
80.8264 568.5851 2.9184 127.1418 0.0183 0.7643 -0.0353 0.6436
80.9301 570.0469 2.7853 126.9092 0.0180 0.7645 -0.0359 0.6434
81.0338 571.4394 2.6545 126.6648 0.0179 0.7649 -0.0358 0.6429
81.1375 573.0018 2.5070 126.4021 0.0172 0.7655 -0.0354 0.6423
81.2412 574.4296 2.3868 126.1557 0.0166 0.7658 -0.0349 0.6420
81.3449 575.9259 2.2460 125.9003 0.0165 0.7661 -0.0348 0.6416
81.4486 577.3476 2.1173 125.6541 0.0171 0.7661 -0.0352 0.6416
81.5523 578.8271 1.9787 125.4115 0.0176 0.7662 -0.0348 0.6414
81.6561 580.3611 1.8396 125.1375 0.0168 0.7662 -0.0358 0.6414
81.7597 581.8210 1.7030 124.8958 0.0173 0.7663 -0.0350 0.6413
81.8635 583.3205 1.5684 124.6323 0.0172 0.7663 -0.0356 0.6413
81.9671 584.8069 1.4229 124.3798 0.0183 0.7661 -0.0357 0.6415
82.0708 586.2953 1.2762 124.1140 0.0192 0.7658 -0.0356 0.6418
82.1745 587.7585 1.1375 123.8653 0.0197 0.7653 -0.0350 0.6425
82.2782 589.3032 0.9909 123.6048 0.0208 0.7647 -0.0329 0.6432
82.3820 590.7685 0.8466 123.3611 0.0202 0.7640 -0.0330 0.6440
82.4857 592.2372 0.7036 123.1152 0.0198 0.7638 -0.0329 0.6443
82.5894 593.7079 0.5769 122.8710 0.0207 0.7634 -0.0317 0.6448
82.6931 595.1925 0.4279 122.6459 0.0199 0.7632 -0.0328 0.6450
82.7969 596.6726 0.2995 122.4001 0.0202 0.7630 -0.0326 0.6452
82.9006 598.1582 0.1569 122.1616 0.0204 0.7628 -0.0320 0.6455
83.0042 599.6815 0.0030 121.9263 0.0193 0.7625 -0.0330 0.6458
83.1078 601.1302 -0.1204 121.7082 0.0191 0.7624 -0.0329 0.6460
83.2116 602.6012 -0.2619 121.4578 0.0188 0.7624 -0.0323 0.6460
83.3152 604.0834 -0.4052 121.2086 0.0185 0.7622 -0.0315 0.6463
83.4190 605.5961 -0.5365 120.9727 0.0216 0.7620 -0.0284 0.6466
83.5226 607.0764 -0.6723 120.7256 0.0225 0.7615 -0.0286 0.6472
83.6262 608.5382 -0.8217 120.5117 0.0230 0.7615 -0.0302 0.6470
83.7300 610.0167 -0.9517 120.2690 0.0226 0.7613 -0.0308 0.6473
83.8336 611.4993 -1.0836 120.0390 0.0217 0.7609 -0.0306 0.6478
83.9373 612.9771 -1.2193 119.7989 0.0211 0.7605 -0.0309 0.6482
84.0410 614.4504 -1.3475 119.5985 0.0207 0.7603 -0.0315 0.6485
84.1447 615.9237 -1.4910 119.3686 0.0195 0.7601 -0.0324 0.6487
84.2484 617.4175 -1.6281 119.1246 0.0188 0.7599 -0.0329 0.6489
84.3521 618.8908 -1.7595 118.9249 0.0182 0.7599 -0.0326 0.6490
84.4557 620.3669 -1.8971 118.6749 0.0188 0.7598 -0.0324 0.6491
84.5594 621.8409 -2.0269 118.4559 0.0193 0.7599 -0.0322 0.6489
84.6630 623.3189 -2.1695 118.2307 0.0201 0.7599 -0.0312 0.6490
84.7667 624.7772 -2.3009 118.0076 0.0202 0.7597 -0.0301 0.6493
84.8703 626.2392 -2.4365 117.7856 0.0205 0.7591 -0.0306 0.6499
84.9740 627.6985 -2.5815 117.5767 0.0208 0.7586 -0.0330 0.6504
85.0777 629.1531 -2.7263 117.3702 0.0195 0.7583 -0.0336 0.6507
85.1813 630.6065 -2.8663 117.1653 0.0181 0.7579 -0.0338 0.6512
85.2851 632.0454 -2.9982 116.9606 0.0166 0.7577 -0.0338 0.6516
85.3887 633.4666 -3.1305 116.7486 0.0172 0.7576 -0.0314 0.6518
85.4925 634.8625 -3.2607 116.5309 0.0171 0.7575 -0.0307 0.6519
85.5961 636.2843 -3.3941 116.3379 0.0176 0.7575 -0.0304 0.6519
85.6997 637.6679 -3.5271 116.1525 0.0173 0.7578 -0.0309 0.6515
85.8034 639.0610 -3.6440 115.9596 0.0173 0.7582 -0.0307 0.6511
85.9071 640.4659 -3.7735 115.7464 0.0167 0.7583 -0.0310 0.6510
86.0108 641.8136 -3.9078 115.5628 0.0162 0.7585 -0.0313 0.6507
86.1145 643.1748 -4.0256 115.3744 0.0161 0.7589 -0.0310 0.6503
86.2182 644.4702 -4.1451 115.1625 0.0146 0.7591 -0.0301 0.6502
86.3218 645.7696 -4.2621 114.9623 0.0134 0.7593 -0.0292 0.6499
86.4256 647.0446 -4.3703 114.7837 0.0139 0.7596 -0.0294 0.6496
86.5292 648.2791 -4.4973 114.5995 0.0158 0.7597 -0.0307 0.6494
86.6330 649.4992 -4.6082 114.4362 0.0157 0.7598 -0.0313 0.6492
86.7367 650.6828 -4.7267 114.2405 0.0157 0.7597 -0.0301 0.6494
86.8403 651.8249 -4.8206 114.0813 0.0151 0.7593 -0.0290 0.6499
86.9441 652.9164 -4.9298 113.9078 0.0148 0.7588 -0.0288 0.6505
87.0477 654.0164 -5.0354 113.7423 0.0138 0.7582 -0.0290 0.6512
87.1514 655.0454 -5.1352 113.5790 0.0131 0.7574 -0.0278 0.6522
87.2550 656.0661 -5.2233 113.4342 0.0121 0.7568 -0.0262 0.6530
87.3587 657.0246 -5.2925 113.3032 0.0113 0.7564 -0.0258 0.6535
87.4625 657.9800 -5.3859 113.1731 0.0118 0.7562 -0.0258 0.6537
87.5662 658.8681 -5.4634 113.0519 0.0124 0.7560 -0.0266 0.6539
87.6699 659.7006 -5.5344 112.9441 0.0128 0.7559 -0.0266 0.6540
87.7736 660.5020 -5.6143 112.8311 0.0119 0.7559 -0.0275 0.6540
87.8773 661.2769 -5.6736 112.7177 0.0107 0.7567 -0.0285 0.6530
87.9812 661.9881 -5.7388 112.6207 0.0094 0.7595 -0.0299 0.6498
88.0852 662.6713 -5.8007 112.5274 0.0082 0.7650 -0.0314 0.6432
88.1892 663.3240 -5.8481 112.4026 0.0068 0.7723 -0.0334 0.6343
88.2933 663.9423 -5.9117 112.2539 0.0071 0.7814 -0.0343 0.6230
88.3975 664.5641 -5.9745 112.0744 0.0083 0.7918 -0.0353 0.6097
88.5016 665.1530 -6.0450 111.9014 0.0102 0.8035 -0.0353 0.5941
88.6058 665.6982 -6.0911 111.6764 0.0109 0.8165 -0.0353 0.5762
88.7101 666.2130 -6.1394 111.4332 0.0111 0.8308 -0.0350 0.5553
88.8143 666.7416 -6.2042 111.1756 0.0105 0.8451 -0.0344 0.5334
88.9186 667.2137 -6.2324 110.8546 0.0108 0.8594 -0.0339 0.5100
89.0228 667.6748 -6.2898 110.5703 0.0113 0.8745 -0.0341 0.4837
89.1271 668.1021 -6.3686 110.1889 0.0124 0.8890 -0.0349 0.4564
89.2313 668.5094 -6.4077 109.8311 0.0130 0.9035 -0.0366 0.4268
89.3356 668.8653 -6.4594 109.4306 0.0141 0.9168 -0.0388 0.3971
89.4396 669.2020 -6.4975 109.0353 0.0177 0.9292 -0.0398 0.3670
89.5437 669.4741 -6.5914 108.6202 0.0218 0.9406 -0.0384 0.3366
89.6478 669.7571 -6.6320 108.1428 0.0226 0.9509 -0.0380 0.3063
89.7518 669.9907 -6.6662 107.7322 0.0223 0.9604 -0.0385 0.2751
89.8558 670.1957 -6.7074 107.2238 0.0231 0.9687 -0.0381 0.2441
89.9597 670.3808 -6.7724 106.7575 0.0260 0.9762 -0.0374 0.2120
90.0637 670.5269 -6.8248 106.2714 0.0294 0.9823 -0.0387 0.1808
90.1676 670.5971 -6.8721 105.7574 0.0307 0.9876 -0.0415 0.1484
90.2715 670.7189 -6.9263 105.2584 0.0310 0.9918 -0.0451 0.1156
90.3755 670.7612 -6.9704 104.6787 0.0317 0.9950 -0.0466 0.0826
90.4793 670.7720 -7.0160 104.1938 0.0317 0.9972 -0.0461 0.0502
90.5831 670.7413 -7.0694 103.6462 0.0325 0.9983 -0.0455 0.0170
90.6870 670.6864 -7.1381 103.0241 0.0329 0.9982 -0.0466 -0.0164
90.7908 670.5863 -7.1868 102.5031 0.0335 0.9970 -0.0489 -0.0503
90.8946 670.4759 -7.2435 101.9119 0.0336 0.9946 -0.0511 -0.0838
90.9985 670.3232 -7.2931 101.3568 0.0338 0.9910 -0.0533 -0.1179
91.1021 670.1191 -7.3424 100.8023 0.0341 0.9866 -0.0549 -0.1500
91.2058 669.8422 -7.4141 100.2305 0.0358 0.9814 -0.0548 -0.1802
91.3095 669.5739 -7.4733 99.6734 0.0363 0.9755 -0.0558 -0.2099
91.4130 669.2406 -7.5348 99.1056 0.0374 0.9693 -0.0566 -0.2363
91.5166 668.8927 -7.6043 98.5253 0.0381 0.9631 -0.0575 -0.2600
91.6202 668.4821 -7.6656 97.9764 0.0388 0.9570 -0.0594 -0.2813
91.7237 668.0872 -7.7220 97.4030 0.0393 0.9515 -0.0605 -0.2992
91.8272 667.6738 -7.8004 96.8730 0.0402 0.9467 -0.0595 -0.3140
91.9306 667.1944 -7.8598 96.3119 0.0404 0.9426 -0.0571 -0.3265
92.0341 666.7457 -7.9345 95.7259 0.0393 0.9390 -0.0545 -0.3374
92.1377 666.2543 -7.9876 95.1638 0.0374 0.9357 -0.0522 -0.3469
92.2412 665.7474 -8.0570 94.6044 0.0364 0.9323 -0.0503 -0.3564
92.3449 665.2194 -8.1319 94.0465 0.0352 0.9289 -0.0479 -0.3656
92.4486 664.6555 -8.1762 93.4583 0.0316 0.9251 -0.0444 -0.3758
92.5522 664.0994 -8.2346 92.9080 0.0280 0.9214 -0.0409 -0.3855
92.6560 663.5407 -8.2901 92.3709 0.0272 0.9172 -0.0370 -0.3959
92.7597 662.9376 -8.3422 91.7965 0.0247 0.9125 -0.0321 -0.4071
92.8635 662.3352 -8.3775 91.2805 0.0217 0.9075 -0.0273 -0.4186
92.9672 661.7195 -8.4103 90.7681 0.0196 0.9022 -0.0248 -0.4302
93.0710 661.0502 -8.4541 90.2658 0.0181 0.8964 -0.0226 -0.4422
93.1747 660.3926 -8.4851 89.7952 0.0190 0.8905 -0.0214 -0.4542
93.2785 659.7223 -8.5084 89.3270 0.0205 0.8842 -0.0190 -0.4662
93.3821 658.9922 -8.5131 88.8753 0.0224 0.8783 -0.0170 -0.4773
93.4858 658.2882 -8.5512 88.4394 0.0244 0.8729 -0.0157 -0.4870
93.5895 657.5070 -8.5638 88.0194 0.0257 0.8685 -0.0141 -0.4947
93.6931 656.7981 -8.5831 87.5736 0.0264 0.8657 -0.0120 -0.4997
93.7967 656.0757 -8.5860 87.1568 0.0272 0.8639 -0.0095 -0.5028
93.9004 655.3024 -8.5936 86.7292 0.0269 0.8631 -0.0064 -0.5043
94.0040 654.5579 -8.5633 86.2748 0.0250 0.8628 -0.0034 -0.5050
94.1076 653.7746 -8.5612 85.8178 0.0227 0.8631 -0.0027 -0.5046
94.2113 652.9900 -8.5867 85.3695 0.0193 0.8637 -0.0039 -0.5037
94.3150 652.2215 -8.6222 84.8906 0.0160 0.8647 -0.0060 -0.5020
94.4186 651.4330 -8.6239 84.3851 0.0135 0.8664 -0.0082 -0.4991
94.5222 650.6148 -8.6325 83.9296 0.0139 0.8677 -0.0094 -0.4968
94.6260 649.8310 -8.6212 83.4284 0.0158 0.8692 -0.0097 -0.4941
94.7297 649.0294 -8.6303 82.9463 0.0153 0.8704 -0.0100 -0.4919
94.8335 648.1992 -8.6798 82.4361 0.0126 0.8706 -0.0111 -0.4916
94.9372 647.3806 -8.7181 81.9028 0.0084 0.8707 -0.0120 -0.4916
95.0410 646.5178 -8.7288 81.3564 0.0068 0.8708 -0.0114 -0.4915
95.1447 645.6833 -8.7662 80.8681 0.0075 0.8710 -0.0118 -0.4910
95.2484 644.8092 -8.7692 80.3360 0.0081 0.8716 -0.0107 -0.4901
95.3521 643.9750 -8.8120 79.8295 0.0106 0.8720 -0.0100 -0.4893
95.4559 643.1098 -8.8002 79.3225 0.0134 0.8726 -0.0102 -0.4882
95.5595 642.2368 -8.8481 78.7539 0.0119 0.8735 -0.0088 -0.4866
95.6631 641.3738 -8.8715 78.2305 0.0106 0.8744 -0.0081 -0.4851
95.7669 640.5187 -8.8940 77.6642 0.0097 0.8753 -0.0072 -0.4834
95.8705 639.6510 -8.9151 77.1101 0.0145 0.8762 -0.0092 -0.4816
95.9742 638.8471 -8.9365 76.5802 0.0141 0.8774 -0.0091 -0.4795
96.0779 637.9920 -8.9642 76.0128 0.0139 0.8784 -0.0100 -0.4775
96.1816 637.1752 -8.9960 75.4777 0.0126 0.8794 -0.0098 -0.4758
96.2853 636.3347 -9.0011 74.8929 0.0144 0.8797 -0.0099 -0.4752
96.3891 635.4976 -9.0231 74.3439 0.0160 0.8801 -0.0097 -0.4745
96.4929 634.6699 -9.0528 73.7910 0.0141 0.8806 -0.0095 -0.4736
96.5966 633.8569 -9.1068 73.2471 0.0116 0.8809 -0.0094 -0.4730
96.7004 633.0842 -9.1082 72.7236 0.0124 0.8810 -0.0092 -0.4729
96.8040 632.2623 -9.1214 72.1571 0.0140 0.8808 -0.0080 -0.4732
96.9077 631.4585 -9.1648 71.5965 0.0138 0.8810 -0.0071 -0.4728
97.0115 630.6712 -9.1889 71.0940 0.0120 0.8810 -0.0073 -0.4729
97.1151 629.8827 -9.2012 70.5806 0.0128 0.8813 -0.0085 -0.4723
97.2189 629.1333 -9.2301 70.0527 0.0130 0.8815 -0.0084 -0.4720
97.3225 628.3465 -9.2471 69.5516 0.0141 0.8820 -0.0090 -0.4710
97.4262 627.5874 -9.2870 69.0259 0.0127 0.8827 -0.0091 -0.4698
97.5300 626.8853 -9.2972 68.5108 0.0132 0.8835 -0.0089 -0.4682
97.6337 626.1385 -9.3333 67.9992 0.0129 0.8841 -0.0072 -0.4671
97.7375 625.4309 -9.3587 67.5029 0.0139 0.8849 -0.0069 -0.4656
97.8412 624.7250 -9.3782 67.0184 0.0121 0.8853 -0.0078 -0.4648
97.9451 624.0268 -9.3879 66.5052 0.0119 0.8859 -0.0085 -0.4637
98.0487 623.3780 -9.4219 66.0440 0.0112 0.8864 -0.0079 -0.4627
98.1525 622.7413 -9.4603 65.5845 0.0116 0.8865 -0.0076 -0.4625
98.2562 622.0854 -9.4608 65.1079 0.0107 0.8867 -0.0074 -0.4621
98.3600 621.4735 -9.4765 64.6674 0.0101 0.8870 -0.0075 -0.4615
98.4637 620.8886 -9.5029 64.2452 0.0114 0.8874 -0.0068 -0.4609
98.5675 620.3307 -9.5296 63.8466 0.0123 0.8878 -0.0054 -0.4599
98.6712 619.7238 -9.5478 63.4289 0.0129 0.8882 -0.0042 -0.4592
98.7749 619.2393 -9.5648 63.0627 0.0128 0.8887 -0.0035 -0.4582
98.8786 618.7459 -9.5764 62.6936 0.0127 0.8893 -0.0033 -0.4571
98.9823 618.2703 -9.5807 62.3482 0.0127 0.8897 -0.0033 -0.4563
99.0861 617.8244 -9.6113 62.0188 0.0124 0.8901 -0.0043 -0.4556
99.1897 617.3714 -9.6270 61.7012 0.0123 0.8903 -0.0048 -0.4551
99.2935 616.9810 -9.6217 61.4164 0.0125 0.8906 -0.0050 -0.4545
99.3972 616.6251 -9.6403 61.1341 0.0128 0.8907 -0.0058 -0.4543
99.5008 616.2852 -9.6451 60.8713 0.0119 0.8908 -0.0061 -0.4542
99.6046 615.9282 -9.6527 60.6289 0.0116 0.8907 -0.0056 -0.4543
99.7083 615.6451 -9.6623 60.4214 0.0125 0.8912 -0.0053 -0.4535
99.8120 615.3656 -9.6719 60.2150 0.0142 0.8913 -0.0065 -0.4531
99.9157 615.0867 -9.6738 60.0115 0.0136 0.8913 -0.0067 -0.4532
100.0193 614.8825 -9.6976 59.8378 0.0135 0.8916 -0.0071 -0.4526
100.1231 614.6709 -9.7027 59.6761 0.0138 0.8919 -0.0072 -0.4519
100.2267 614.4785 -9.7133 59.5286 0.0141 0.8919 -0.0067 -0.4519
100.3305 614.2670 -9.7196 59.4025 0.0151 0.8917 -0.0074 -0.4523
100.4341 614.1079 -9.7132 59.2737 0.0138 0.8919 -0.0082 -0.4519
100.5379 613.9306 -9.7178 59.1285 0.0137 0.8921 -0.0102 -0.4516
100.6415 613.7668 -9.7314 59.0101 0.0141 0.8919 -0.0108 -0.4518
100.7452 613.6120 -9.7371 58.9086 0.0143 0.8920 -0.0109 -0.4517
100.8489 613.4357 -9.7491 58.7598 0.0146 0.8920 -0.0109 -0.4517
100.9526 613.2677 -9.7547 58.6459 0.0150 0.8920 -0.0110 -0.4517
101.0562 613.1081 -9.7633 58.5117 0.0148 0.8919 -0.0111 -0.4519
101.1600 612.9334 -9.7431 58.3870 0.0132 0.8919 -0.0111 -0.4520
101.2636 612.7642 -9.7448 58.2826 0.0132 0.8919 -0.0110 -0.4518
101.3674 612.6061 -9.7737 58.1567 0.0140 0.8920 -0.0109 -0.4517
101.4710 612.4363 -9.7860 58.0229 0.0148 0.8920 -0.0110 -0.4516
101.5747 612.2689 -9.7838 57.9128 0.0143 0.8921 -0.0107 -0.4515
101.6784 612.1311 -9.7964 57.8047 0.0149 0.8920 -0.0109 -0.4517
101.7821 611.9705 -9.7871 57.6815 0.0143 0.8920 -0.0109 -0.4517
101.8859 611.8039 -9.7838 57.5695 0.0136 0.8920 -0.0107 -0.4516
101.9896 611.6668 -9.8004 57.4642 0.0150 0.8920 -0.0112 -0.4517
102.0932 611.5335 -9.8201 57.3586 0.0161 0.8919 -0.0113 -0.4518
102.1970 611.4320 -9.8255 57.2957 0.0156 0.8919 -0.0108 -0.4518
102.3007 611.3080 -9.8201 57.1919 0.0156 0.8919 -0.0110 -0.4517
102.4045 611.1661 -9.8206 57.0761 0.0148 0.8920 -0.0112 -0.4516
102.5083 611.0371 -9.8247 57.0041 0.0142 0.8920 -0.0111 -0.4516
102.6119 610.9206 -9.8265 56.9187 0.0146 0.8920 -0.0115 -0.4516
102.7156 610.8000 -9.8318 56.8325 0.0151 0.8918 -0.0119 -0.4519
102.8194 610.6970 -9.8373 56.7492 0.0155 0.8919 -0.0120 -0.4519
102.9230 610.5780 -9.8481 56.6561 0.0157 0.8920 -0.0110 -0.4517
103.0267 610.4926 -9.8318 56.5733 0.0145 0.8921 -0.0087 -0.4516
103.1305 610.3791 -9.8579 56.4904 0.0136 0.8920 -0.0084 -0.4518
103.2341 610.2800 -9.8681 56.4161 0.0138 0.8919 -0.0103 -0.4519
103.3379 610.1440 -9.8569 56.3236 0.0132 0.8920 -0.0105 -0.4516
103.4415 610.0594 -9.8654 56.2578 0.0136 0.8920 -0.0107 -0.4517
103.5452 609.9885 -9.8686 56.1924 0.0139 0.8920 -0.0109 -0.4516
103.6490 609.8359 -9.8655 56.0915 0.0131 0.8920 -0.0111 -0.4517
103.7526 609.7194 -9.8746 56.0160 0.0121 0.8922 -0.0113 -0.4513
103.8564 609.6107 -9.8806 55.9269 0.0119 0.8924 -0.0132 -0.4509
103.9601 609.4374 -9.8881 55.8036 0.0113 0.8926 -0.0145 -0.4505
104.0637 609.2866 -9.8998 55.6877 0.0114 0.8930 -0.0164 -0.4496
104.1674 609.1268 -9.9000 55.5434 0.0110 0.8936 -0.0172 -0.4485
104.2710 608.8938 -9.9082 55.3734 0.0104 0.8946 -0.0179 -0.4463
104.3746 608.6663 -9.9053 55.1940 0.0108 0.8958 -0.0190 -0.4440
104.4782 608.4175 -9.9170 54.9958 0.0118 0.8970 -0.0200 -0.4414
104.5820 608.1533 -9.9237 54.7930 0.0117 0.8986 -0.0214 -0.4382
104.6857 607.8642 -9.9280 54.5259 0.0108 0.9005 -0.0215 -0.4342
104.7894 607.5845 -9.9633 54.2890 0.0113 0.9025 -0.0222 -0.4299
104.8930 607.2390 -9.9665 54.0347 0.0126 0.9047 -0.0228 -0.4253
104.9967 606.9274 -9.9878 53.7466 0.0143 0.9068 -0.0224 -0.4208
105.1005 606.5962 -10.0050 53.4508 0.0151 0.9088 -0.0212 -0.4164
105.2041 606.2495 -10.0410 53.1035 0.0137 0.9111 -0.0218 -0.4113
105.3077 605.8699 -10.0469 52.7618 0.0123 0.9132 -0.0223 -0.4066
105.4115 605.4841 -10.0686 52.4052 0.0146 0.9152 -0.0205 -0.4022
105.5153 605.0819 -10.0878 52.0264 0.0176 0.9170 -0.0199 -0.3979
105.6189 604.6578 -10.1105 51.6183 0.0173 0.9190 -0.0185 -0.3935
105.7226 604.2475 -10.1121 51.1809 0.0170 0.9204 -0.0162 -0.3904
105.8265 603.8453 -10.1386 50.7520 0.0159 0.9215 -0.0139 -0.3879
105.9302 603.3849 -10.1708 50.2875 0.0133 0.9225 -0.0126 -0.3855
106.0341 602.9468 -10.1786 49.8336 0.0124 0.9230 -0.0117 -0.3844
106.1379 602.4950 -10.1833 49.3540 0.0111 0.9232 -0.0099 -0.3840
106.2417 602.0355 -10.2138 48.8962 0.0115 0.9237 -0.0098 -0.3827
106.3455 601.5278 -10.2105 48.4084 0.0113 0.9241 -0.0097 -0.3819
106.4492 600.9856 -10.2418 47.8519 0.0115 0.9243 -0.0100 -0.3814
106.5530 600.5070 -10.2630 47.3202 0.0087 0.9249 -0.0122 -0.3800
106.6568 599.9974 -10.2566 46.7782 0.0045 0.9251 -0.0140 -0.3795
106.7605 599.4748 -10.2996 46.2280 0.0030 0.9253 -0.0162 -0.3788
106.8642 598.9102 -10.3224 45.6823 0.0053 0.9257 -0.0172 -0.3779
106.9680 598.3242 -10.3501 45.0555 0.0067 0.9259 -0.0155 -0.3775
107.0718 597.7729 -10.3750 44.4747 0.0059 0.9261 -0.0144 -0.3770
107.1755 597.1897 -10.4004 43.8799 0.0073 0.9264 -0.0139 -0.3761
107.2791 596.5964 -10.4261 43.2356 0.0042 0.9270 -0.0128 -0.3748
107.3829 596.0122 -10.4662 42.6107 0.0069 0.9275 -0.0126 -0.3735
107.4865 595.3790 -10.4874 41.9657 0.0084 0.9283 -0.0125 -0.3716
107.5902 594.7471 -10.5229 41.2968 0.0087 0.9292 -0.0125 -0.3692
107.6939 594.1369 -10.5507 40.6113 0.0096 0.9302 -0.0119 -0.3667
107.7976 593.5171 -10.5599 39.9415 0.0105 0.9313 -0.0113 -0.3640
107.9012 592.9022 -10.6088 39.2452 0.0110 0.9322 -0.0113 -0.3616
108.0050 592.2981 -10.6171 38.5649 0.0106 0.9329 -0.0124 -0.3599
108.1087 591.6889 -10.6697 37.8850 0.0104 0.9334 -0.0137 -0.3583
108.2125 591.0879 -10.6942 37.1903 0.0089 0.9337 -0.0145 -0.3576
108.3162 590.4732 -10.7356 36.4981 0.0084 0.9335 -0.0156 -0.3583
108.4200 589.8557 -10.7781 35.8022 0.0065 0.9333 -0.0150 -0.3588
108.5237 589.2825 -10.8254 35.1002 0.0049 0.9330 -0.0144 -0.3597
108.6275 588.6602 -10.8585 34.4175 0.0059 0.9327 -0.0144 -0.3604
108.7312 588.0142 -10.8876 33.7466 0.0061 0.9324 -0.0143 -0.3612
108.8351 587.4004 -10.9272 33.0496 0.0068 0.9318 -0.0144 -0.3627
108.9389 586.7992 -10.9550 32.3830 0.0063 0.9314 -0.0149 -0.3637
109.0426 586.1816 -11.0000 31.6933 0.0062 0.9309 -0.0161 -0.3648
109.1464 585.5364 -11.0281 30.9912 0.0066 0.9304 -0.0164 -0.3661
109.2501 584.9081 -11.0727 30.3491 0.0065 0.9300 -0.0161 -0.3671
109.3539 584.2691 -11.1091 29.6463 0.0067 0.9294 -0.0162 -0.3685
109.4576 583.6272 -11.1560 28.9475 0.0067 0.9289 -0.0166 -0.3699
109.5612 582.9864 -11.1738 28.2938 0.0057 0.9285 -0.0170 -0.3710
109.6650 582.3347 -11.2420 27.6209 0.0063 0.9281 -0.0183 -0.3719
109.7687 581.6665 -11.2820 26.8979 0.0061 0.9277 -0.0183 -0.3728
109.8724 581.0181 -11.3348 26.2253 0.0064 0.9277 -0.0181 -0.3728
109.9761 580.3602 -11.3555 25.5034 0.0064 0.9276 -0.0175 -0.3731
110.0797 579.6788 -11.4250 24.7929 0.0063 0.9276 -0.0176 -0.3732
110.1835 578.9949 -11.4627 24.0886 0.0060 0.9277 -0.0180 -0.3728
110.2872 578.3690 -11.5137 23.4244 0.0056 0.9279 -0.0183 -0.3724
110.3909 577.6910 -11.5501 22.6927 0.0056 0.9282 -0.0182 -0.3716
110.4946 577.0164 -11.6022 21.9956 0.0056 0.9285 -0.0181 -0.3709
110.5982 576.3521 -11.6338 21.2870 0.0047 0.9287 -0.0189 -0.3702
110.7020 575.6874 -11.7021 20.5391 0.0034 0.9290 -0.0203 -0.3695
110.8056 575.0287 -11.7514 19.8554 0.0025 0.9294 -0.0202 -0.3684
110.9092 574.3836 -11.8022 19.1256 0.0041 0.9298 -0.0198 -0.3676
111.0129 573.7270 -11.8527 18.3985 0.0049 0.9303 -0.0177 -0.3663
111.1166 573.0560 -11.8948 17.6940 0.0041 0.9307 -0.0165 -0.3654
111.2202 572.4145 -11.9449 16.9792 0.0054 0.9311 -0.0172 -0.3644
111.3240 571.7826 -11.9949 16.2651 0.0050 0.9315 -0.0176 -0.3633
111.4276 571.1515 -12.0429 15.5794 0.0057 0.9319 -0.0181 -0.3621
111.5314 570.5049 -12.1003 14.8726 0.0060 0.9323 -0.0189 -0.3610
111.6350 569.8618 -12.1403 14.1692 0.0039 0.9326 -0.0191 -0.3603
111.7387 569.2474 -12.2030 13.4818 0.0040 0.9329 -0.0203 -0.3595
111.8424 568.6187 -12.2381 12.7586 0.0038 0.9334 -0.0200 -0.3584
111.9461 568.0012 -12.2877 12.0800 0.0047 0.9336 -0.0181 -0.3578
112.0497 567.3631 -12.3210 11.3246 0.0044 0.9339 -0.0163 -0.3572
112.1535 566.7755 -12.3759 10.6527 0.0033 0.9339 -0.0159 -0.3572
112.2571 566.1812 -12.4290 9.9818 0.0014 0.9337 -0.0165 -0.3576
112.3609 565.5485 -12.4734 9.2585 0.0011 0.9332 -0.0178 -0.3588
112.4646 564.9539 -12.5329 8.6214 0.0030 0.9328 -0.0193 -0.3598
112.5682 564.3501 -12.5719 7.9601 0.0055 0.9325 -0.0197 -0.3606
112.6720 563.7512 -12.6276 7.2871 0.0058 0.9321 -0.0205 -0.3616
112.7756 563.1443 -12.6623 6.6386 0.0073 0.9316 -0.0214 -0.3627
112.8794 562.5285 -12.7284 5.9678 0.0078 0.9313 -0.0213 -0.3637
112.9830 561.9420 -12.7757 5.3132 0.0072 0.9309 -0.0221 -0.3645
113.0867 561.3987 -12.8277 4.7195 0.0066 0.9303 -0.0237 -0.3659
113.1905 560.8485 -12.9004 4.0990 0.0033 0.9299 -0.0267 -0.3669
113.2941 560.2892 -12.9698 3.4840 0.0006 0.9294 -0.0291 -0.3679
113.3978 559.7283 -13.0087 2.8739 0.0002 0.9291 -0.0303 -0.3685
113.5015 559.2141 -13.0741 2.3018 0.0007 0.9289 -0.0290 -0.3692
113.6052 558.6951 -13.1196 1.7965 0.0038 0.9288 -0.0284 -0.3696
113.7090 558.2371 -13.1914 1.2962 0.0025 0.9286 -0.0280 -0.3701
113.8126 557.7585 -13.2213 0.7738 0.0058 0.9284 -0.0303 -0.3703
113.9164 557.2973 -13.3112 0.3152 0.0047 0.9283 -0.0322 -0.3703
114.0201 556.8631 -13.3621 -0.1439 0.0032 0.9284 -0.0332 -0.3701
114.1239 556.4333 -13.3917 -0.6156 0.0043 0.9283 -0.0339 -0.3702
114.2276 556.0517 -13.4479 -1.0413 0.0055 0.9284 -0.0336 -0.3699
114.3314 555.6806 -13.5002 -1.4412 0.0051 0.9286 -0.0327 -0.3697
114.4350 555.2965 -13.5378 -1.8440 0.0050 0.9284 -0.0338 -0.3699
114.5387 554.9297 -13.5856 -2.2350 0.0021 0.9283 -0.0349 -0.3701
114.6425 554.5981 -13.6348 -2.6184 -0.0007 0.9283 -0.0346 -0.3702
114.7463 554.2688 -13.6746 -2.9810 -0.0005 0.9283 -0.0346 -0.3701
114.8500 553.9206 -13.7069 -3.3382 -0.0005 0.9284 -0.0341 -0.3700
114.9538 553.5900 -13.7505 -3.6711 0.0010 0.9283 -0.0331 -0.3704
115.0574 553.3056 -13.8031 -4.0148 -0.0004 0.9282 -0.0322 -0.3708
115.1611 552.9707 -13.8305 -4.3665 -0.0015 0.9280 -0.0317 -0.3712
115.2649 552.6974 -13.8712 -4.6777 -0.0015 0.9280 -0.0318 -0.3713
115.3686 552.3598 -13.9080 -4.9878 0.0005 0.9278 -0.0326 -0.3717
115.4724 552.0769 -13.9318 -5.3052 0.0008 0.9278 -0.0331 -0.3716
115.5761 551.7765 -13.9623 -5.5920 0.0012 0.9278 -0.0333 -0.3717
115.6797 551.5106 -13.9944 -5.8746 0.0014 0.9278 -0.0337 -0.3716
115.7835 551.2480 -14.0329 -6.1693 0.0015 0.9277 -0.0337 -0.3717
115.8871 550.9831 -14.0592 -6.4389 0.0019 0.9278 -0.0342 -0.3714
115.9909 550.7273 -14.0907 -6.6956 0.0017 0.9279 -0.0348 -0.3712
116.0946 550.5051 -14.1256 -6.9455 0.0014 0.9280 -0.0358 -0.3708
116.1983 550.2618 -14.1560 -7.2045 0.0010 0.9280 -0.0370 -0.3706
116.3020 550.0398 -14.1913 -7.4323 0.0025 0.9283 -0.0393 -0.3697
116.4056 549.8217 -14.2253 -7.6506 0.0043 0.9285 -0.0408 -0.3690
116.5094 549.5972 -14.2491 -7.8840 0.0046 0.9291 -0.0415 -0.3675
116.6133 549.4002 -14.2754 -8.1203 0.0045 0.9296 -0.0418 -0.3662
116.7167 549.2116 -14.2971 -8.3328 0.0022 0.9301 -0.0417 -0.3648
116.8205 549.0527 -14.3156 -8.4979 0.0017 0.9308 -0.0417 -0.3632
116.9242 548.8910 -14.3372 -8.6835 0.0009 0.9312 -0.0415 -0.3622
117.0280 548.7237 -14.3644 -8.8502 0.0009 0.9317 -0.0415 -0.3609
117.1316 548.5590 -14.3967 -9.0502 0.0011 0.9320 -0.0416 -0.3600
117.2354 548.4333 -14.4141 -9.1956 0.0011 0.9324 -0.0418 -0.3590
117.3391 548.3063 -14.4445 -9.3559 0.0013 0.9326 -0.0421 -0.3584
117.4429 548.2067 -14.4578 -9.4617 0.0008 0.9328 -0.0430 -0.3578
117.5467 548.0894 -14.4707 -9.6027 0.0002 0.9326 -0.0439 -0.3581
117.6504 547.9570 -14.4855 -9.7442 -0.0005 0.9324 -0.0447 -0.3586
117.7540 547.8591 -14.5055 -9.8405 -0.0004 0.9323 -0.0450 -0.3588
117.8577 547.7645 -14.5123 -9.9259 -0.0005 0.9323 -0.0455 -0.3589
117.9615 547.6959 -14.5395 -10.0493 -0.0006 0.9323 -0.0459 -0.3588
118.0651 547.6159 -14.5436 -10.1169 -0.0008 0.9325 -0.0461 -0.3582
118.1689 547.5243 -14.5530 -10.2275 -0.0009 0.9324 -0.0463 -0.3584
118.2725 547.4727 -14.5663 -10.3050 -0.0010 0.9326 -0.0465 -0.3580
118.3763 547.3739 -14.5816 -10.3937 -0.0015 0.9326 -0.0468 -0.3579
118.4799 547.3166 -14.5976 -10.4685 -0.0018 0.9326 -0.0469 -0.3577
118.5836 547.2615 -14.6077 -10.5346 -0.0023 0.9328 -0.0473 -0.3572
118.6872 547.2078 -14.6121 -10.5918 -0.0022 0.9328 -0.0474 -0.3572
118.7910 547.1487 -14.6203 -10.6337 -0.0021 0.9330 -0.0474 -0.3568
118.8948 547.1120 -14.6288 -10.7135 -0.0021 0.9330 -0.0476 -0.3567
118.9985 547.0836 -14.6391 -10.7548 -0.0024 0.9331 -0.0480 -0.3564
119.1021 547.0372 -14.6400 -10.7903 -0.0026 0.9331 -0.0480 -0.3563
119.2059 546.9882 -14.6499 -10.8465 -0.0026 0.9332 -0.0482 -0.3562
119.3096 546.9552 -14.6596 -10.8990 -0.0025 0.9332 -0.0482 -0.3561
119.4132 546.9209 -14.6651 -10.9400 -0.0027 0.9332 -0.0484 -0.3560
119.5170 546.9155 -14.6550 -10.9555 -0.0029 0.9334 -0.0487 -0.3556
119.6207 546.8577 -14.6723 -11.0024 -0.0029 0.9333 -0.0489 -0.3558
119.7244 546.8075 -14.6737 -11.0442 -0.0030 0.9333 -0.0490 -0.3558
119.8281 546.7647 -14.6712 -11.0825 -0.0032 0.9333 -0.0492 -0.3557
119.9319 546.7709 -14.6782 -11.1049 -0.0030 0.9334 -0.0491 -0.3555
120.0355 546.7486 -14.6824 -11.1236 -0.0032 0.9334 -0.0493 -0.3555
120.1392 546.7291 -14.6797 -11.1264 -0.0032 0.9334 -0.0493 -0.3554
120.2429 546.7364 -14.6934 -11.1270 -0.0033 0.9335 -0.0495 -0.3552
120.3466 546.7127 -14.6918 -11.1398 -0.0034 0.9335 -0.0496 -0.3551
120.4502 546.7037 -14.6896 -11.1569 -0.0035 0.9335 -0.0496 -0.3551
120.5540 546.6889 -14.6888 -11.1610 -0.0036 0.9335 -0.0499 -0.3551
120.6576 546.7048 -14.6934 -11.1565 -0.0037 0.9335 -0.0501 -0.3549
120.7614 546.6885 -14.6775 -11.1654 -0.0042 0.9335 -0.0504 -0.3549
120.8650 546.6620 -14.6951 -11.2060 -0.0041 0.9334 -0.0505 -0.3551
120.9686 546.6572 -14.6899 -11.2127 -0.0042 0.9335 -0.0506 -0.3550
121.0724 546.6282 -14.6957 -11.2226 -0.0040 0.9335 -0.0505 -0.3550
121.1760 546.6349 -14.6936 -11.2499 -0.0041 0.9336 -0.0503 -0.3549
121.2797 546.6120 -14.7030 -11.2639 -0.0041 0.9335 -0.0506 -0.3549
121.3834 546.5772 -14.7037 -11.3035 -0.0041 0.9335 -0.0505 -0.3551
121.4871 546.5634 -14.7151 -11.3210 -0.0039 0.9335 -0.0503 -0.3549
121.5909 546.5318 -14.7157 -11.3578 -0.0040 0.9335 -0.0504 -0.3549
121.6945 546.4915 -14.7277 -11.3949 -0.0038 0.9335 -0.0501 -0.3550
121.7982 546.4607 -14.7310 -11.4352 -0.0039 0.9335 -0.0501 -0.3550
121.9020 546.4333 -14.7333 -11.4780 -0.0039 0.9336 -0.0499 -0.3549
122.0056 546.4035 -14.7379 -11.5117 -0.0040 0.9336 -0.0499 -0.3548
122.1094 546.3622 -14.7501 -11.5531 -0.0040 0.9337 -0.0499 -0.3546
122.2131 546.3200 -14.7587 -11.5916 -0.0040 0.9337 -0.0500 -0.3544
122.3168 546.2808 -14.7723 -11.6539 -0.0039 0.9337 -0.0500 -0.3546
122.4205 546.1951 -14.7827 -11.7318 -0.0040 0.9336 -0.0502 -0.3547
122.5243 546.1480 -14.7903 -11.7830 -0.0042 0.9336 -0.0503 -0.3548
122.6280 546.0788 -14.7982 -11.8806 -0.0041 0.9336 -0.0504 -0.3548
122.7316 546.0129 -14.8072 -11.9626 -0.0040 0.9336 -0.0501 -0.3549
122.8352 545.9663 -14.8138 -12.0067 -0.0040 0.9337 -0.0502 -0.3546
122.9390 545.9102 -14.8352 -12.0719 -0.0038 0.9338 -0.0498 -0.3543
123.0426 545.8314 -14.8483 -12.1732 -0.0040 0.9337 -0.0499 -0.3544
123.1462 545.7350 -14.8581 -12.2522 -0.0042 0.9336 -0.0500 -0.3547
123.2500 545.6805 -14.8619 -12.3458 -0.0042 0.9337 -0.0503 -0.3544
123.3536 545.5914 -14.8770 -12.4322 -0.0042 0.9336 -0.0505 -0.3548
123.4574 545.5441 -14.8839 -12.5195 -0.0036 0.9336 -0.0506 -0.3547
123.5610 545.4288 -14.9137 -12.6048 -0.0019 0.9336 -0.0512 -0.3547
123.6648 545.3561 -14.9119 -12.6745 -0.0010 0.9336 -0.0510 -0.3548
123.7685 545.3084 -14.9286 -12.7371 -0.0004 0.9337 -0.0505 -0.3545
123.8721 545.2009 -14.9446 -12.8414 -0.0005 0.9337 -0.0503 -0.3545
123.9759 545.1244 -14.9550 -12.9278 -0.0007 0.9337 -0.0505 -0.3544
124.0796 545.0947 -14.9686 -12.9910 -0.0006 0.9337 -0.0505 -0.3545
124.1832 545.0523 -14.9812 -13.0481 -0.0005 0.9339 -0.0502 -0.3541
124.2870 545.0069 -14.9851 -13.0956 -0.0004 0.9340 -0.0500 -0.3537
124.3906 544.9558 -14.9991 -13.1663 -0.0003 0.9341 -0.0497 -0.3535
124.4944 544.8972 -15.0048 -13.2462 -0.0003 0.9340 -0.0493 -0.3539
