0.0000 -0.0000 0.0000 0.0000 0.0000 -0.0000 -0.0000 1.0000
0.1039 -0.0791 -0.0110 0.0144 0.0001 0.0071 -0.0001 1.0000
0.2077 -0.0818 -0.0176 0.0188 0.0001 0.0151 -0.0008 0.9999
0.3119 0.0060 0.0058 0.4101 -0.0006 0.0318 -0.0026 0.9995
0.4159 0.0333 0.0119 0.5508 -0.0016 0.0479 -0.0021 0.9988
0.5200 0.1677 0.0120 0.8025 -0.0025 0.0674 -0.0010 0.9977
0.6241 0.1629 -0.0177 0.8923 -0.0029 0.0863 0.0010 0.9963
0.7282 0.2786 -0.0055 1.1585 -0.0033 0.1086 0.0010 0.9941
0.8325 0.3645 0.0033 1.3238 -0.0051 0.1327 0.0007 0.9911
0.9366 0.5296 0.0240 1.6243 -0.0082 0.1575 0.0018 0.9875
1.0408 0.6370 0.0008 1.8142 -0.0115 0.1822 0.0059 0.9832
1.1449 0.8092 -0.0088 2.0421 -0.0136 0.2092 0.0081 0.9778
1.2490 1.0076 -0.0077 2.2868 -0.0154 0.2369 0.0083 0.9714
1.3531 1.1682 0.0268 2.5030 -0.0175 0.2651 0.0084 0.9640
1.4571 1.4127 0.0224 2.7379 -0.0194 0.2939 0.0101 0.9556
1.5611 1.6251 0.0231 2.9302 -0.0204 0.3226 0.0124 0.9462
1.6651 1.8808 0.0334 3.1359 -0.0212 0.3506 0.0140 0.9362
1.7690 2.2051 0.0419 3.3824 -0.0211 0.3781 0.0153 0.9254
1.8729 2.4870 0.0542 3.5702 -0.0215 0.4045 0.0158 0.9142
1.9768 2.8365 0.0843 3.8177 -0.0229 0.4301 0.0149 0.9023
2.0805 3.1659 0.1012 4.0062 -0.0238 0.4536 0.0145 0.8908
2.1841 3.5521 0.1245 4.2178 -0.0244 0.4754 0.0144 0.8793
2.2879 3.9869 0.1340 4.4308 -0.0252 0.4953 0.0151 0.8683
2.3915 4.3775 0.1577 4.6251 -0.0257 0.5137 0.0143 0.8575
2.4951 4.8310 0.1817 4.7957 -0.0251 0.5309 0.0140 0.8469
2.5988 5.3510 0.2025 4.9974 -0.0232 0.5465 0.0142 0.8371
2.7023 5.8566 0.2226 5.1715 -0.0210 0.5599 0.0144 0.8282
2.8059 6.3986 0.2489 5.3534 -0.0194 0.5715 0.0142 0.8202
2.9094 6.9766 0.2699 5.5234 -0.0184 0.5802 0.0145 0.8141
3.0129 7.5450 0.3041 5.7107 -0.0179 0.5867 0.0151 0.8094
3.1165 8.1751 0.3211 5.9211 -0.0180 0.5918 0.0159 0.8057
3.2201 8.8037 0.3484 6.0912 -0.0192 0.5961 0.0162 0.8025
3.3237 9.4805 0.3834 6.2792 -0.0204 0.6006 0.0162 0.7991
3.4274 10.1685 0.4131 6.4656 -0.0212 0.6049 0.0167 0.7958
3.5310 10.8738 0.4392 6.6704 -0.0223 0.6090 0.0171 0.7927
3.6348 11.6075 0.4695 6.8390 -0.0230 0.6133 0.0175 0.7894
3.7384 12.3873 0.4995 7.0247 -0.0236 0.6177 0.0177 0.7859
3.8421 13.1313 0.5332 7.2207 -0.0251 0.6216 0.0184 0.7828
3.9458 13.9041 0.5809 7.3786 -0.0271 0.6260 0.0190 0.7791
4.0495 14.6801 0.6180 7.5416 -0.0284 0.6313 0.0204 0.7748
4.1532 15.4803 0.6593 7.6904 -0.0295 0.6359 0.0210 0.7709
4.2570 16.3024 0.6984 7.8450 -0.0298 0.6415 0.0210 0.7663
4.3608 17.0798 0.7342 7.9691 -0.0299 0.6470 0.0204 0.7616
4.4645 17.8872 0.7739 8.0714 -0.0297 0.6535 0.0197 0.7561
4.5684 18.7081 0.8116 8.1772 -0.0297 0.6611 0.0187 0.7495
4.6723 19.5252 0.8563 8.2619 -0.0304 0.6706 0.0170 0.7410
4.7761 20.3590 0.8951 8.3198 -0.0312 0.6819 0.0157 0.7306
4.8801 21.2086 0.9389 8.3358 -0.0317 0.6939 0.0148 0.7192
4.9841 22.0543 0.9704 8.3337 -0.0315 0.7064 0.0141 0.7070
5.0881 22.8893 0.9994 8.2824 -0.0311 0.7184 0.0136 0.6948
5.1920 23.7265 1.0336 8.2288 -0.0307 0.7297 0.0122 0.6830
5.2959 24.5454 1.0746 8.1507 -0.0298 0.7408 0.0107 0.6710
5.3998 25.3750 1.0998 8.0312 -0.0270 0.7515 0.0103 0.6591
5.5036 26.2241 1.1162 7.8829 -0.0234 0.7620 0.0100 0.6470
5.6074 27.0817 1.1332 7.7001 -0.0191 0.7720 0.0103 0.6352
5.7113 27.8805 1.1478 7.5082 -0.0153 0.7813 0.0105 0.6239
5.8150 28.7054 1.1705 7.2870 -0.0102 0.7900 0.0116 0.6129
5.9188 29.5374 1.1682 7.0294 -0.0050 0.7986 0.0100 0.6017
6.0224 30.3063 1.1598 6.7645 0.0010 0.8062 0.0057 0.5916
6.1261 31.0679 1.1270 6.4755 0.0063 0.8137 -0.0012 0.5812
6.2298 31.8614 1.0987 6.2012 0.0104 0.8216 -0.0079 0.5700
6.3335 32.6082 1.0633 5.8833 0.0147 0.8289 -0.0113 0.5591
6.4371 33.4064 1.0145 5.5372 0.0173 0.8360 -0.0119 0.5483
6.5409 34.1192 0.9681 5.1698 0.0175 0.8427 -0.0109 0.5380
6.6445 34.8788 0.9372 4.8058 0.0177 0.8488 -0.0075 0.5284
6.7483 35.6039 0.9041 4.3867 0.0193 0.8541 -0.0036 0.5197
6.8519 36.3139 0.8569 4.0283 0.0205 0.8583 -0.0022 0.5128
6.9555 37.0149 0.7994 3.6123 0.0220 0.8615 -0.0025 0.5073
7.0590 37.6974 0.7602 3.2166 0.0232 0.8643 -0.0032 0.5024
7.1628 38.3971 0.7037 2.8306 0.0212 0.8673 -0.0058 0.4972
7.2664 39.0822 0.6905 2.4154 0.0203 0.8706 -0.0061 0.4915
7.3701 39.7619 0.6469 1.9951 0.0212 0.8731 -0.0057 0.4870
7.4738 40.4486 0.6017 1.5436 0.0232 0.8752 -0.0053 0.4833
7.5774 41.1478 0.5684 1.1049 0.0243 0.8763 -0.0066 0.4812
7.6810 41.8517 0.5136 0.6693 0.0244 0.8761 -0.0078 0.4814
7.7847 42.5881 0.4790 0.2044 0.0254 0.8752 -0.0070 0.4830
7.8883 43.3331 0.4321 -0.2389 0.0247 0.8736 -0.0072 0.4860
7.9919 44.0792 0.3879 -0.6950 0.0238 0.8715 -0.0075 0.4897
8.0956 44.8627 0.3434 -1.1707 0.0231 0.8694 -0.0080 0.4934
8.1994 45.6806 0.2926 -1.6333 0.0218 0.8676 -0.0088 0.4967
8.3031 46.4872 0.2474 -2.0905 0.0200 0.8663 -0.0097 0.4990
8.4070 47.3239 0.2121 -2.5372 0.0179 0.8660 -0.0106 0.4997
8.5108 48.1692 0.1602 -3.0293 0.0164 0.8660 -0.0107 0.4996
8.6146 49.0259 0.1132 -3.5124 0.0156 0.8663 -0.0109 0.4991
8.7184 49.9065 0.0612 -4.0090 0.0154 0.8665 -0.0106 0.4989
8.8221 50.7636 0.0220 -4.5186 0.0151 0.8664 -0.0103 0.4990
8.9259 51.6536 -0.0307 -5.0211 0.0150 0.8665 -0.0098 0.4988
9.0296 52.5338 -0.0838 -5.5374 0.0148 0.8667 -0.0098 0.4986
9.1335 53.4204 -0.1298 -6.0478 0.0138 0.8667 -0.0099 0.4986
9.2373 54.3407 -0.1817 -6.5594 0.0136 0.8667 -0.0097 0.4985
9.3410 55.2289 -0.2316 -7.0635 0.0129 0.8665 -0.0100 0.4989
9.4448 56.1221 -0.2865 -7.5845 0.0123 0.8662 -0.0096 0.4995
9.5485 57.0276 -0.3427 -8.0982 0.0119 0.8656 -0.0082 0.5006
9.6522 57.9093 -0.3866 -8.5758 0.0117 0.8649 -0.0072 0.5017
9.7559 58.8103 -0.4472 -9.1085 0.0114 0.8641 -0.0071 0.5032
9.8596 59.6999 -0.4901 -9.5978 0.0117 0.8635 -0.0069 0.5041
9.9635 60.5727 -0.5387 -10.0953 0.0118 0.8632 -0.0071 0.5046
10.0673 61.4749 -0.5814 -10.5934 0.0120 0.8635 -0.0080 0.5042
10.1711 62.3635 -0.6270 -11.0907 0.0123 0.8641 -0.0094 0.5030
10.2750 63.2481 -0.6832 -11.5767 0.0120 0.8655 -0.0105 0.5007
10.3789 64.1428 -0.7241 -12.0825 0.0116 0.8670 -0.0098 0.4981
10.4828 64.9883 -0.7842 -12.5970 0.0118 0.8685 -0.0073 0.4954
10.5865 65.8343 -0.8311 -13.1086 0.0103 0.8701 -0.0077 0.4927
10.6904 66.6782 -0.8822 -13.6041 0.0112 0.8715 -0.0083 0.4902
10.7941 67.5185 -0.9276 -14.1320 0.0120 0.8728 -0.0093 0.4879
10.8980 68.3789 -0.9751 -14.6395 0.0116 0.8744 -0.0101 0.4850
11.0017 69.1882 -1.0219 -15.1509 0.0116 0.8755 -0.0109 0.4829
11.1054 69.9781 -1.0882 -15.6629 0.0110 0.8764 -0.0107 0.4813
11.2091 70.8325 -1.1243 -16.2079 0.0099 0.8772 -0.0063 0.4800
11.3129 71.6557 -1.1490 -16.7253 0.0082 0.8778 -0.0017 0.4789
11.4166 72.4650 -1.1621 -17.2415 0.0077 0.8784 0.0001 0.4779
11.5204 73.2838 -1.2207 -17.7493 0.0085 0.8785 -0.0028 0.4776
11.6240 74.0851 -1.2793 -18.2913 0.0099 0.8790 -0.0054 0.4767
11.7278 74.8781 -1.3045 -18.8195 0.0133 0.8791 -0.0048 0.4764
11.8315 75.6515 -1.3333 -19.3260 0.0148 0.8790 -0.0033 0.4765
11.9353 76.4409 -1.3728 -19.8448 0.0137 0.8790 -0.0019 0.4765
12.0389 77.2625 -1.4049 -20.3741 0.0116 0.8788 -0.0005 0.4771
12.1426 78.0550 -1.4286 -20.8711 0.0096 0.8785 0.0018 0.4776
12.2464 78.8787 -1.4570 -21.3980 0.0052 0.8785 0.0006 0.4778
12.3501 79.6754 -1.4864 -21.8626 0.0014 0.8779 -0.0011 0.4788
12.4539 80.4757 -1.5063 -22.3634 0.0026 0.8775 0.0003 0.4797
12.5576 81.2780 -1.5274 -22.8886 0.0048 0.8765 0.0014 0.4813
12.6614 82.0501 -1.5545 -23.3674 0.0059 0.8752 0.0002 0.4838
12.7651 82.8600 -1.5788 -23.8564 0.0081 0.8729 0.0018 0.4879
12.8688 83.6621 -1.6091 -24.3537 0.0107 0.8703 0.0043 0.4923
12.9724 84.4407 -1.6267 -24.8050 0.0107 0.8677 0.0039 0.4970
13.0762 85.2776 -1.6541 -25.2713 0.0087 0.8644 0.0032 0.5026
13.1799 86.0679 -1.6802 -25.7293 0.0081 0.8612 0.0053 0.5081
13.2837 86.8750 -1.6958 -26.1410 0.0077 0.8580 0.0057 0.5136
13.3874 87.7342 -1.7152 -26.5522 0.0073 0.8544 0.0059 0.5196
13.4911 88.5795 -1.7364 -26.9688 0.0091 0.8507 0.0067 0.5255
13.5949 89.4113 -1.7543 -27.3521 0.0095 0.8472 0.0050 0.5312
13.6988 90.2344 -1.7765 -27.7472 0.0132 0.8439 0.0015 0.5363
13.8025 91.0598 -1.8036 -28.1075 0.0149 0.8401 -0.0005 0.5422
13.9063 91.8974 -1.8208 -28.4962 0.0132 0.8365 -0.0002 0.5478
14.0100 92.7419 -1.8801 -28.8200 0.0119 0.8330 0.0017 0.5531
14.1138 93.5795 -1.9063 -29.1494 0.0111 0.8299 0.0002 0.5577
14.2176 94.4298 -1.9291 -29.4858 0.0116 0.8278 -0.0035 0.5608
14.3215 95.2653 -1.9552 -29.7970 0.0115 0.8262 -0.0087 0.5632
14.4254 96.1250 -2.0045 -30.1182 0.0113 0.8252 -0.0108 0.5646
14.5293 96.9635 -2.0412 -30.4368 0.0110 0.8242 -0.0112 0.5661
14.6331 97.8120 -2.0925 -30.7400 0.0107 0.8227 -0.0115 0.5682
14.7369 98.6487 -2.1320 -31.0431 0.0094 0.8210 -0.0105 0.5707
14.8408 99.5244 -2.1816 -31.3658 0.0076 0.8194 -0.0088 0.5730
14.9445 100.3663 -2.2241 -31.6515 0.0062 0.8177 -0.0083 0.5755
15.0483 101.2278 -2.2760 -31.9491 0.0044 0.8160 -0.0099 0.5780
15.1520 102.0643 -2.2999 -32.1958 0.0007 0.8140 -0.0144 0.5807
15.2558 102.9196 -2.3363 -32.4551 0.0031 0.8121 -0.0145 0.5834
15.3595 103.7858 -2.3957 -32.7569 0.0040 0.8096 -0.0157 0.5867
15.4633 104.6274 -2.4190 -33.0142 0.0034 0.8076 -0.0153 0.5896
15.5671 105.4727 -2.4547 -33.2800 0.0025 0.8055 -0.0131 0.5924
15.6709 106.3069 -2.4966 -33.5182 0.0017 0.8034 -0.0117 0.5953
15.7746 107.1893 -2.5362 -33.7620 0.0020 0.8013 -0.0137 0.5981
15.8784 108.0675 -2.5842 -34.0110 0.0022 0.7994 -0.0154 0.6006
15.9822 108.9179 -2.6044 -34.2408 0.0028 0.7971 -0.0156 0.6036
16.0861 109.7845 -2.6506 -34.4749 0.0024 0.7950 -0.0153 0.6064
16.1898 110.6436 -2.6858 -34.6920 0.0034 0.7926 -0.0142 0.6095
16.2935 111.5244 -2.7466 -34.9180 0.0046 0.7900 -0.0131 0.6129
16.3973 112.3576 -2.7727 -35.1203 0.0057 0.7880 -0.0122 0.6155
16.5010 113.1968 -2.8087 -35.3037 0.0035 0.7859 -0.0142 0.6182
16.6048 114.0926 -2.8599 -35.5055 0.0010 0.7840 -0.0158 0.6206
16.7086 114.9716 -2.8959 -35.7135 0.0018 0.7826 -0.0149 0.6224
16.8124 115.8455 -2.9269 -35.8965 0.0032 0.7810 -0.0134 0.6243
16.9162 116.7035 -2.9748 -36.0853 0.0030 0.7796 -0.0147 0.6261
17.0200 117.5464 -2.9986 -36.2798 0.0052 0.7778 -0.0115 0.6284
17.1238 118.4669 -3.0538 -36.4494 0.0070 0.7761 -0.0079 0.6305
17.2275 119.3190 -3.0877 -36.6292 0.0074 0.7745 -0.0065 0.6325
17.3314 120.1770 -3.1301 -36.8020 0.0079 0.7731 -0.0074 0.6341
17.4351 121.0519 -3.1633 -36.9575 0.0070 0.7719 -0.0096 0.6357
17.5390 121.9378 -3.2031 -37.1163 0.0067 0.7712 -0.0097 0.6364
17.6429 122.7856 -3.2356 -37.2684 0.0064 0.7709 -0.0095 0.6368
17.7466 123.6705 -3.2586 -37.4342 0.0053 0.7707 -0.0074 0.6372
17.8505 124.5586 -3.3044 -37.6018 0.0034 0.7702 -0.0056 0.6377
17.9543 125.4216 -3.3395 -37.7545 0.0038 0.7700 -0.0034 0.6380
18.0581 126.3117 -3.3713 -37.9109 0.0048 0.7696 -0.0057 0.6384
18.1619 127.1588 -3.4112 -38.0726 0.0052 0.7697 -0.0081 0.6383
18.2658 127.9410 -3.4284 -38.2209 0.0055 0.7697 -0.0076 0.6383
18.3696 128.8241 -3.4670 -38.3735 0.0050 0.7694 -0.0078 0.6387
18.4734 129.6686 -3.4919 -38.5395 0.0066 0.7692 -0.0055 0.6390
18.5772 130.5566 -3.5414 -38.6943 0.0059 0.7689 -0.0082 0.6392
18.6810 131.4085 -3.5580 -38.8410 0.0041 0.7688 -0.0118 0.6394
18.7849 132.2752 -3.6188 -38.9516 0.0036 0.7686 -0.0135 0.6395
18.8885 133.0957 -3.6441 -39.1096 0.0052 0.7685 -0.0146 0.6396
18.9924 133.9057 -3.6886 -39.2527 0.0059 0.7684 -0.0141 0.6398
19.0960 134.7202 -3.7322 -39.4056 0.0067 0.7679 -0.0144 0.6404
19.1999 135.5497 -3.7738 -39.5624 0.0083 0.7672 -0.0120 0.6413
19.3035 136.3813 -3.8107 -39.7033 0.0087 0.7664 -0.0090 0.6423
19.4074 137.2078 -3.8637 -39.8609 0.0079 0.7657 -0.0057 0.6431
19.5112 137.9849 -3.8862 -39.9911 0.0085 0.7644 -0.0046 0.6447
19.6148 138.7355 -3.9177 -40.1229 0.0102 0.7628 -0.0067 0.6465
19.7184 139.5057 -3.9507 -40.2486 0.0121 0.7608 -0.0069 0.6488
19.8221 140.3232 -3.9960 -40.3588 0.0104 0.7582 -0.0092 0.6519
19.9257 141.1610 -4.0072 -40.4751 0.0124 0.7549 -0.0042 0.6557
20.0294 141.9291 -4.0507 -40.5747 0.0147 0.7510 -0.0005 0.6601
20.1329 142.6899 -4.1077 -40.6759 0.0122 0.7466 -0.0043 0.6651
20.2366 143.5397 -4.1382 -40.7393 0.0141 0.7417 -0.0034 0.6706
20.3404 144.3022 -4.1616 -40.8044 0.0159 0.7369 -0.0016 0.6759
20.4440 145.0739 -4.2024 -40.8477 0.0163 0.7325 -0.0022 0.6806
20.5478 145.8601 -4.2462 -40.8898 0.0177 0.7276 -0.0048 0.6858
20.6515 146.6902 -4.2812 -40.9246 0.0184 0.7231 -0.0109 0.6904
20.7553 147.3774 -4.2978 -40.8847 0.0212 0.7184 -0.0144 0.6952
20.8591 148.1337 -4.3806 -40.8962 0.0194 0.7136 -0.0168 0.7001
20.9629 148.8896 -4.4291 -40.9004 0.0162 0.7097 -0.0170 0.7041
21.0668 149.6994 -4.4776 -40.8769 0.0169 0.7059 -0.0145 0.7079
21.1706 150.4559 -4.5207 -40.8528 0.0194 0.7023 -0.0164 0.7114
21.2745 151.2019 -4.5776 -40.8371 0.0186 0.6999 -0.0233 0.7136
21.3785 151.9286 -4.6399 -40.7986 0.0175 0.6988 -0.0270 0.7146
21.4825 152.6969 -4.6767 -40.7869 0.0173 0.6988 -0.0241 0.7147
21.5864 153.4988 -4.7873 -40.7625 0.0142 0.6993 -0.0232 0.7143
21.6904 154.2095 -4.8207 -40.7675 0.0134 0.7005 -0.0223 0.7132
21.7943 154.9563 -4.8691 -40.7334 0.0144 0.7014 -0.0215 0.7123
21.8983 155.7198 -4.9229 -40.7127 0.0148 0.7028 -0.0212 0.7109
22.0022 156.4557 -4.9953 -40.7274 0.0139 0.7046 -0.0207 0.7092
22.1061 157.1986 -5.0268 -40.7144 0.0132 0.7063 -0.0220 0.7074
22.2101 157.9373 -5.0742 -40.7055 0.0121 0.7085 -0.0221 0.7053
22.3139 158.6506 -5.1435 -40.6975 0.0112 0.7108 -0.0204 0.7030
22.4178 159.4114 -5.1872 -40.7111 0.0112 0.7126 -0.0202 0.7012
22.5215 160.1659 -5.2248 -40.7313 0.0113 0.7146 -0.0212 0.6991
22.6254 160.8860 -5.2770 -40.7516 0.0120 0.7160 -0.0225 0.6976
22.7292 161.5755 -5.3298 -40.7665 0.0121 0.7166 -0.0239 0.6969
22.8329 162.2959 -5.3506 -40.7890 0.0164 0.7172 -0.0204 0.6964
22.9365 163.0025 -5.4115 -40.8074 0.0157 0.7171 -0.0202 0.6965
23.0401 163.7012 -5.4494 -40.8182 0.0154 0.7159 -0.0183 0.6978
23.1438 164.4188 -5.5163 -40.8473 0.0153 0.7132 -0.0177 0.7006
23.2474 165.1091 -5.5609 -40.8349 0.0159 0.7094 -0.0177 0.7044
23.3510 165.8043 -5.5973 -40.8162 0.0172 0.7044 -0.0165 0.7094
23.4547 166.5004 -5.6434 -40.7974 0.0167 0.6991 -0.0154 0.7146
23.5583 167.1966 -5.7094 -40.7484 0.0122 0.6932 -0.0166 0.7205
23.6620 167.8773 -5.7386 -40.6982 0.0095 0.6873 -0.0151 0.7261
23.7657 168.5614 -5.7637 -40.6296 0.0073 0.6812 -0.0123 0.7320
23.8694 169.2396 -5.7914 -40.5546 0.0045 0.6747 -0.0097 0.7380
23.9730 169.9062 -5.8194 -40.4608 0.0028 0.6684 -0.0065 0.7438
24.0768 170.5563 -5.8575 -40.3712 0.0021 0.6613 -0.0053 0.7501
24.1805 171.2103 -5.8703 -40.2648 0.0021 0.6548 -0.0049 0.7558
24.2842 171.8655 -5.8925 -40.1480 0.0006 0.6482 -0.0061 0.7615
24.3879 172.5109 -5.9007 -40.0333 -0.0014 0.6417 -0.0075 0.7669
24.4916 173.1257 -5.9340 -39.8843 -0.0048 0.6362 -0.0080 0.7715
24.5954 173.7453 -5.9497 -39.7446 -0.0036 0.6314 -0.0037 0.7755
24.6993 174.3657 -5.9736 -39.6098 -0.0035 0.6270 -0.0028 0.7790
24.8031 174.9712 -5.9815 -39.4477 -0.0037 0.6230 -0.0050 0.7822
24.9068 175.5678 -6.0078 -39.2847 -0.0026 0.6194 -0.0086 0.7850
25.0105 176.1539 -6.0200 -39.1369 0.0016 0.6156 -0.0118 0.7880
25.1143 176.7449 -6.0164 -38.9798 0.0062 0.6122 -0.0120 0.7906
25.2180 177.3404 -6.0575 -38.8086 0.0055 0.6095 -0.0118 0.7927
25.3218 177.9217 -6.0559 -38.6329 0.0018 0.6073 -0.0100 0.7944
25.4255 178.5467 -6.0941 -38.4450 -0.0043 0.6054 -0.0079 0.7959
25.5294 179.1697 -6.1192 -38.2627 -0.0081 0.6046 -0.0056 0.7965
25.6332 179.7582 -6.1354 -38.0928 -0.0072 0.6043 -0.0040 0.7967
25.7370 180.3453 -6.1266 -37.9335 -0.0051 0.6036 -0.0039 0.7973
25.8408 180.9732 -6.1440 -37.7675 -0.0041 0.6029 -0.0030 0.7978
25.9445 181.5986 -6.1309 -37.5928 -0.0052 0.6022 -0.0028 0.7983
26.0481 182.2162 -6.1533 -37.3796 -0.0071 0.6012 -0.0017 0.7990
26.1519 182.8160 -6.1628 -37.2159 -0.0091 0.5998 0.0003 0.8001
26.2555 183.4689 -6.1710 -37.0147 -0.0098 0.5981 0.0014 0.8013
26.3591 184.0620 -6.1593 -36.8326 -0.0100 0.5957 0.0023 0.8032
26.4628 184.6914 -6.1563 -36.6180 -0.0108 0.5921 0.0036 0.8058
26.5666 185.3154 -6.1646 -36.4166 -0.0113 0.5881 0.0045 0.8087
26.6703 185.9059 -6.1724 -36.1940 -0.0107 0.5834 0.0042 0.8121
26.7739 186.5189 -6.1624 -35.9819 -0.0097 0.5785 0.0025 0.8157
26.8777 187.1432 -6.1637 -35.7486 -0.0088 0.5733 0.0012 0.8193
26.9813 187.7567 -6.1515 -35.4951 -0.0082 0.5683 0.0013 0.8228
27.0850 188.3666 -6.1660 -35.2538 -0.0093 0.5632 0.0024 0.8263
27.1888 189.0072 -6.1672 -34.9693 -0.0100 0.5585 0.0030 0.8294
27.2925 189.6181 -6.1577 -34.6944 -0.0115 0.5533 0.0022 0.8329
27.3963 190.2414 -6.1442 -34.3964 -0.0132 0.5491 0.0017 0.8357
27.5000 190.8934 -6.1462 -34.1111 -0.0149 0.5457 0.0001 0.8378
27.6039 191.5301 -6.1292 -33.8151 -0.0158 0.5437 0.0008 0.8391
27.7078 192.1837 -6.1319 -33.5208 -0.0164 0.5427 0.0030 0.8397
27.8117 192.8219 -6.1171 -33.2400 -0.0145 0.5426 0.0037 0.8398
27.9155 193.4884 -6.1149 -32.9331 -0.0138 0.5430 0.0041 0.8396
28.0194 194.1477 -6.1103 -32.6326 -0.0115 0.5434 0.0049 0.8394
28.1233 194.8295 -6.0847 -32.3415 -0.0112 0.5434 0.0057 0.8394
28.2272 195.5097 -6.0761 -32.0288 -0.0119 0.5438 0.0086 0.8391
28.3309 196.1836 -6.0782 -31.7201 -0.0131 0.5442 0.0100 0.8388
28.4348 196.8795 -6.0629 -31.4222 -0.0138 0.5449 0.0109 0.8383
28.5387 197.5645 -6.0521 -31.1060 -0.0142 0.5457 0.0110 0.8378
28.6424 198.2537 -6.0475 -30.7900 -0.0147 0.5464 0.0110 0.8373
28.7462 198.9391 -6.0391 -30.4930 -0.0146 0.5473 0.0103 0.8368
28.8499 199.6278 -6.0282 -30.1863 -0.0129 0.5477 0.0096 0.8365
28.9538 200.3154 -6.0297 -29.9004 -0.0107 0.5482 0.0072 0.8363
29.0575 200.9755 -6.0146 -29.5975 -0.0102 0.5486 0.0057 0.8360
29.1613 201.6740 -6.0067 -29.2663 -0.0115 0.5492 0.0065 0.8356
29.2649 202.3731 -6.0087 -28.9818 -0.0140 0.5496 0.0070 0.8353
29.3686 203.0534 -5.9995 -28.6809 -0.0151 0.5511 0.0058 0.8343
29.4725 203.7325 -5.9908 -28.3839 -0.0163 0.5531 0.0046 0.8330
29.5763 204.4182 -5.9795 -28.0940 -0.0169 0.5562 0.0046 0.8309
29.6802 205.1167 -5.9639 -27.8235 -0.0165 0.5600 0.0052 0.8283
29.7839 205.8039 -5.9612 -27.5681 -0.0150 0.5642 0.0058 0.8255
29.8878 206.4711 -5.9675 -27.3093 -0.0143 0.5691 0.0041 0.8221
29.9917 207.1883 -5.9434 -27.0427 -0.0146 0.5742 0.0040 0.8186
30.0955 207.8903 -5.9200 -26.8197 -0.0160 0.5788 0.0075 0.8153
30.1993 208.6037 -5.9248 -26.5888 -0.0180 0.5825 0.0110 0.8126
30.3030 209.2915 -5.9138 -26.3573 -0.0201 0.5853 0.0129 0.8105
30.4068 210.0181 -5.8809 -26.1175 -0.0226 0.5873 0.0117 0.8090
30.5104 210.7323 -5.8649 -25.8775 -0.0232 0.5885 0.0124 0.8081
30.6140 211.4295 -5.8351 -25.6653 -0.0232 0.5891 0.0130 0.8076
30.7178 212.1378 -5.8357 -25.4274 -0.0231 0.5896 0.0125 0.8072
30.8214 212.8434 -5.7996 -25.1994 -0.0231 0.5897 0.0113 0.8072
30.9252 213.5785 -5.7742 -24.9598 -0.0236 0.5894 0.0110 0.8074
31.0288 214.2801 -5.7563 -24.7145 -0.0241 0.5891 0.0113 0.8076
31.1325 215.0373 -5.7150 -24.4708 -0.0246 0.5882 0.0120 0.8083
31.2363 215.7497 -5.7032 -24.2387 -0.0235 0.5875 0.0138 0.8088
31.3401 216.4912 -5.6743 -23.9922 -0.0236 0.5862 0.0145 0.8097
31.4437 217.2321 -5.6547 -23.7399 -0.0254 0.5844 0.0138 0.8109
31.5474 217.9448 -5.6029 -23.4929 -0.0273 0.5823 0.0151 0.8124
31.6510 218.6869 -5.5761 -23.2206 -0.0293 0.5801 0.0161 0.8139
31.7548 219.4168 -5.5557 -22.9594 -0.0307 0.5781 0.0151 0.8153
31.8585 220.1586 -5.5264 -22.6873 -0.0302 0.5763 0.0136 0.8166
31.9623 220.8865 -5.4912 -22.3769 -0.0305 0.5744 0.0095 0.8180
32.0660 221.6039 -5.4596 -22.1092 -0.0305 0.5724 0.0074 0.8194
32.1696 222.3529 -5.4188 -21.8479 -0.0314 0.5706 0.0070 0.8206
32.2734 223.0913 -5.3889 -21.5376 -0.0309 0.5689 0.0065 0.8218
32.3772 223.8343 -5.3613 -21.2476 -0.0303 0.5672 0.0049 0.8230
32.4809 224.5819 -5.3426 -20.9449 -0.0308 0.5650 0.0042 0.8245
32.5845 225.3111 -5.3038 -20.6668 -0.0308 0.5631 0.0055 0.8258
32.6883 226.0573 -5.2793 -20.3718 -0.0293 0.5612 0.0071 0.8271
32.7919 226.7620 -5.2452 -20.0674 -0.0282 0.5592 0.0077 0.8285
32.8957 227.5007 -5.2279 -19.7661 -0.0278 0.5575 0.0067 0.8297
32.9994 228.2435 -5.1890 -19.4456 -0.0294 0.5553 0.0060 0.8311
33.1032 228.9973 -5.1485 -19.1241 -0.0305 0.5534 0.0053 0.8324
33.2068 229.7089 -5.1354 -18.8074 -0.0288 0.5515 0.0052 0.8336
33.3105 230.4417 -5.1291 -18.4985 -0.0263 0.5497 0.0030 0.8350
33.4143 231.1738 -5.1119 -18.1700 -0.0256 0.5482 -0.0005 0.8359
33.5182 231.8753 -5.0700 -17.8333 -0.0290 0.5468 -0.0025 0.8368
33.6218 232.5984 -5.0518 -17.5069 -0.0330 0.5458 0.0006 0.8372
33.7255 233.3345 -5.0142 -17.1833 -0.0369 0.5449 0.0059 0.8377
33.8293 234.0786 -4.9746 -16.8320 -0.0407 0.5442 0.0090 0.8379
33.9331 234.8001 -4.9274 -16.5233 -0.0417 0.5433 0.0102 0.8384
34.0367 235.4974 -4.9004 -16.2049 -0.0407 0.5421 0.0077 0.8393
34.1404 236.1911 -4.8756 -15.8854 -0.0381 0.5403 0.0051 0.8406
34.2440 236.9226 -4.8391 -15.5412 -0.0367 0.5382 0.0028 0.8420
34.3478 237.6601 -4.7905 -15.1776 -0.0349 0.5362 0.0031 0.8434
34.4515 238.3810 -4.7580 -14.8381 -0.0335 0.5344 0.0032 0.8446
34.5552 239.0860 -4.7379 -14.4935 -0.0334 0.5326 0.0043 0.8457
34.6589 239.8300 -4.7050 -14.1431 -0.0355 0.5309 0.0055 0.8467
34.7625 240.5394 -4.6632 -13.8003 -0.0374 0.5295 0.0081 0.8475
34.8663 241.2759 -4.6158 -13.4173 -0.0387 0.5285 0.0114 0.8480
34.9700 241.9860 -4.5642 -13.0516 -0.0406 0.5275 0.0129 0.8485
35.0739 242.7233 -4.5019 -12.6990 -0.0420 0.5268 0.0170 0.8488
35.1776 243.4518 -4.4519 -12.3171 -0.0425 0.5260 0.0174 0.8492
35.2813 244.1595 -4.4088 -11.9515 -0.0414 0.5254 0.0121 0.8498
35.3850 244.8838 -4.3733 -11.5948 -0.0364 0.5247 0.0067 0.8505
35.4887 245.5862 -4.3228 -11.2004 -0.0329 0.5247 0.0033 0.8506
35.5924 246.3243 -4.3025 -10.8343 -0.0341 0.5246 0.0036 0.8506
35.6962 247.0500 -4.2423 -10.4596 -0.0364 0.5246 0.0062 0.8505
35.7998 247.8021 -4.2142 -10.0878 -0.0366 0.5237 0.0071 0.8511
35.9035 248.4862 -4.1775 -9.7267 -0.0356 0.5233 0.0078 0.8513
36.0072 249.2095 -4.1412 -9.3671 -0.0349 0.5230 0.0090 0.8516
36.1109 249.9749 -4.0985 -8.9697 -0.0366 0.5219 0.0104 0.8522
36.2145 250.6864 -4.0485 -8.6140 -0.0379 0.5215 0.0116 0.8523
36.3183 251.3976 -4.0081 -8.2280 -0.0384 0.5211 0.0105 0.8525
36.4220 252.1306 -3.9849 -7.8582 -0.0369 0.5204 0.0090 0.8531
36.5258 252.8483 -3.9329 -7.4730 -0.0357 0.5196 0.0092 0.8536
36.6295 253.5798 -3.8944 -7.0921 -0.0357 0.5191 0.0108 0.8539
36.7333 254.3008 -3.8363 -6.7141 -0.0368 0.5175 0.0117 0.8548
36.8370 254.9944 -3.7927 -6.3431 -0.0375 0.5157 0.0123 0.8558
36.9408 255.7355 -3.7478 -5.9276 -0.0367 0.5139 0.0133 0.8569
37.0445 256.4740 -3.7142 -5.5216 -0.0366 0.5117 0.0123 0.8583
37.1483 257.1537 -3.6763 -5.1470 -0.0366 0.5096 0.0095 0.8596
37.2520 257.8731 -3.6328 -4.7106 -0.0345 0.5069 0.0090 0.8612
37.3557 258.5991 -3.6013 -4.2975 -0.0324 0.5037 0.0098 0.8632
37.4594 259.3082 -3.5579 -3.9047 -0.0314 0.4995 0.0108 0.8657
37.5630 259.9865 -3.5245 -3.4788 -0.0300 0.4945 0.0135 0.8686
37.6667 260.7189 -3.4866 -3.0385 -0.0291 0.4879 0.0146 0.8723
37.7703 261.4014 -3.4414 -2.5935 -0.0300 0.4812 0.0144 0.8760
37.8740 262.0808 -3.4118 -2.1362 -0.0318 0.4742 0.0166 0.8797
37.9778 262.7718 -3.3684 -1.6562 -0.0336 0.4674 0.0176 0.8833
38.0815 263.4203 -3.3240 -1.1428 -0.0345 0.4618 0.0164 0.8862
38.1853 264.0782 -3.2840 -0.6604 -0.0350 0.4570 0.0130 0.8887
38.2892 264.7373 -3.2162 -0.1707 -0.0348 0.4538 0.0104 0.8904
38.3932 265.3965 -3.1813 0.3365 -0.0363 0.4527 0.0074 0.8909
38.4972 266.0594 -3.1635 0.7912 -0.0373 0.4541 0.0033 0.8901
38.6012 266.7234 -3.1249 1.3071 -0.0368 0.4580 -0.0004 0.8882
38.7052 267.3778 -3.0810 1.7755 -0.0357 0.4630 -0.0036 0.8856
38.8093 268.0653 -3.0485 2.2096 -0.0336 0.4688 -0.0020 0.8827
38.9133 268.7591 -3.0269 2.6756 -0.0340 0.4741 -0.0001 0.8798
39.0172 269.4570 -2.9914 3.1390 -0.0355 0.4794 -0.0018 0.8769
39.1212 270.1441 -2.9608 3.5586 -0.0354 0.4840 -0.0004 0.8743
39.2250 270.8323 -2.9420 3.9864 -0.0341 0.4885 0.0001 0.8719
39.3289 271.5448 -2.9037 4.4012 -0.0325 0.4929 0.0009 0.8695
39.4327 272.2514 -2.8722 4.8284 -0.0324 0.4967 -0.0006 0.8673
39.5364 272.9593 -2.8546 5.2334 -0.0335 0.5000 -0.0008 0.8654
39.6402 273.6766 -2.8106 5.6831 -0.0359 0.5025 -0.0007 0.8638
39.7438 274.4006 -2.7644 6.0679 -0.0394 0.5047 -0.0002 0.8624
39.8476 275.1425 -2.7281 6.4776 -0.0410 0.5070 0.0004 0.8610
39.9513 275.8691 -2.6894 6.9040 -0.0410 0.5085 -0.0009 0.8601
40.0550 276.5686 -2.6442 7.2750 -0.0388 0.5097 -0.0046 0.8595
40.1587 277.2809 -2.6426 7.6976 -0.0347 0.5105 -0.0090 0.8591
40.2624 278.0313 -2.6251 8.1129 -0.0316 0.5111 -0.0108 0.8589
40.3662 278.7708 -2.5880 8.5157 -0.0318 0.5119 -0.0116 0.8584
40.4699 279.5158 -2.5459 8.9369 -0.0334 0.5122 -0.0110 0.8581
40.5735 280.2572 -2.5317 9.3236 -0.0341 0.5125 -0.0095 0.8580
40.6773 280.9980 -2.5058 9.7444 -0.0341 0.5121 -0.0076 0.8582
40.7810 281.7504 -2.4728 10.1511 -0.0348 0.5113 -0.0059 0.8587
40.8848 282.4861 -2.4558 10.5464 -0.0350 0.5098 -0.0057 0.8596
40.9884 283.2380 -2.4193 10.9733 -0.0350 0.5080 -0.0055 0.8606
41.0922 283.9809 -2.4004 11.4061 -0.0358 0.5062 -0.0066 0.8616
41.1958 284.7425 -2.3538 11.8328 -0.0362 0.5044 -0.0075 0.8627
41.2994 285.5139 -2.3220 12.2903 -0.0355 0.5022 -0.0083 0.8640
41.4032 286.2462 -2.3030 12.7223 -0.0332 0.4999 -0.0075 0.8654
41.5068 286.9928 -2.2853 13.1775 -0.0311 0.4975 -0.0080 0.8669
41.6105 287.7460 -2.2594 13.6041 -0.0303 0.4943 -0.0082 0.8687
41.7142 288.5074 -2.2394 14.0850 -0.0307 0.4902 -0.0080 0.8711
41.8179 289.2524 -2.1994 14.5771 -0.0335 0.4867 -0.0068 0.8729
41.9215 289.9863 -2.1637 15.0547 -0.0369 0.4834 -0.0061 0.8746
42.0253 290.7417 -2.1277 15.5485 -0.0413 0.4797 -0.0069 0.8764
42.1289 291.4805 -2.0778 16.0055 -0.0426 0.4760 -0.0058 0.8784
42.2327 292.2300 -2.0490 16.5336 -0.0416 0.4720 -0.0067 0.8806
42.3363 292.9661 -2.0007 17.0480 -0.0377 0.4680 -0.0073 0.8829
42.4400 293.7139 -1.9679 17.5711 -0.0338 0.4640 -0.0091 0.8851
42.5438 294.4700 -1.9413 18.1172 -0.0300 0.4603 -0.0089 0.8872
42.6474 295.2086 -1.9212 18.6454 -0.0266 0.4567 -0.0076 0.8892
42.7512 295.9707 -1.9103 19.1770 -0.0257 0.4529 -0.0045 0.8912
42.8548 296.6829 -1.8853 19.7214 -0.0273 0.4488 -0.0013 0.8932
42.9585 297.4128 -1.8524 20.2670 -0.0293 0.4449 0.0025 0.8951
43.0623 298.1663 -1.8182 20.8389 -0.0310 0.4407 0.0042 0.8971
43.1661 298.8499 -1.7815 21.4270 -0.0318 0.4373 0.0051 0.8987
43.2698 299.5974 -1.7533 22.0446 -0.0331 0.4336 0.0033 0.9005
43.3736 300.3163 -1.6949 22.6235 -0.0346 0.4298 0.0016 0.9023
43.4773 301.0347 -1.6420 23.2447 -0.0355 0.4273 0.0039 0.9034
43.5810 301.7352 -1.6046 23.8612 -0.0349 0.4249 0.0039 0.9046
43.6849 302.4645 -1.5846 24.4607 -0.0330 0.4225 0.0034 0.9057
43.7887 303.1844 -1.5278 25.0779 -0.0306 0.4196 0.0025 0.9072
43.8924 303.9066 -1.5019 25.6935 -0.0307 0.4169 0.0029 0.9084
43.9961 304.6143 -1.4423 26.3346 -0.0333 0.4145 0.0024 0.9094
44.1000 305.3234 -1.3948 26.9581 -0.0361 0.4121 0.0033 0.9104
44.2036 306.0230 -1.3634 27.6123 -0.0360 0.4095 0.0030 0.9116
44.3073 306.7145 -1.3078 28.2512 -0.0343 0.4070 0.0006 0.9128
44.4110 307.4056 -1.2860 28.8976 -0.0317 0.4045 -0.0004 0.9140
44.5148 308.1151 -1.2479 29.5237 -0.0304 0.4019 0.0015 0.9152
44.6185 308.8327 -1.2261 30.1626 -0.0301 0.3993 0.0038 0.9163
44.7223 309.5045 -1.1841 30.8202 -0.0293 0.3966 0.0060 0.9175
44.8262 310.2117 -1.1589 31.5055 -0.0281 0.3935 0.0086 0.9189
44.9298 310.8857 -1.1092 32.1714 -0.0274 0.3907 0.0108 0.9200
45.0335 311.5772 -1.0726 32.8225 -0.0282 0.3883 0.0110 0.9211
45.1373 312.2574 -1.0287 33.4970 -0.0289 0.3861 0.0107 0.9219
45.2410 312.9178 -1.0166 34.1601 -0.0282 0.3838 0.0103 0.9229
45.3448 313.5594 -0.9440 34.8414 -0.0281 0.3813 0.0098 0.9240
45.4485 314.2463 -0.9424 35.5316 -0.0277 0.3788 0.0114 0.9250
45.5523 314.8997 -0.8877 36.2074 -0.0288 0.3755 0.0113 0.9263
45.6562 315.5501 -0.8535 36.8999 -0.0273 0.3733 0.0115 0.9272
45.7599 316.1869 -0.8006 37.5821 -0.0268 0.3706 0.0131 0.9283
45.8637 316.8258 -0.7784 38.2729 -0.0286 0.3684 0.0128 0.9291
45.9674 317.4703 -0.7222 38.9804 -0.0307 0.3666 0.0109 0.9298
46.0713 318.0831 -0.6909 39.6646 -0.0320 0.3649 0.0094 0.9304
46.1750 318.7099 -0.6280 40.3694 -0.0333 0.3636 0.0133 0.9309
46.2788 319.3474 -0.6002 41.0678 -0.0343 0.3625 0.0117 0.9313
46.3827 319.9516 -0.5625 41.7481 -0.0310 0.3614 0.0126 0.9318
46.4865 320.5973 -0.5297 42.4377 -0.0289 0.3610 0.0087 0.9321
46.5904 321.2212 -0.4829 43.1498 -0.0283 0.3613 0.0094 0.9320
46.6942 321.8440 -0.4546 43.8629 -0.0297 0.3619 0.0095 0.9317
46.7981 322.4695 -0.4088 44.5689 -0.0308 0.3626 0.0121 0.9314
46.9019 323.1357 -0.3621 45.2681 -0.0321 0.3639 0.0118 0.9308
47.0058 323.7624 -0.3118 45.9700 -0.0320 0.3666 0.0117 0.9298
47.1097 324.4175 -0.2798 46.6644 -0.0309 0.3694 0.0087 0.9287
47.2136 325.0832 -0.2297 47.3640 -0.0292 0.3728 0.0078 0.9274
47.3174 325.7555 -0.1926 48.0511 -0.0282 0.3763 0.0068 0.9261
47.4212 326.4155 -0.1539 48.7353 -0.0284 0.3802 0.0071 0.9245
47.5251 327.1030 -0.1289 49.4105 -0.0289 0.3837 0.0069 0.9230
47.6288 327.7937 -0.0755 50.0832 -0.0307 0.3875 0.0062 0.9213
47.7327 328.4891 -0.0310 50.7791 -0.0341 0.3919 0.0067 0.9193
47.8364 329.1960 0.0399 51.4460 -0.0369 0.3959 0.0070 0.9175
47.9402 329.8925 0.0743 52.1210 -0.0364 0.4001 0.0056 0.9157
48.0439 330.5928 0.1014 52.7651 -0.0338 0.4036 0.0035 0.9143
48.1477 331.3163 0.1432 53.4126 -0.0312 0.4072 0.0028 0.9128
48.2514 332.0601 0.1924 54.0861 -0.0310 0.4106 0.0035 0.9113
48.3550 332.8029 0.2307 54.7118 -0.0318 0.4134 0.0037 0.9100
48.4588 333.5338 0.2839 55.3669 -0.0326 0.4166 0.0040 0.9085
48.5626 334.2843 0.3220 56.0004 -0.0331 0.4191 0.0043 0.9073
48.6662 335.0283 0.3698 56.6657 -0.0341 0.4216 0.0040 0.9061
48.7699 335.7950 0.4228 57.3034 -0.0351 0.4238 0.0031 0.9051
48.8736 336.5609 0.4562 57.9424 -0.0360 0.4262 0.0020 0.9039
48.9773 337.2970 0.5076 58.5600 -0.0364 0.4282 0.0011 0.9029
49.0809 338.0842 0.5462 59.2170 -0.0366 0.4305 0.0003 0.9019
49.1847 338.8727 0.6013 59.8635 -0.0367 0.4324 -0.0003 0.9009
49.2883 339.6738 0.6358 60.4819 -0.0370 0.4343 -0.0007 0.9000
49.3920 340.4508 0.6834 61.1159 -0.0371 0.4360 -0.0006 0.8992
49.4958 341.2379 0.7281 61.7429 -0.0375 0.4378 -0.0007 0.8983
49.5994 342.0336 0.7717 62.3756 -0.0382 0.4393 -0.0010 0.8975
49.7032 342.8581 0.8276 63.0139 -0.0390 0.4412 -0.0010 0.8965
49.8068 343.6384 0.8725 63.6100 -0.0390 0.4429 -0.0014 0.8957
49.9106 344.4488 0.9018 64.2202 -0.0384 0.4444 -0.0021 0.8950
50.0142 345.2476 0.9522 64.8451 -0.0379 0.4456 -0.0018 0.8944
50.1180 346.0452 1.0093 65.4531 -0.0390 0.4462 0.0006 0.8941
50.2216 346.8721 1.0784 66.0590 -0.0415 0.4464 0.0044 0.8939
50.3253 347.6774 1.1314 66.6632 -0.0434 0.4470 0.0062 0.8935
50.4290 348.4782 1.1911 67.2883 -0.0425 0.4472 0.0065 0.8934
50.5327 349.2773 1.2360 67.8786 -0.0396 0.4477 0.0055 0.8933
50.6365 350.0646 1.2773 68.4893 -0.0364 0.4482 0.0043 0.8932
50.7402 350.8947 1.3278 69.0991 -0.0345 0.4486 0.0048 0.8931
50.8440 351.7291 1.3759 69.7368 -0.0347 0.4495 0.0062 0.8926
50.9476 352.4991 1.4244 70.3157 -0.0358 0.4499 0.0085 0.8923
51.0512 353.3346 1.4792 70.9044 -0.0369 0.4500 0.0107 0.8922
51.1549 354.1613 1.5364 71.5115 -0.0380 0.4503 0.0117 0.8920
51.2586 354.9688 1.5987 72.1121 -0.0382 0.4503 0.0122 0.8920
51.3623 355.7701 1.6414 72.7175 -0.0372 0.4505 0.0121 0.8919
51.4659 356.5852 1.6893 73.3110 -0.0358 0.4503 0.0122 0.8921
51.5697 357.3926 1.7429 73.9248 -0.0356 0.4504 0.0130 0.8920
51.6733 358.1875 1.8161 74.5074 -0.0359 0.4504 0.0159 0.8920
51.7769 358.9961 1.8715 75.0951 -0.0357 0.4507 0.0167 0.8918
51.8807 359.8342 1.9250 75.7353 -0.0348 0.4511 0.0172 0.8916
51.9843 360.6551 1.9739 76.3362 -0.0344 0.4513 0.0163 0.8915
52.0881 361.4474 2.0319 76.9278 -0.0348 0.4513 0.0160 0.8916
52.1917 362.2727 2.0987 77.5101 -0.0348 0.4513 0.0176 0.8915
52.2954 363.0766 2.1496 78.1330 -0.0350 0.4514 0.0190 0.8914
52.3992 363.8938 2.1949 78.7179 -0.0349 0.4511 0.0210 0.8915
52.5029 364.6857 2.2541 79.3091 -0.0345 0.4508 0.0233 0.8916
52.6067 365.4965 2.3185 79.8930 -0.0331 0.4506 0.0273 0.8917
52.7104 366.3112 2.3625 80.4916 -0.0326 0.4502 0.0302 0.8918
52.8142 367.1233 2.4405 81.0882 -0.0327 0.4496 0.0317 0.8921
52.9179 367.9272 2.5025 81.6818 -0.0332 0.4490 0.0325 0.8923
53.0217 368.7187 2.5706 82.2599 -0.0329 0.4482 0.0348 0.8926
53.1254 369.4816 2.6393 82.8430 -0.0335 0.4476 0.0345 0.8929
53.2292 370.2622 2.7068 83.4172 -0.0336 0.4467 0.0345 0.8934
53.3329 371.0149 2.7495 84.0107 -0.0337 0.4461 0.0356 0.8936
53.4365 371.7453 2.8153 84.5648 -0.0343 0.4454 0.0368 0.8939
53.5403 372.4698 2.8781 85.1431 -0.0366 0.4446 0.0373 0.8942
53.6441 373.1694 2.9483 85.6734 -0.0397 0.4444 0.0385 0.8941
53.7478 373.8598 3.0282 86.2207 -0.0434 0.4446 0.0377 0.8939
53.8516 374.5883 3.0887 86.7721 -0.0470 0.4446 0.0342 0.8938
53.9553 375.2337 3.1701 87.2950 -0.0481 0.4448 0.0327 0.8937
54.0590 375.8910 3.2358 87.7982 -0.0492 0.4452 0.0312 0.8935
54.1628 376.5508 3.3153 88.3100 -0.0501 0.4456 0.0286 0.8934
54.2666 377.1692 3.3702 88.7997 -0.0501 0.4461 0.0272 0.8932
54.3702 377.8285 3.4370 89.2916 -0.0501 0.4466 0.0259 0.8930
54.4739 378.4382 3.5033 89.7564 -0.0494 0.4468 0.0265 0.8929
54.5776 379.0365 3.5604 90.1988 -0.0487 0.4471 0.0277 0.8927
54.6813 379.6584 3.6364 90.6669 -0.0493 0.4480 0.0264 0.8923
54.7851 380.2217 3.6964 91.1134 -0.0504 0.4495 0.0250 0.8915
54.8888 380.7792 3.7708 91.5403 -0.0523 0.4521 0.0228 0.8901
54.9927 381.3928 3.8263 91.9785 -0.0529 0.4549 0.0227 0.8887
55.0964 381.9963 3.8888 92.3883 -0.0516 0.4581 0.0237 0.8871
55.2002 382.5699 3.9368 92.8237 -0.0507 0.4618 0.0211 0.8853
55.3040 383.1316 3.9911 93.2146 -0.0493 0.4652 0.0177 0.8837
55.4078 383.6926 4.0557 93.6102 -0.0493 0.4696 0.0150 0.8814
55.5117 384.3417 4.1181 93.9909 -0.0514 0.4751 0.0136 0.8783
55.6154 384.9577 4.2055 94.3789 -0.0535 0.4803 0.0147 0.8753
55.7192 385.5434 4.2629 94.7842 -0.0561 0.4852 0.0163 0.8725
55.8229 386.1618 4.3239 95.1446 -0.0580 0.4899 0.0172 0.8697
55.9267 386.7997 4.3885 95.4792 -0.0584 0.4945 0.0179 0.8670
56.0304 387.4500 4.4599 95.8628 -0.0575 0.4995 0.0184 0.8642
56.1341 388.0865 4.5143 96.2114 -0.0550 0.5035 0.0191 0.8620
56.2378 388.7249 4.5668 96.5589 -0.0517 0.5066 0.0202 0.8604
56.3416 389.3465 4.6340 96.9260 -0.0497 0.5093 0.0222 0.8588
56.4453 390.0317 4.6948 97.2523 -0.0511 0.5120 0.0250 0.8571
56.5491 390.7455 4.8025 97.6355 -0.0554 0.5142 0.0305 0.8553
56.6529 391.4424 4.8893 97.9910 -0.0633 0.5158 0.0337 0.8537
56.7567 392.1395 5.0340 98.3505 -0.0679 0.5176 0.0371 0.8521
56.8604 392.8094 5.0937 98.7113 -0.0700 0.5200 0.0385 0.8504
56.9643 393.5212 5.1834 99.0538 -0.0715 0.5227 0.0366 0.8487
57.0681 394.1962 5.2870 99.4221 -0.0714 0.5252 0.0361 0.8472
57.1719 394.8927 5.4071 99.7428 -0.0711 0.5278 0.0395 0.8454
57.2756 395.6493 5.5341 100.1320 -0.0710 0.5306 0.0435 0.8435
57.3793 396.3946 5.6371 100.4385 -0.0714 0.5336 0.0470 0.8414
57.4831 397.1203 5.7549 100.7841 -0.0714 0.5358 0.0483 0.8399
57.5868 397.8066 5.8731 101.1114 -0.0724 0.5381 0.0467 0.8385
57.6906 398.5201 5.9732 101.4352 -0.0712 0.5411 0.0481 0.8366
57.7943 399.2144 6.0832 101.7355 -0.0709 0.5438 0.0483 0.8348
57.8982 399.9259 6.2100 102.0296 -0.0719 0.5475 0.0472 0.8324
58.0019 400.6430 6.3043 102.3055 -0.0710 0.5515 0.0484 0.8297
58.1058 401.2974 6.4257 102.6051 -0.0715 0.5554 0.0478 0.8271
58.2097 402.0196 6.5369 102.8749 -0.0715 0.5601 0.0481 0.8239
58.3134 402.6973 6.6500 103.1216 -0.0706 0.5648 0.0500 0.8207
58.4173 403.3227 6.7414 103.3507 -0.0701 0.5691 0.0500 0.8177
58.5211 404.0401 6.8397 103.6303 -0.0673 0.5737 0.0493 0.8148
58.6249 404.7426 6.9182 103.8711 -0.0659 0.5791 0.0443 0.8114
58.7287 405.4275 7.0202 104.0919 -0.0648 0.5854 0.0395 0.8072
58.8327 406.0740 7.1148 104.2933 -0.0634 0.5920 0.0361 0.8027
58.9366 406.7369 7.1967 104.4762 -0.0613 0.5998 0.0359 0.7970
59.0404 407.4401 7.2947 104.6550 -0.0585 0.6083 0.0354 0.7908
59.1443 408.1506 7.3696 104.8166 -0.0547 0.6172 0.0347 0.7842
59.2482 408.8354 7.4396 104.9288 -0.0516 0.6252 0.0334 0.7780
59.3521 409.5447 7.5013 105.0399 -0.0476 0.6335 0.0344 0.7715
59.4558 410.2874 7.5707 105.1378 -0.0464 0.6411 0.0349 0.7653
59.5596 410.9754 7.6468 105.2691 -0.0469 0.6476 0.0374 0.7596
59.6633 411.7186 7.7395 105.3778 -0.0501 0.6533 0.0397 0.7544
59.7669 412.5230 7.8234 105.4559 -0.0518 0.6581 0.0440 0.7499
59.8707 413.2547 7.9049 105.5669 -0.0543 0.6619 0.0459 0.7462
59.9743 414.0179 7.9826 105.6357 -0.0552 0.6652 0.0469 0.7431
60.0781 414.7353 8.0822 105.7157 -0.0575 0.6675 0.0458 0.7409
60.1818 415.5333 8.1889 105.8036 -0.0603 0.6706 0.0464 0.7379
60.2856 416.3171 8.3022 105.8795 -0.0613 0.6736 0.0453 0.7352
60.3893 417.0438 8.3841 105.9571 -0.0611 0.6761 0.0383 0.7333
60.4931 417.7863 8.4400 106.0257 -0.0566 0.6779 0.0306 0.7324
60.5968 418.5514 8.4777 106.0753 -0.0533 0.6802 0.0243 0.7307
60.7006 419.2883 8.5587 106.1507 -0.0545 0.6809 0.0228 0.7300
60.8042 420.1054 8.6828 106.2315 -0.0599 0.6809 0.0229 0.7296
60.9080 420.8640 8.7897 106.2688 -0.0610 0.6810 0.0231 0.7294
61.0116 421.6759 8.8271 106.3234 -0.0582 0.6797 0.0174 0.7310
61.1153 422.3368 8.8479 106.3778 -0.0508 0.6789 0.0084 0.7324
61.2189 423.1003 8.8735 106.4852 -0.0460 0.6769 0.0010 0.7346
61.3227 423.8740 8.9270 106.5565 -0.0464 0.6752 0.0003 0.7362
61.4264 424.6566 9.0112 106.6285 -0.0514 0.6744 0.0029 0.7365
61.5302 425.3727 9.0618 106.6793 -0.0536 0.6735 0.0051 0.7372
61.6338 426.1015 9.0946 106.7604 -0.0518 0.6721 0.0056 0.7387
61.7376 426.8091 9.1041 106.8473 -0.0478 0.6709 0.0028 0.7400
61.8413 427.5009 9.1363 106.9136 -0.0448 0.6702 0.0014 0.7408
61.9451 428.1761 9.1790 106.9863 -0.0427 0.6697 0.0020 0.7414
62.0488 428.8448 9.2057 107.0348 -0.0402 0.6698 0.0022 0.7415
62.1526 429.5418 9.2236 107.1314 -0.0379 0.6700 0.0005 0.7414
62.2564 430.2478 9.2483 107.2257 -0.0369 0.6705 -0.0015 0.7410
62.3601 430.8925 9.2751 107.2953 -0.0371 0.6709 -0.0049 0.7406
62.4640 431.5492 9.2799 107.3672 -0.0381 0.6734 -0.0073 0.7383
62.5679 432.1896 9.3047 107.3647 -0.0385 0.6778 -0.0093 0.7342
62.6718 432.8035 9.3182 107.3968 -0.0388 0.6838 -0.0109 0.7285
62.7758 433.4662 9.3129 107.4300 -0.0377 0.6906 -0.0107 0.7222
62.8798 434.0946 9.3346 107.4541 -0.0365 0.6974 -0.0097 0.7156
62.9837 434.6928 9.3421 107.4440 -0.0353 0.7037 -0.0094 0.7095
63.0876 435.3130 9.3426 107.4457 -0.0342 0.7101 -0.0092 0.7032
63.1914 435.8607 9.3357 107.4223 -0.0337 0.7163 -0.0088 0.6970
63.2954 436.4073 9.3480 107.4045 -0.0342 0.7226 -0.0091 0.6904
63.3993 436.9284 9.3689 107.3668 -0.0350 0.7289 -0.0092 0.6837
63.5032 437.4425 9.3696 107.2943 -0.0348 0.7355 -0.0099 0.6766
63.6071 437.8883 9.3646 107.2339 -0.0318 0.7412 -0.0104 0.6704
63.7108 438.3104 9.3444 107.1625 -0.0267 0.7466 -0.0116 0.6646
63.8147 438.7103 9.3287 107.0946 -0.0210 0.7516 -0.0135 0.6591
63.9184 439.0922 9.3097 107.0290 -0.0183 0.7556 -0.0164 0.6545
64.0222 439.4534 9.3177 106.9844 -0.0164 0.7592 -0.0192 0.6503
64.1260 439.8059 9.3072 106.9155 -0.0148 0.7624 -0.0210 0.6466
64.2297 440.1408 9.3020 106.8686 -0.0127 0.7652 -0.0202 0.6434
64.3333 440.4607 9.2905 106.7937 -0.0092 0.7674 -0.0170 0.6408
64.4371 440.7356 9.2572 106.7238 -0.0074 0.7692 -0.0147 0.6388
64.5407 441.0053 9.2561 106.6572 -0.0085 0.7709 -0.0139 0.6368
64.6444 441.2775 9.2391 106.6041 -0.0113 0.7724 -0.0151 0.6348
64.7481 441.5069 9.2582 106.5682 -0.0141 0.7736 -0.0163 0.6333
64.8517 441.7463 9.2515 106.5400 -0.0155 0.7745 -0.0172 0.6321
64.9553 441.9252 9.2369 106.4793 -0.0145 0.7753 -0.0166 0.6312
65.0591 442.1010 9.2177 106.4474 -0.0123 0.7759 -0.0159 0.6306
65.1627 442.2726 9.2107 106.3993 -0.0103 0.7763 -0.0151 0.6301
65.2663 442.4016 9.1997 106.3714 -0.0088 0.7760 -0.0156 0.6305
65.3701 442.5527 9.1942 106.3490 -0.0087 0.7754 -0.0167 0.6312
65.4737 442.7134 9.2039 106.3179 -0.0078 0.7746 -0.0152 0.6322
65.5774 442.8679 9.1857 106.2823 -0.0062 0.7734 -0.0121 0.6338
65.6811 443.0125 9.1998 106.2322 -0.0049 0.7717 -0.0092 0.6359
65.7848 443.1652 9.1854 106.2108 -0.0036 0.7704 -0.0090 0.6375
65.8886 443.3072 9.1877 106.2091 -0.0039 0.7691 -0.0102 0.6390
65.9922 443.4412 9.1754 106.1767 -0.0047 0.7675 -0.0121 0.6410
66.0959 443.5982 9.1716 106.1910 -0.0049 0.7658 -0.0133 0.6430
66.1997 443.7571 9.1607 106.1482 -0.0050 0.7639 -0.0135 0.6452
66.3033 443.9288 9.1565 106.1393 -0.0051 0.7619 -0.0136 0.6476
66.4071 444.1330 9.1441 106.1085 -0.0080 0.7596 -0.0148 0.6502
66.5107 444.3415 9.1568 106.1178 -0.0119 0.7567 -0.0163 0.6535
66.6143 444.5634 9.1763 106.0969 -0.0141 0.7538 -0.0171 0.6568
66.7181 444.8020 9.1504 106.0678 -0.0140 0.7507 -0.0157 0.6603
66.8217 445.0445 9.1493 106.0368 -0.0120 0.7470 -0.0132 0.6646
66.9254 445.2995 9.1215 106.0181 -0.0113 0.7430 -0.0113 0.6691
67.0291 445.5427 9.1438 106.0182 -0.0097 0.7378 -0.0094 0.6748
67.1328 445.8354 9.1096 105.9957 -0.0090 0.7324 -0.0087 0.6808
67.2364 446.0985 9.1266 106.0038 -0.0088 0.7265 -0.0075 0.6871
67.3401 446.3870 9.1114 105.9950 -0.0090 0.7192 -0.0072 0.6947
67.4437 446.6695 9.1097 106.0216 -0.0088 0.7116 -0.0070 0.7025
67.5473 446.9550 9.0937 106.0473 -0.0088 0.7039 -0.0084 0.7102
67.6511 447.2866 9.1077 106.0753 -0.0097 0.6958 -0.0115 0.7181
67.7547 447.6353 9.0934 106.1208 -0.0103 0.6871 -0.0145 0.7263
67.8583 447.9480 9.1160 106.1841 -0.0110 0.6779 -0.0147 0.7350
67.9621 448.3009 9.0810 106.2340 -0.0107 0.6683 -0.0130 0.7437
68.0657 448.6663 9.0765 106.3206 -0.0103 0.6589 -0.0117 0.7520
68.1693 449.0377 9.0750 106.3897 -0.0105 0.6490 -0.0115 0.7607
68.2731 449.4395 9.0673 106.4913 -0.0110 0.6390 -0.0115 0.7691
68.3767 449.8035 9.0764 106.6155 -0.0111 0.6291 -0.0114 0.7772
68.4803 450.2266 9.0680 106.7052 -0.0111 0.6188 -0.0116 0.7854
68.5841 450.6600 9.0695 106.8406 -0.0108 0.6092 -0.0110 0.7929
68.6878 451.0778 9.0629 106.9894 -0.0107 0.6002 -0.0106 0.7997
68.7916 451.5647 9.0599 107.1626 -0.0107 0.5918 -0.0102 0.8060
68.8953 452.0272 9.0583 107.3392 -0.0106 0.5841 -0.0098 0.8116
68.9991 452.5161 9.0602 107.5168 -0.0104 0.5763 -0.0098 0.8171
69.1028 453.0338 9.0537 107.7327 -0.0099 0.5688 -0.0092 0.8223
69.2066 453.5477 9.0457 107.9474 -0.0092 0.5612 -0.0078 0.8276
69.3103 454.0778 9.0466 108.1836 -0.0077 0.5532 -0.0055 0.8330
69.4139 454.5804 9.0329 108.4152 -0.0068 0.5452 -0.0043 0.8383
69.5177 455.1395 9.0352 108.6881 -0.0062 0.5380 -0.0040 0.8429
69.6214 455.6959 9.0316 108.9672 -0.0062 0.5312 -0.0047 0.8472
69.7253 456.2500 9.0275 109.2823 -0.0064 0.5250 -0.0055 0.8511
69.8291 456.8494 9.0280 109.6123 -0.0069 0.5193 -0.0049 0.8545
69.9328 457.4381 9.0220 109.9339 -0.0078 0.5144 -0.0045 0.8575
70.0367 458.0283 9.0344 110.2753 -0.0091 0.5107 -0.0041 0.8597
70.1406 458.6448 9.0298 110.6174 -0.0100 0.5075 -0.0035 0.8616
70.2443 459.2549 9.0280 110.9818 -0.0104 0.5050 -0.0038 0.8630
70.3482 459.8975 9.0272 111.3461 -0.0109 0.5034 -0.0041 0.8640
70.4519 460.5400 9.0363 111.7190 -0.0112 0.5018 -0.0043 0.8649
70.5558 461.2158 9.0375 112.1186 -0.0113 0.5005 -0.0050 0.8656
70.6596 461.9015 9.0331 112.5105 -0.0108 0.4991 -0.0045 0.8665
70.7633 462.5743 9.0356 112.9173 -0.0101 0.4978 -0.0044 0.8672
70.8672 463.2887 9.0323 113.3353 -0.0094 0.4965 -0.0048 0.8680
70.9708 463.9730 9.0358 113.7538 -0.0086 0.4954 -0.0048 0.8686
71.0747 464.6968 9.0252 114.1788 -0.0079 0.4941 -0.0050 0.8693
71.1784 465.4207 9.0236 114.6231 -0.0070 0.4932 -0.0043 0.8699
71.2822 466.1580 9.0151 115.0642 -0.0059 0.4922 -0.0031 0.8705
71.3859 466.8877 9.0145 115.5058 -0.0052 0.4913 -0.0026 0.8710
71.4896 467.6407 9.0104 115.9763 -0.0045 0.4903 -0.0035 0.8715
71.5933 468.4007 8.9929 116.4215 -0.0027 0.4899 -0.0038 0.8718
71.6972 469.1638 8.9711 116.9149 -0.0019 0.4898 -0.0046 0.8718
71.8010 469.9536 8.9735 117.4160 -0.0027 0.4896 -0.0053 0.8719
71.9047 470.7370 8.9633 117.8951 -0.0037 0.4895 -0.0041 0.8720
72.0085 471.5414 8.9632 118.4087 -0.0046 0.4895 -0.0034 0.8720
72.1122 472.3573 8.9481 118.8961 -0.0041 0.4891 -0.0029 0.8722
72.2160 473.1616 8.9388 119.3877 -0.0031 0.4888 -0.0023 0.8724
72.3197 474.0085 8.9172 119.9058 -0.0023 0.4885 -0.0013 0.8726
72.4235 474.8492 8.9170 120.4303 -0.0021 0.4881 -0.0009 0.8728
72.5272 475.7030 8.8996 120.9590 -0.0018 0.4876 -0.0004 0.8731
72.6309 476.5503 8.8880 121.4909 -0.0017 0.4873 0.0001 0.8732
72.7347 477.4250 8.8724 122.0198 -0.0015 0.4870 -0.0001 0.8734
72.8385 478.2885 8.8658 122.5748 -0.0012 0.4868 -0.0007 0.8735
72.9422 479.1505 8.8602 123.1235 -0.0015 0.4865 -0.0011 0.8737
73.0460 480.0814 8.8335 123.7048 -0.0019 0.4867 -0.0005 0.8736
73.1497 480.9354 8.8351 124.2596 -0.0034 0.4872 -0.0021 0.8733
73.2535 481.8424 8.8203 124.8292 -0.0036 0.4881 -0.0038 0.8728
73.3572 482.7610 8.8088 125.4188 -0.0029 0.4901 -0.0055 0.8716
73.4611 483.6791 8.7856 125.9763 -0.0032 0.4932 -0.0078 0.8699
73.5649 484.6148 8.7686 126.5358 -0.0039 0.4977 -0.0114 0.8673
73.6688 485.5489 8.7420 127.0942 -0.0042 0.5033 -0.0135 0.8640
73.7727 486.4981 8.7202 127.6262 -0.0051 0.5100 -0.0153 0.8600
73.8767 487.4874 8.6877 128.1409 -0.0064 0.5172 -0.0155 0.8557
73.9806 488.4404 8.6700 128.6313 -0.0086 0.5246 -0.0157 0.8511
74.0845 489.4279 8.6525 129.1345 -0.0095 0.5322 -0.0164 0.8464
74.1885 490.4451 8.6158 129.6059 -0.0085 0.5402 -0.0172 0.8413
74.2923 491.4335 8.5919 130.0438 -0.0077 0.5483 -0.0191 0.8360
74.3962 492.4483 8.5579 130.4952 -0.0073 0.5570 -0.0196 0.8303
74.5001 493.4790 8.5415 130.9015 -0.0083 0.5660 -0.0198 0.8241
74.6038 494.5326 8.5140 131.2632 -0.0083 0.5758 -0.0192 0.8173
74.7078 495.5828 8.4663 131.6243 -0.0072 0.5860 -0.0203 0.8100
74.8117 496.6046 8.4462 131.9604 -0.0062 0.5966 -0.0239 0.8022
74.9155 497.6988 8.3731 132.2636 -0.0042 0.6077 -0.0250 0.7938
75.0193 498.7551 8.3679 132.5395 -0.0047 0.6190 -0.0299 0.7848
75.1233 499.8278 8.2754 132.7800 -0.0023 0.6311 -0.0295 0.7752
75.2271 500.9683 8.2464 132.9842 -0.0028 0.6428 -0.0326 0.7653
75.3310 502.0341 8.1786 133.1849 -0.0004 0.6539 -0.0329 0.7559
75.4348 503.1639 8.0922 133.2887 0.0022 0.6646 -0.0340 0.7464
75.5386 504.2552 8.0209 133.4060 0.0047 0.6741 -0.0342 0.7378
75.6422 505.3693 7.9314 133.4771 0.0062 0.6830 -0.0336 0.7296
75.7459 506.5074 7.8497 133.5455 0.0069 0.6916 -0.0335 0.7215
75.8496 507.5893 7.7779 133.5669 0.0072 0.6993 -0.0347 0.7139
75.9533 508.7232 7.6954 133.5743 0.0083 0.7072 -0.0361 0.7060
76.0570 509.8462 7.5975 133.5768 0.0088 0.7148 -0.0359 0.6984
76.1606 510.9824 7.5081 133.5252 0.0096 0.7209 -0.0337 0.6921
76.2642 512.1282 7.4210 133.4468 0.0112 0.7257 -0.0312 0.6872
76.3677 513.2573 7.3249 133.3909 0.0143 0.7289 -0.0298 0.6838
76.4713 514.3719 7.2314 133.2992 0.0157 0.7309 -0.0304 0.6817
76.5750 515.5154 7.1434 133.2334 0.0158 0.7325 -0.0307 0.6798
76.6786 516.6269 7.0612 133.1657 0.0160 0.7336 -0.0309 0.6787
76.7822 517.7700 6.9658 133.0687 0.0162 0.7347 -0.0317 0.6774
76.8859 518.9365 6.8564 132.9963 0.0180 0.7360 -0.0325 0.6760
76.9896 520.0802 6.7635 132.8772 0.0187 0.7369 -0.0332 0.6749
77.0932 521.2560 6.6465 132.7825 0.0189 0.7381 -0.0327 0.6736
77.1970 522.4482 6.5533 132.6640 0.0186 0.7392 -0.0311 0.6725
77.3006 523.6298 6.4723 132.5839 0.0173 0.7399 -0.0299 0.6718
77.4042 524.8122 6.3749 132.4695 0.0167 0.7404 -0.0312 0.6712
77.5078 526.0355 6.2688 132.3715 0.0177 0.7406 -0.0331 0.6709
77.6116 527.2134 6.1581 132.2635 0.0185 0.7403 -0.0343 0.6711
77.7152 528.4598 6.0483 132.1453 0.0195 0.7405 -0.0333 0.6709
77.8190 529.6761 5.9397 132.0369 0.0191 0.7402 -0.0337 0.6712
77.9227 530.9320 5.8368 131.9248 0.0189 0.7403 -0.0344 0.6711
78.0263 532.1825 5.7245 131.8195 0.0177 0.7407 -0.0361 0.6707
78.1301 533.4297 5.6184 131.6954 0.0176 0.7414 -0.0352 0.6699
78.2338 534.6927 5.4985 131.5794 0.0175 0.7421 -0.0351 0.6691
78.3375 535.9627 5.3882 131.4431 0.0177 0.7429 -0.0351 0.6682
78.4412 537.2402 5.2691 131.3169 0.0180 0.7437 -0.0354 0.6674
78.5448 538.5111 5.1682 131.1947 0.0178 0.7449 -0.0353 0.6660
78.6486 539.8086 5.0389 131.0435 0.0176 0.7460 -0.0352 0.6648
78.7523 541.1089 4.9252 130.9046 0.0167 0.7470 -0.0356 0.6636
78.8560 542.4137 4.8105 130.7716 0.0163 0.7484 -0.0350 0.6621
78.9597 543.7129 4.6994 130.6195 0.0158 0.7495 -0.0352 0.6609
79.0633 545.0313 4.5909 130.4481 0.0157 0.7504 -0.0359 0.6598
79.1671 546.3584 4.4686 130.2840 0.0156 0.7514 -0.0361 0.6587
79.2708 547.6785 4.3497 130.1064 0.0158 0.7522 -0.0360 0.6577
79.3745 549.0348 4.2254 129.9384 0.0161 0.7531 -0.0365 0.6567
79.4782 550.3775 4.1052 129.7564 0.0163 0.7542 -0.0367 0.6554
79.5820 551.7338 3.9843 129.5764 0.0159 0.7553 -0.0370 0.6541
79.6857 553.0960 3.8695 129.3994 0.0158 0.7564 -0.0369 0.6528
79.7895 554.4630 3.7338 129.2080 0.0163 0.7577 -0.0364 0.6513
79.8932 555.8679 3.6116 128.9832 0.0157 0.7590 -0.0368 0.6499
79.9970 557.2669 3.4824 128.7712 0.0156 0.7602 -0.0371 0.6484
80.1006 558.6486 3.3582 128.5554 0.0159 0.7609 -0.0372 0.6476
80.2043 560.0535 3.2248 128.3440 0.0167 0.7618 -0.0369 0.6466
80.3080 561.4797 3.0966 128.0986 0.0167 0.7623 -0.0370 0.6459
80.4117 562.8644 2.9677 127.8697 0.0163 0.7627 -0.0374 0.6454
80.5153 564.2909 2.8390 127.6561 0.0171 0.7632 -0.0366 0.6449
80.6191 565.7345 2.7046 127.4142 0.0179 0.7636 -0.0364 0.6444
80.7227 567.1733 2.5622 127.1797 0.0179 0.7640 -0.0366 0.6439
80.8264 568.6102 2.4378 126.9369 0.0187 0.7643 -0.0352 0.6436
80.9301 570.0466 2.3042 126.6990 0.0183 0.7646 -0.0357 0.6432
81.0338 571.4621 2.1700 126.4625 0.0186 0.7650 -0.0353 0.6428
81.1375 572.9905 2.0340 126.2117 0.0181 0.7655 -0.0349 0.6423
81.2412 574.4490 1.9043 125.9650 0.0173 0.7658 -0.0343 0.6419
81.3449 575.9353 1.7749 125.7019 0.0175 0.7661 -0.0342 0.6416
81.4486 577.4062 1.6350 125.4534 0.0178 0.7662 -0.0347 0.6415
81.5523 578.8573 1.5026 125.1996 0.0186 0.7662 -0.0342 0.6414
81.6561 580.3701 1.3692 124.9379 0.0180 0.7663 -0.0349 0.6412
81.7597 581.8515 1.2315 124.6923 0.0187 0.7663 -0.0341 0.6413
81.8635 583.3470 1.0907 124.4398 0.0183 0.7663 -0.0349 0.6413
81.9671 584.8246 0.9510 124.1879 0.0194 0.7661 -0.0350 0.6414
82.0708 586.2850 0.8029 123.9327 0.0206 0.7659 -0.0347 0.6417
82.1745 587.7567 0.6574 123.6722 0.0211 0.7653 -0.0341 0.6424
82.2782 589.2842 0.5086 123.3979 0.0215 0.7647 -0.0326 0.6432
82.3820 590.7688 0.3690 123.1475 0.0214 0.7641 -0.0320 0.6439
82.4857 592.2536 0.2305 122.8942 0.0209 0.7638 -0.0323 0.6443
82.5894 593.7283 0.0960 122.6732 0.0220 0.7635 -0.0310 0.6447
82.6931 595.2046 -0.0493 122.4357 0.0210 0.7633 -0.0321 0.6449
82.7969 596.6739 -0.1838 122.1778 0.0209 0.7630 -0.0323 0.6452
82.9006 598.1436 -0.3294 121.9496 0.0213 0.7628 -0.0315 0.6455
83.0042 599.6655 -0.4770 121.7043 0.0207 0.7626 -0.0322 0.6457
83.1078 601.1353 -0.6136 121.4790 0.0200 0.7625 -0.0326 0.6459
83.2116 602.6311 -0.7610 121.2153 0.0193 0.7624 -0.0324 0.6460
83.3152 604.1090 -0.8961 120.9914 0.0192 0.7624 -0.0314 0.6461
83.4190 605.5988 -1.0232 120.7520 0.0229 0.7622 -0.0279 0.6464
83.5226 607.0903 -1.1586 120.5245 0.0243 0.7616 -0.0277 0.6470
83.6262 608.5599 -1.3085 120.2755 0.0247 0.7616 -0.0293 0.6470
83.7300 610.0115 -1.4503 120.0492 0.0241 0.7614 -0.0300 0.6472
83.8336 611.4972 -1.5870 119.8139 0.0230 0.7610 -0.0298 0.6476
83.9373 612.9990 -1.7207 119.5822 0.0221 0.7607 -0.0307 0.6480
84.0410 614.4625 -1.8506 119.3719 0.0215 0.7604 -0.0313 0.6483
84.1447 615.9357 -1.9880 119.1453 0.0206 0.7602 -0.0322 0.6485
84.2484 617.4094 -2.1260 118.9259 0.0201 0.7601 -0.0323 0.6487
84.3521 618.8894 -2.2629 118.7061 0.0194 0.7600 -0.0321 0.6488
84.4557 620.3702 -2.4076 118.4739 0.0199 0.7601 -0.0319 0.6487
84.5594 621.8443 -2.5417 118.2425 0.0205 0.7601 -0.0318 0.6487
84.6630 623.3178 -2.6790 118.0037 0.0209 0.7600 -0.0312 0.6489
84.7667 624.7821 -2.8100 117.7940 0.0217 0.7598 -0.0295 0.6491
84.8703 626.2371 -2.9484 117.5686 0.0219 0.7592 -0.0300 0.6498
84.9740 627.6691 -3.0941 117.3519 0.0224 0.7587 -0.0324 0.6503
85.0777 629.1533 -3.2416 117.1345 0.0209 0.7584 -0.0331 0.6506
85.1813 630.5940 -3.3784 116.9287 0.0190 0.7580 -0.0337 0.6511
85.2851 632.0337 -3.5171 116.7197 0.0180 0.7578 -0.0332 0.6514
85.3887 633.4561 -3.6539 116.5102 0.0183 0.7577 -0.0314 0.6516
85.4925 634.8770 -3.7885 116.2985 0.0184 0.7577 -0.0304 0.6516
85.5961 636.2764 -3.9191 116.1007 0.0186 0.7577 -0.0302 0.6516
85.6997 637.6742 -4.0471 115.9117 0.0188 0.7579 -0.0305 0.6514
85.8034 639.0601 -4.1763 115.7002 0.0184 0.7582 -0.0306 0.6510
85.9071 640.4455 -4.3025 115.5070 0.0179 0.7585 -0.0308 0.6508
86.0108 641.8191 -4.4356 115.3149 0.0174 0.7586 -0.0311 0.6506
86.1145 643.1752 -4.5604 115.1089 0.0171 0.7589 -0.0309 0.6503
86.2182 644.4741 -4.6773 114.9193 0.0159 0.7593 -0.0299 0.6498
86.3218 645.7865 -4.7980 114.7124 0.0147 0.7595 -0.0288 0.6497
86.4256 647.0457 -4.9059 114.5403 0.0152 0.7599 -0.0291 0.6493
86.5292 648.3015 -5.0372 114.3614 0.0172 0.7599 -0.0303 0.6491
86.6330 649.4998 -5.1462 114.1880 0.0171 0.7599 -0.0309 0.6490
86.7367 650.6836 -5.2624 114.0055 0.0171 0.7599 -0.0298 0.6491
86.8403 651.8379 -5.3660 113.8154 0.0164 0.7594 -0.0287 0.6498
86.9441 652.9398 -5.4791 113.6484 0.0162 0.7589 -0.0286 0.6503
87.0477 654.0234 -5.5788 113.4920 0.0150 0.7584 -0.0288 0.6510
87.1514 655.0621 -5.6782 113.3261 0.0145 0.7577 -0.0273 0.6519
87.2550 656.0661 -5.7655 113.1895 0.0137 0.7571 -0.0256 0.6527
87.3587 657.0339 -5.8400 113.0625 0.0125 0.7566 -0.0255 0.6532
87.4625 657.9848 -5.9382 112.9204 0.0130 0.7564 -0.0255 0.6534
87.5662 658.8678 -6.0148 112.8054 0.0135 0.7563 -0.0264 0.6536
87.6699 659.7062 -6.0899 112.6990 0.0139 0.7561 -0.0265 0.6538
87.7736 660.5179 -6.1713 112.5840 0.0131 0.7561 -0.0272 0.6538
87.8773 661.2733 -6.2286 112.4841 0.0121 0.7571 -0.0282 0.6526
87.9812 661.9952 -6.2929 112.3848 0.0106 0.7599 -0.0297 0.6493
88.0852 662.6881 -6.3520 112.2823 0.0094 0.7652 -0.0313 0.6429
88.1892 663.3387 -6.4084 112.1526 0.0083 0.7726 -0.0330 0.6340
88.2933 663.9623 -6.4742 111.9993 0.0080 0.7816 -0.0344 0.6228
88.3975 664.5603 -6.5274 111.8390 0.0094 0.7920 -0.0352 0.6094
88.5016 665.1237 -6.5980 111.6534 0.0114 0.8038 -0.0351 0.5938
88.6058 665.6890 -6.6475 111.4214 0.0121 0.8167 -0.0348 0.5759
88.7101 666.2228 -6.7032 111.1836 0.0120 0.8310 -0.0347 0.5551
88.8143 666.7244 -6.7596 110.9054 0.0116 0.8453 -0.0342 0.5330
88.9186 667.2112 -6.7941 110.6083 0.0117 0.8596 -0.0338 0.5098
89.0228 667.6704 -6.8499 110.2986 0.0122 0.8747 -0.0339 0.4834
89.1271 668.0950 -6.9298 109.9197 0.0133 0.8892 -0.0347 0.4561
89.2313 668.5036 -6.9648 109.5730 0.0139 0.9036 -0.0363 0.4265
89.3356 668.8509 -7.0190 109.1675 0.0149 0.9169 -0.0387 0.3969
89.4396 669.1803 -7.0617 108.7851 0.0189 0.9293 -0.0392 0.3666
89.5437 669.4594 -7.1580 108.3839 0.0230 0.9407 -0.0379 0.3364
89.6478 669.7359 -7.1987 107.8877 0.0236 0.9510 -0.0380 0.3058
89.7518 669.9574 -7.2256 107.4831 0.0233 0.9605 -0.0379 0.2746
89.8558 670.1640 -7.2648 106.9667 0.0241 0.9688 -0.0375 0.2438
89.9597 670.3376 -7.3348 106.5074 0.0269 0.9763 -0.0369 0.2115
90.0637 670.4958 -7.3875 106.0207 0.0304 0.9824 -0.0378 0.1801
90.1676 670.6258 -7.4383 105.4921 0.0316 0.9876 -0.0409 0.1482
90.2715 670.7018 -7.4870 104.9996 0.0319 0.9918 -0.0445 0.1152
90.3755 670.7639 -7.5302 104.4364 0.0326 0.9950 -0.0460 0.0824
90.4793 670.7524 -7.5807 103.9278 0.0326 0.9972 -0.0456 0.0498
90.5831 670.7599 -7.6315 103.3767 0.0335 0.9983 -0.0450 0.0165
90.6870 670.6794 -7.6964 102.7858 0.0337 0.9982 -0.0460 -0.0168
90.7908 670.5868 -7.7463 102.2452 0.0343 0.9970 -0.0480 -0.0505
90.8946 670.4684 -7.7996 101.6549 0.0343 0.9946 -0.0504 -0.0844
90.9985 670.3239 -7.8459 101.1091 0.0345 0.9910 -0.0525 -0.1182
91.1021 670.1015 -7.9009 100.5495 0.0350 0.9865 -0.0542 -0.1504
91.2058 669.8230 -7.9661 99.9609 0.0366 0.9813 -0.0542 -0.1809
91.3095 669.5570 -8.0377 99.3865 0.0371 0.9754 -0.0551 -0.2103
91.4130 669.2370 -8.0924 98.8440 0.0380 0.9692 -0.0558 -0.2367
91.5166 668.8718 -8.1627 98.2571 0.0389 0.9630 -0.0570 -0.2606
91.6202 668.4630 -8.2148 97.7055 0.0394 0.9569 -0.0587 -0.2818
91.7237 668.0830 -8.2707 97.1574 0.0400 0.9514 -0.0598 -0.2996
91.8272 667.6451 -8.3499 96.6190 0.0410 0.9466 -0.0589 -0.3142
91.9306 667.1865 -8.4095 96.0685 0.0410 0.9426 -0.0563 -0.3266
92.0341 666.7181 -8.4818 95.4767 0.0396 0.9389 -0.0535 -0.3378
92.1377 666.2328 -8.5372 94.9113 0.0381 0.9356 -0.0516 -0.3473
92.2412 665.7158 -8.6008 94.3741 0.0368 0.9323 -0.0494 -0.3564
92.3449 665.1884 -8.6640 93.8036 0.0352 0.9288 -0.0468 -0.3658
92.4486 664.6603 -8.7261 93.2319 0.0321 0.9251 -0.0437 -0.3758
92.5522 664.0921 -8.7816 92.6583 0.0288 0.9211 -0.0402 -0.3861
92.6560 663.5354 -8.8245 92.1246 0.0276 0.9171 -0.0363 -0.3961
92.7597 662.9120 -8.8708 91.5623 0.0249 0.9124 -0.0315 -0.4074
92.8635 662.3296 -8.9085 91.0402 0.0222 0.9074 -0.0264 -0.4188
92.9672 661.6899 -8.9460 90.5091 0.0198 0.9020 -0.0239 -0.4305
93.0710 661.0152 -8.9938 90.0163 0.0182 0.8963 -0.0218 -0.4426
93.1747 660.3803 -9.0106 89.5507 0.0194 0.8903 -0.0205 -0.4546
93.2785 659.6862 -9.0367 89.0855 0.0207 0.8840 -0.0179 -0.4667
93.3821 658.9733 -9.0488 88.6301 0.0227 0.8781 -0.0163 -0.4777
93.4858 658.2447 -9.0757 88.2031 0.0249 0.8728 -0.0149 -0.4871
93.5895 657.5166 -9.0924 87.7773 0.0264 0.8685 -0.0133 -0.4948
93.6931 656.7852 -9.1110 87.3326 0.0262 0.8656 -0.0111 -0.5000
93.7967 656.0430 -9.1104 86.9299 0.0272 0.8638 -0.0086 -0.5030
93.9004 655.2944 -9.1103 86.4951 0.0269 0.8629 -0.0054 -0.5046
94.0040 654.5299 -9.0780 86.0327 0.0250 0.8626 -0.0024 -0.5053
94.1076 653.7441 -9.0769 85.5959 0.0227 0.8629 -0.0015 -0.5049
94.2113 652.9461 -9.1022 85.1007 0.0195 0.8635 -0.0031 -0.5040
94.3150 652.1725 -9.1327 84.6384 0.0159 0.8645 -0.0052 -0.5024
94.4186 651.4053 -9.1326 84.1754 0.0136 0.8662 -0.0073 -0.4995
94.5222 650.5864 -9.1482 83.6921 0.0144 0.8675 -0.0086 -0.4972
94.6260 649.8096 -9.1356 83.1948 0.0166 0.8689 -0.0092 -0.4946
94.7297 648.9887 -9.1442 82.6967 0.0137 0.8700 -0.0085 -0.4928
94.8335 648.1780 -9.1770 82.2134 0.0112 0.8705 -0.0096 -0.4919
94.9372 647.3581 -9.2348 81.6917 0.0083 0.8706 -0.0109 -0.4919
95.0410 646.5078 -9.2323 81.1439 0.0075 0.8707 -0.0108 -0.4917
95.1447 645.6730 -9.2582 80.6428 0.0080 0.8710 -0.0110 -0.4911
95.2484 644.7956 -9.2627 80.0945 0.0084 0.8714 -0.0099 -0.4905
95.3521 643.9487 -9.3086 79.6077 0.0094 0.8718 -0.0087 -0.4897
95.4559 643.0985 -9.2965 79.0763 0.0135 0.8725 -0.0091 -0.4884
95.5595 642.2111 -9.3424 78.5145 0.0116 0.8733 -0.0077 -0.4869
95.6631 641.3903 -9.3649 77.9942 0.0128 0.8741 -0.0082 -0.4856
95.7669 640.5145 -9.3966 77.4272 0.0116 0.8751 -0.0072 -0.4838
95.8705 639.6560 -9.4001 76.8888 0.0152 0.8761 -0.0086 -0.4818
95.9742 638.8217 -9.4214 76.3545 0.0149 0.8773 -0.0086 -0.4797
96.0779 637.9653 -9.4527 75.7793 0.0137 0.8783 -0.0090 -0.4779
96.1816 637.1405 -9.4797 75.2446 0.0126 0.8791 -0.0088 -0.4763
96.2853 636.3252 -9.4926 74.6881 0.0146 0.8796 -0.0089 -0.4754
96.3891 635.4670 -9.5098 74.1014 0.0160 0.8798 -0.0088 -0.4750
96.4929 634.6463 -9.5392 73.5533 0.0142 0.8801 -0.0085 -0.4744
96.5966 633.8370 -9.5862 73.0143 0.0126 0.8806 -0.0088 -0.4735
96.7004 633.0224 -9.5957 72.4748 0.0127 0.8808 -0.0083 -0.4732
96.8040 632.2250 -9.5984 71.9489 0.0141 0.8807 -0.0071 -0.4735
96.9077 631.4267 -9.6298 71.3794 0.0140 0.8806 -0.0065 -0.4735
97.0115 630.6368 -9.6592 70.8852 0.0125 0.8808 -0.0068 -0.4733
97.1151 629.8629 -9.6775 70.3666 0.0132 0.8810 -0.0078 -0.4729
97.2189 629.1068 -9.7076 69.8432 0.0135 0.8814 -0.0078 -0.4722
97.3225 628.3311 -9.7238 69.3092 0.0135 0.8817 -0.0079 -0.4715
97.4262 627.5775 -9.7565 68.8048 0.0127 0.8825 -0.0084 -0.4701
97.5300 626.8354 -9.7625 68.2944 0.0129 0.8832 -0.0079 -0.4688
97.6337 626.1154 -9.7866 67.7814 0.0137 0.8838 -0.0066 -0.4676
97.7375 625.3995 -9.8233 67.2841 0.0146 0.8847 -0.0063 -0.4659
97.8412 624.7048 -9.8375 66.7947 0.0126 0.8850 -0.0072 -0.4654
97.9451 623.9988 -9.8489 66.2890 0.0120 0.8858 -0.0076 -0.4639
98.0487 623.3588 -9.8821 65.8373 0.0116 0.8863 -0.0070 -0.4629
98.1525 622.7007 -9.9074 65.3781 0.0119 0.8864 -0.0068 -0.4627
98.2562 622.0494 -9.9205 64.9114 0.0101 0.8865 -0.0062 -0.4625
98.3600 621.4323 -9.9275 64.4549 0.0096 0.8868 -0.0064 -0.4620
98.4637 620.8541 -9.9573 64.0462 0.0110 0.8872 -0.0057 -0.4611
98.5675 620.2828 -9.9740 63.6403 0.0124 0.8877 -0.0047 -0.4603
98.6712 619.7161 -9.9966 63.2449 0.0130 0.8882 -0.0029 -0.4593
98.7749 619.2099 -10.0084 62.8564 0.0128 0.8887 -0.0025 -0.4584
98.8786 618.7168 -10.0261 62.4901 0.0126 0.8892 -0.0024 -0.4573
98.9823 618.2348 -10.0288 62.1334 0.0125 0.8896 -0.0025 -0.4566
99.0861 617.7851 -10.0413 61.8162 0.0123 0.8900 -0.0032 -0.4557
99.1897 617.3426 -10.0672 61.5035 0.0122 0.8903 -0.0037 -0.4553
99.2935 616.9402 -10.0716 61.2230 0.0127 0.8906 -0.0041 -0.4547
99.3972 616.5946 -10.0846 60.9414 0.0124 0.8906 -0.0051 -0.4545
99.5008 616.2330 -10.0971 60.6742 0.0113 0.8906 -0.0053 -0.4546
99.6046 615.9126 -10.1067 60.4097 0.0110 0.8906 -0.0047 -0.4546
99.7083 615.6185 -10.1260 60.1971 0.0122 0.8909 -0.0044 -0.4540
99.8120 615.3380 -10.1306 60.0153 0.0137 0.8912 -0.0053 -0.4534
99.9157 615.0718 -10.1419 59.8168 0.0136 0.8911 -0.0060 -0.4535
100.0193 614.8379 -10.1451 59.6366 0.0128 0.8914 -0.0062 -0.4530
100.1231 614.6347 -10.1550 59.4709 0.0131 0.8917 -0.0063 -0.4524
100.2267 614.4417 -10.1590 59.3428 0.0136 0.8917 -0.0056 -0.4524
100.3305 614.2365 -10.1685 59.1835 0.0137 0.8916 -0.0060 -0.4525
100.4341 614.0845 -10.1767 59.0561 0.0134 0.8917 -0.0074 -0.4523
100.5379 613.9050 -10.1829 58.9455 0.0134 0.8918 -0.0093 -0.4521
100.6415 613.7297 -10.1979 58.8139 0.0137 0.8918 -0.0097 -0.4521
100.7452 613.5747 -10.2019 58.6935 0.0140 0.8917 -0.0102 -0.4522
100.8489 613.3874 -10.2037 58.5586 0.0142 0.8918 -0.0100 -0.4521
100.9526 613.2443 -10.2081 58.4592 0.0141 0.8919 -0.0098 -0.4518
101.0562 613.0798 -10.2105 58.3204 0.0134 0.8918 -0.0098 -0.4521
101.1600 612.9270 -10.2182 58.1974 0.0123 0.8918 -0.0100 -0.4521
101.2636 612.7501 -10.2137 58.0829 0.0119 0.8919 -0.0100 -0.4519
101.3674 612.5938 -10.2167 57.9679 0.0123 0.8919 -0.0097 -0.4520
101.4710 612.4302 -10.2358 57.8430 0.0133 0.8919 -0.0097 -0.4519
101.5747 612.2640 -10.2425 57.7147 0.0140 0.8919 -0.0097 -0.4519
101.6784 612.0868 -10.2511 57.6031 0.0139 0.8918 -0.0099 -0.4521
101.7821 611.9385 -10.2490 57.4857 0.0134 0.8918 -0.0097 -0.4521
101.8859 611.7884 -10.2546 57.3635 0.0134 0.8918 -0.0098 -0.4521
101.9896 611.6435 -10.2552 57.2759 0.0138 0.8919 -0.0099 -0.4519
102.0932 611.5161 -10.2679 57.1676 0.0148 0.8918 -0.0100 -0.4520
102.1970 611.4068 -10.2744 57.0885 0.0151 0.8919 -0.0099 -0.4519
102.3007 611.2779 -10.2781 56.9835 0.0149 0.8918 -0.0098 -0.4520
102.4045 611.1500 -10.2719 56.8802 0.0140 0.8919 -0.0097 -0.4520
102.5083 611.0289 -10.2761 56.8059 0.0132 0.8919 -0.0099 -0.4519
102.6119 610.9065 -10.2743 56.7136 0.0136 0.8919 -0.0104 -0.4518
102.7156 610.7738 -10.2874 56.6269 0.0145 0.8918 -0.0107 -0.4521
102.8194 610.6743 -10.2909 56.5635 0.0144 0.8918 -0.0107 -0.4521
102.9230 610.5557 -10.2951 56.4617 0.0142 0.8919 -0.0093 -0.4520
103.0267 610.4561 -10.2878 56.3917 0.0127 0.8920 -0.0071 -0.4518
103.1305 610.3584 -10.2947 56.3123 0.0118 0.8918 -0.0068 -0.4522
103.2341 610.2443 -10.3126 56.2095 0.0122 0.8918 -0.0086 -0.4523
103.3379 610.1507 -10.3197 56.1457 0.0117 0.8919 -0.0092 -0.4520
103.4415 610.0682 -10.3194 56.0780 0.0122 0.8919 -0.0092 -0.4520
103.5452 609.9369 -10.3189 55.9936 0.0122 0.8919 -0.0094 -0.4519
103.6490 609.8059 -10.3230 55.8958 0.0119 0.8919 -0.0096 -0.4520
103.7526 609.6877 -10.3263 55.8107 0.0110 0.8921 -0.0100 -0.4516
103.8564 609.5702 -10.3303 55.7271 0.0109 0.8923 -0.0119 -0.4512
103.9601 609.4262 -10.3378 55.6009 0.0105 0.8925 -0.0135 -0.4508
104.0637 609.2575 -10.3396 55.4903 0.0102 0.8928 -0.0151 -0.4500
104.1674 609.0657 -10.3476 55.3387 0.0090 0.8935 -0.0157 -0.4488
104.2710 608.8708 -10.3593 55.1759 0.0086 0.8945 -0.0162 -0.4467
104.3746 608.6407 -10.3580 54.9797 0.0087 0.8957 -0.0171 -0.4442
104.4782 608.3956 -10.3735 54.8013 0.0092 0.8970 -0.0181 -0.4416
104.5820 608.1412 -10.3842 54.5910 0.0089 0.8984 -0.0194 -0.4386
104.6857 607.8635 -10.3777 54.3529 0.0085 0.9003 -0.0196 -0.4347
104.7894 607.5547 -10.4078 54.1087 0.0091 0.9024 -0.0204 -0.4302
104.8930 607.2455 -10.4207 53.8483 0.0103 0.9045 -0.0210 -0.4259
104.9967 606.9130 -10.4325 53.5737 0.0118 0.9067 -0.0204 -0.4211
105.1005 606.5875 -10.4610 53.2496 0.0127 0.9087 -0.0192 -0.4168
105.2041 606.2274 -10.4672 52.9110 0.0118 0.9110 -0.0201 -0.4117
105.3077 605.8551 -10.4926 52.5783 0.0110 0.9133 -0.0205 -0.4066
105.4115 605.4491 -10.5128 52.2123 0.0134 0.9152 -0.0189 -0.4024
105.5153 605.0685 -10.5368 51.8406 0.0159 0.9169 -0.0179 -0.3983
105.6189 604.6731 -10.5506 51.4428 0.0161 0.9189 -0.0168 -0.3939
105.7226 604.2535 -10.5527 51.0072 0.0154 0.9202 -0.0146 -0.3908
105.8265 603.8473 -10.5877 50.5732 0.0153 0.9214 -0.0125 -0.3880
105.9302 603.3994 -10.5915 50.1350 0.0127 0.9225 -0.0114 -0.3857
106.0341 602.9500 -10.6026 49.6729 0.0111 0.9228 -0.0102 -0.3849
106.1379 602.4717 -10.6049 49.1729 0.0096 0.9231 -0.0084 -0.3844
106.2417 601.9862 -10.6271 48.6972 0.0108 0.9237 -0.0086 -0.3830
106.3455 601.5185 -10.6281 48.2119 0.0104 0.9240 -0.0085 -0.3822
106.4492 600.9874 -10.6656 47.6738 0.0108 0.9242 -0.0087 -0.3817
106.5530 600.4770 -10.6780 47.1355 0.0072 0.9248 -0.0110 -0.3802
106.6568 599.9662 -10.6737 46.5797 0.0045 0.9249 -0.0131 -0.3798
106.7605 599.4214 -10.7151 46.0234 0.0035 0.9252 -0.0157 -0.3792
106.8642 598.8957 -10.7460 45.5009 0.0059 0.9256 -0.0163 -0.3781
106.9680 598.3146 -10.7784 44.9053 0.0068 0.9258 -0.0147 -0.3778
107.0718 597.7591 -10.8104 44.2981 0.0051 0.9259 -0.0129 -0.3776
107.1755 597.1829 -10.8238 43.7019 0.0052 0.9263 -0.0121 -0.3766
107.2791 596.5775 -10.8491 43.0654 0.0032 0.9269 -0.0111 -0.3752
107.3829 595.9632 -10.8801 42.4172 0.0056 0.9274 -0.0111 -0.3738
107.4865 595.3671 -10.9015 41.7704 0.0073 0.9281 -0.0109 -0.3721
107.5902 594.7201 -10.9174 41.1110 0.0073 0.9291 -0.0110 -0.3695
107.6939 594.1120 -10.9590 40.4344 0.0084 0.9302 -0.0103 -0.3668
107.7976 593.5008 -10.9858 39.7569 0.0097 0.9312 -0.0096 -0.3641
107.9012 592.8757 -11.0094 39.0619 0.0102 0.9322 -0.0101 -0.3618
108.0050 592.2634 -11.0213 38.3863 0.0097 0.9328 -0.0110 -0.3601
108.1087 591.6511 -11.0741 37.6932 0.0100 0.9332 -0.0122 -0.3589
108.2125 591.0434 -11.0936 37.0145 0.0075 0.9335 -0.0131 -0.3582
108.3162 590.4459 -11.1360 36.3286 0.0069 0.9334 -0.0137 -0.3586
108.4200 589.8406 -11.1745 35.6502 0.0062 0.9333 -0.0137 -0.3589
108.5237 589.2227 -11.2084 34.9570 0.0048 0.9329 -0.0135 -0.3598
108.6275 588.6138 -11.2449 34.2614 0.0044 0.9327 -0.0127 -0.3605
108.7312 587.9902 -11.2634 33.5886 0.0058 0.9323 -0.0132 -0.3615
108.8351 587.3687 -11.3114 32.9016 0.0063 0.9317 -0.0130 -0.3628
108.9389 586.7473 -11.3434 32.2137 0.0058 0.9313 -0.0137 -0.3639
109.0426 586.1197 -11.3766 31.5211 0.0059 0.9309 -0.0148 -0.3650
109.1464 585.4786 -11.4098 30.8384 0.0063 0.9303 -0.0150 -0.3664
109.2501 584.8428 -11.4438 30.1626 0.0062 0.9297 -0.0150 -0.3678
109.3539 584.2072 -11.4850 29.4707 0.0063 0.9293 -0.0151 -0.3690
109.4576 583.5713 -11.5386 28.7805 0.0065 0.9287 -0.0156 -0.3704
109.5612 582.9246 -11.5711 28.1066 0.0065 0.9284 -0.0164 -0.3712
109.6650 582.2753 -11.6201 27.4181 0.0063 0.9279 -0.0174 -0.3723
109.7687 581.6111 -11.6591 26.7124 0.0059 0.9276 -0.0172 -0.3731
109.8724 580.9548 -11.7101 26.0253 0.0060 0.9275 -0.0171 -0.3734
109.9761 580.3017 -11.7314 25.3163 0.0061 0.9275 -0.0166 -0.3735
110.0797 579.6192 -11.7856 24.6257 0.0059 0.9274 -0.0167 -0.3735
110.1835 578.9579 -11.8337 23.9275 0.0058 0.9276 -0.0169 -0.3731
110.2872 578.2904 -11.8800 23.2371 0.0052 0.9277 -0.0174 -0.3729
110.3909 577.6197 -11.9160 22.5039 0.0054 0.9280 -0.0172 -0.3721
110.4946 576.9711 -11.9734 21.8117 0.0054 0.9282 -0.0172 -0.3716
110.5982 576.3074 -11.9990 21.1096 0.0045 0.9285 -0.0179 -0.3708
110.7020 575.6519 -12.0641 20.3822 0.0033 0.9288 -0.0192 -0.3700
110.8056 574.9878 -12.1056 19.6923 0.0027 0.9292 -0.0194 -0.3690
110.9092 574.3308 -12.1683 18.9450 0.0039 0.9296 -0.0188 -0.3682
111.0129 573.6528 -12.1984 18.2118 0.0041 0.9302 -0.0169 -0.3667
111.1166 573.0009 -12.2426 17.5252 0.0039 0.9306 -0.0156 -0.3657
111.2202 572.3495 -12.3011 16.8037 0.0056 0.9309 -0.0164 -0.3648
111.3240 571.6968 -12.3402 16.0935 0.0048 0.9313 -0.0168 -0.3639
111.4276 571.0903 -12.3934 15.4199 0.0049 0.9316 -0.0171 -0.3629
111.5314 570.4402 -12.4439 14.6915 0.0062 0.9321 -0.0181 -0.3616
111.6350 569.8108 -12.4868 13.9975 0.0047 0.9325 -0.0187 -0.3608
111.7387 569.1511 -12.5475 13.2778 0.0040 0.9328 -0.0197 -0.3599
111.8424 568.5357 -12.5910 12.5725 0.0035 0.9333 -0.0190 -0.3587
111.9461 567.9331 -12.6408 11.8747 0.0046 0.9336 -0.0168 -0.3580
112.0497 567.3073 -12.6716 11.1966 0.0043 0.9337 -0.0149 -0.3578
112.1535 566.7268 -12.7204 10.4936 0.0032 0.9337 -0.0146 -0.3576
112.2571 566.1163 -12.7784 9.7993 0.0013 0.9336 -0.0154 -0.3579
112.3609 565.4858 -12.8158 9.1152 0.0008 0.9333 -0.0164 -0.3587
112.4646 564.8997 -12.8657 8.4589 0.0022 0.9328 -0.0180 -0.3600
112.5682 564.2674 -12.9104 7.7707 0.0044 0.9323 -0.0184 -0.3611
112.6720 563.6687 -12.9656 7.1086 0.0054 0.9319 -0.0195 -0.3621
112.7756 563.0637 -13.0034 6.4644 0.0061 0.9315 -0.0198 -0.3630
112.8794 562.4623 -13.0474 5.8269 0.0064 0.9312 -0.0199 -0.3640
112.9830 561.8856 -13.0984 5.1667 0.0063 0.9307 -0.0206 -0.3651
113.0867 561.3390 -13.1446 4.5642 0.0054 0.9302 -0.0225 -0.3663
113.1905 560.7911 -13.2111 3.9401 0.0021 0.9297 -0.0255 -0.3673
113.2941 560.2276 -13.2732 3.3312 -0.0012 0.9293 -0.0277 -0.3684
113.3978 559.6881 -13.3368 2.7369 -0.0013 0.9289 -0.0287 -0.3691
113.5015 559.1566 -13.4030 2.1695 -0.0007 0.9288 -0.0276 -0.3695
113.6052 558.6234 -13.4353 1.6359 0.0020 0.9286 -0.0270 -0.3701
113.7090 558.1505 -13.5049 1.1181 0.0021 0.9284 -0.0267 -0.3706
113.8126 557.6802 -13.5306 0.6083 0.0038 0.9284 -0.0287 -0.3705
113.9164 557.2285 -13.6171 0.1450 0.0043 0.9282 -0.0314 -0.3707
114.0201 556.8084 -13.6643 -0.3010 0.0035 0.9282 -0.0326 -0.3705
114.1239 556.3568 -13.7033 -0.7710 0.0035 0.9283 -0.0329 -0.3705
114.2276 555.9767 -13.7574 -1.1923 0.0033 0.9283 -0.0318 -0.3704
114.3314 555.5779 -13.8060 -1.6206 0.0033 0.9285 -0.0315 -0.3700
114.4350 555.2349 -13.8419 -1.9798 0.0030 0.9284 -0.0323 -0.3703
114.5387 554.8746 -13.8970 -2.3699 0.0004 0.9282 -0.0335 -0.3705
114.6425 554.5382 -13.9375 -2.7532 -0.0028 0.9282 -0.0331 -0.3705
114.7463 554.2068 -13.9757 -3.1090 -0.0028 0.9282 -0.0329 -0.3707
114.8500 553.8524 -14.0125 -3.4816 -0.0018 0.9283 -0.0325 -0.3705
114.9538 553.5255 -14.0502 -3.8275 -0.0004 0.9282 -0.0316 -0.3708
115.0574 553.2143 -14.0943 -4.1827 -0.0019 0.9281 -0.0309 -0.3710
115.1611 552.8965 -14.1277 -4.5100 -0.0032 0.9280 -0.0303 -0.3714
115.2649 552.6146 -14.1657 -4.8359 -0.0034 0.9279 -0.0302 -0.3716
115.3686 552.2909 -14.2119 -5.1361 -0.0011 0.9278 -0.0312 -0.3718
115.4724 551.9914 -14.2325 -5.4478 -0.0009 0.9277 -0.0316 -0.3719
115.5761 551.6953 -14.2750 -5.7436 -0.0003 0.9276 -0.0318 -0.3722
115.6797 551.4197 -14.3074 -6.0371 -0.0001 0.9276 -0.0319 -0.3722
115.7835 551.1670 -14.3366 -6.3005 -0.0000 0.9276 -0.0323 -0.3721
115.8871 550.8987 -14.3652 -6.5833 0.0003 0.9277 -0.0329 -0.3719
115.9909 550.6523 -14.3955 -6.8400 0.0002 0.9278 -0.0333 -0.3715
116.0946 550.4159 -14.4280 -7.0983 -0.0000 0.9279 -0.0340 -0.3713
116.1983 550.1776 -14.4614 -7.3550 -0.0006 0.9279 -0.0355 -0.3711
116.3020 549.9488 -14.4990 -7.5898 0.0009 0.9281 -0.0381 -0.3704
116.4056 549.7405 -14.5366 -7.8002 0.0028 0.9284 -0.0396 -0.3694
116.5094 549.5148 -14.5555 -8.0240 0.0031 0.9289 -0.0400 -0.3681
116.6133 549.3253 -14.5752 -8.2519 0.0029 0.9295 -0.0406 -0.3665
116.7167 549.1332 -14.5988 -8.4771 0.0006 0.9300 -0.0404 -0.3654
116.8205 548.9765 -14.6191 -8.6491 0.0000 0.9305 -0.0405 -0.3639
116.9242 548.8129 -14.6545 -8.8394 -0.0003 0.9310 -0.0403 -0.3628
117.0280 548.6501 -14.6716 -9.0261 -0.0006 0.9315 -0.0404 -0.3616
117.1316 548.4986 -14.6945 -9.1948 -0.0006 0.9319 -0.0406 -0.3605
117.2354 548.3604 -14.7185 -9.3376 -0.0004 0.9323 -0.0404 -0.3595
117.3391 548.2428 -14.7432 -9.4876 -0.0004 0.9325 -0.0409 -0.3588
117.4429 548.1215 -14.7646 -9.6382 -0.0008 0.9325 -0.0418 -0.3587
117.5467 548.0163 -14.7778 -9.7535 -0.0013 0.9325 -0.0426 -0.3586
117.6504 547.9100 -14.7962 -9.8742 -0.0019 0.9324 -0.0433 -0.3589
117.7540 547.8002 -14.8105 -9.9873 -0.0020 0.9322 -0.0437 -0.3593
117.8577 547.7058 -14.8204 -10.0714 -0.0021 0.9321 -0.0442 -0.3594
117.9615 547.6183 -14.8337 -10.1785 -0.0024 0.9322 -0.0448 -0.3592
118.0651 547.5362 -14.8456 -10.2646 -0.0025 0.9323 -0.0450 -0.3589
118.1689 547.4624 -14.8593 -10.3548 -0.0024 0.9324 -0.0450 -0.3587
118.2725 547.3997 -14.8729 -10.4317 -0.0027 0.9324 -0.0454 -0.3585
118.3763 547.3177 -14.8844 -10.5258 -0.0029 0.9325 -0.0455 -0.3584
118.4799 547.2729 -14.8980 -10.5900 -0.0035 0.9326 -0.0459 -0.3580
118.5836 547.2133 -14.9051 -10.6598 -0.0038 0.9327 -0.0459 -0.3578
118.6872 547.1469 -14.9117 -10.7162 -0.0036 0.9327 -0.0459 -0.3577
118.7910 547.0944 -14.9204 -10.7631 -0.0036 0.9328 -0.0461 -0.3573
118.8948 547.0498 -14.9293 -10.8257 -0.0037 0.9329 -0.0463 -0.3572
118.9985 547.0094 -14.9378 -10.8950 -0.0041 0.9329 -0.0468 -0.3570
119.1021 546.9625 -14.9416 -10.9379 -0.0042 0.9329 -0.0469 -0.3569
119.2059 546.9294 -14.9514 -10.9755 -0.0042 0.9330 -0.0469 -0.3567
119.3096 546.8851 -14.9535 -11.0317 -0.0043 0.9331 -0.0471 -0.3566
119.4132 546.8606 -14.9559 -11.0520 -0.0043 0.9331 -0.0471 -0.3564
119.5170 546.8246 -14.9619 -11.0971 -0.0043 0.9331 -0.0473 -0.3564
119.6207 546.7805 -14.9725 -11.1351 -0.0045 0.9332 -0.0475 -0.3563
119.7244 546.7468 -14.9766 -11.1645 -0.0046 0.9332 -0.0478 -0.3561
119.8281 546.7169 -14.9823 -11.2043 -0.0047 0.9332 -0.0480 -0.3561
119.9319 546.7020 -14.9826 -11.2102 -0.0046 0.9333 -0.0479 -0.3560
120.0355 546.6919 -14.9825 -11.2238 -0.0047 0.9333 -0.0480 -0.3558
120.1392 546.6865 -14.9840 -11.2407 -0.0048 0.9333 -0.0480 -0.3557
120.2429 546.6680 -14.9942 -11.2566 -0.0049 0.9334 -0.0483 -0.3556
120.3466 546.6486 -14.9905 -11.2636 -0.0049 0.9334 -0.0482 -0.3556
120.4502 546.6456 -15.0001 -11.2714 -0.0050 0.9334 -0.0483 -0.3556
120.5540 546.6416 -14.9947 -11.2854 -0.0053 0.9333 -0.0488 -0.3557
120.6576 546.6370 -15.0020 -11.3262 -0.0054 0.9333 -0.0490 -0.3558
120.7614 546.6160 -14.9942 -11.3131 -0.0057 0.9334 -0.0492 -0.3555
120.8650 546.6228 -14.9987 -11.3191 -0.0057 0.9334 -0.0494 -0.3554
120.9686 546.6065 -15.0050 -11.3308 -0.0056 0.9334 -0.0493 -0.3555
121.0724 546.5827 -15.0103 -11.3652 -0.0056 0.9333 -0.0493 -0.3556
121.1760 546.5603 -15.0105 -11.3932 -0.0056 0.9334 -0.0494 -0.3555
121.2797 546.5314 -15.0131 -11.4196 -0.0057 0.9333 -0.0494 -0.3556
121.3834 546.5064 -15.0130 -11.4402 -0.0056 0.9334 -0.0492 -0.3555
121.4871 546.4923 -15.0197 -11.4623 -0.0057 0.9334 -0.0493 -0.3554
121.5909 546.4611 -15.0322 -11.5031 -0.0056 0.9333 -0.0492 -0.3557
121.6945 546.4228 -15.0310 -11.5349 -0.0056 0.9333 -0.0491 -0.3556
121.7982 546.4064 -15.0356 -11.5642 -0.0055 0.9333 -0.0489 -0.3556
121.9020 546.3656 -15.0434 -11.6039 -0.0057 0.9334 -0.0489 -0.3553
122.0056 546.3185 -15.0554 -11.6468 -0.0057 0.9334 -0.0490 -0.3554
122.1094 546.2939 -15.0515 -11.6902 -0.0058 0.9335 -0.0489 -0.3552
122.2131 546.2519 -15.0656 -11.7256 -0.0057 0.9335 -0.0489 -0.3551
122.3168 546.2009 -15.0727 -11.7897 -0.0058 0.9335 -0.0491 -0.3552
122.4205 546.1268 -15.0847 -11.8983 -0.0058 0.9333 -0.0492 -0.3556
122.5243 546.0829 -15.0902 -11.9378 -0.0058 0.9334 -0.0492 -0.3553
122.6280 546.0287 -15.0987 -12.0026 -0.0058 0.9335 -0.0492 -0.3551
122.7316 545.9521 -15.1100 -12.0816 -0.0058 0.9335 -0.0491 -0.3553
122.8352 545.8785 -15.1254 -12.1650 -0.0057 0.9334 -0.0492 -0.3553
122.9390 545.8178 -15.1429 -12.2595 -0.0055 0.9335 -0.0487 -0.3553
123.0426 545.7507 -15.1601 -12.3250 -0.0055 0.9336 -0.0487 -0.3551
123.1462 545.6786 -15.1552 -12.3850 -0.0058 0.9335 -0.0487 -0.3551
123.2500 545.6105 -15.1683 -12.4542 -0.0058 0.9336 -0.0491 -0.3549
123.3536 545.5380 -15.1825 -12.5485 -0.0058 0.9335 -0.0493 -0.3550
123.4574 545.4677 -15.1870 -12.6298 -0.0050 0.9335 -0.0491 -0.3552
123.5610 545.3840 -15.2093 -12.7287 -0.0034 0.9334 -0.0498 -0.3553
123.6648 545.3113 -15.2203 -12.7939 -0.0023 0.9335 -0.0495 -0.3551
123.7685 545.2171 -15.2381 -12.8833 -0.0019 0.9335 -0.0493 -0.3552
123.8721 545.1388 -15.2464 -12.9886 -0.0020 0.9335 -0.0491 -0.3552
123.9759 545.0836 -15.2655 -13.0710 -0.0022 0.9335 -0.0494 -0.3552
124.0796 545.0200 -15.2747 -13.1271 -0.0021 0.9334 -0.0493 -0.3554
124.1832 544.9778 -15.2854 -13.2016 -0.0020 0.9336 -0.0491 -0.3549
124.2870 544.9313 -15.2933 -13.2511 -0.0019 0.9338 -0.0486 -0.3544
124.3906 544.8558 -15.2978 -13.3197 -0.0017 0.9338 -0.0483 -0.3545
124.4944 544.8166 -15.3020 -13.3740 -0.0019 0.9338 -0.0480 -0.3546
