0.0000 -0.0000 0.0000 0.0000 0.0000 -0.0000 -0.0000 1.0000
0.1039 -0.0783 -0.0111 0.0145 0.0002 0.0071 -0.0001 1.0000
0.2077 -0.0727 -0.0192 0.0252 0.0003 0.0151 -0.0009 0.9999
0.3119 0.0082 0.0083 0.4066 -0.0006 0.0318 -0.0026 0.9995
0.4159 0.0387 0.0131 0.5385 -0.0016 0.0477 -0.0021 0.9989
0.5200 0.1612 0.0137 0.7980 -0.0024 0.0673 -0.0010 0.9977
0.6241 0.1648 -0.0213 0.8676 -0.0029 0.0860 0.0010 0.9963
0.7282 0.2732 -0.0080 1.1499 -0.0033 0.1084 0.0010 0.9941
0.8325 0.3662 0.0008 1.3142 -0.0050 0.1325 0.0007 0.9912
0.9366 0.5346 0.0262 1.6115 -0.0082 0.1574 0.0018 0.9875
1.0408 0.6325 -0.0000 1.7919 -0.0115 0.1820 0.0060 0.9832
1.1449 0.8001 -0.0058 2.0335 -0.0135 0.2090 0.0081 0.9778
1.2490 1.0094 -0.0079 2.2871 -0.0154 0.2368 0.0083 0.9714
1.3531 1.1816 0.0258 2.4897 -0.0175 0.2649 0.0084 0.9641
1.4571 1.4301 0.0244 2.7407 -0.0194 0.2937 0.0101 0.9557
1.5611 1.6145 0.0227 2.9266 -0.0204 0.3224 0.0123 0.9463
1.6651 1.8702 0.0353 3.1279 -0.0212 0.3503 0.0140 0.9363
1.7690 2.2144 0.0408 3.3768 -0.0211 0.3779 0.0153 0.9255
1.8729 2.4698 0.0502 3.5594 -0.0215 0.4043 0.0158 0.9142
1.9768 2.8233 0.0840 3.7993 -0.0229 0.4298 0.0150 0.9025
2.0805 3.1726 0.1001 3.9981 -0.0237 0.4535 0.0145 0.8908
2.1841 3.5561 0.1201 4.2185 -0.0242 0.4753 0.0144 0.8794
2.2879 3.9720 0.1307 4.4335 -0.0251 0.4952 0.0151 0.8683
2.3915 4.3700 0.1587 4.6026 -0.0256 0.5136 0.0144 0.8575
2.4951 4.8398 0.1809 4.7636 -0.0250 0.5308 0.0140 0.8470
2.5988 5.3582 0.1984 4.9809 -0.0232 0.5463 0.0141 0.8372
2.7023 5.8434 0.2204 5.1457 -0.0211 0.5598 0.0144 0.8282
2.8059 6.3877 0.2474 5.3325 -0.0194 0.5713 0.0143 0.8204
2.9094 6.9475 0.2699 5.5177 -0.0184 0.5801 0.0145 0.8142
3.0129 7.5435 0.2995 5.7022 -0.0179 0.5864 0.0151 0.8097
3.1165 8.1782 0.3184 5.9133 -0.0181 0.5916 0.0159 0.8059
3.2201 8.7879 0.3480 6.0758 -0.0192 0.5960 0.0162 0.8026
3.3237 9.4872 0.3871 6.2768 -0.0204 0.6005 0.0162 0.7992
3.4274 10.1903 0.4058 6.4675 -0.0213 0.6050 0.0165 0.7958
3.5310 10.8680 0.4334 6.6423 -0.0224 0.6089 0.0170 0.7927
3.6348 11.5950 0.4710 6.8466 -0.0230 0.6129 0.0176 0.7896
3.7384 12.3846 0.5002 7.0148 -0.0236 0.6172 0.0178 0.7862
3.8421 13.1356 0.5317 7.2146 -0.0250 0.6214 0.0184 0.7829
3.9458 13.9112 0.5836 7.3522 -0.0271 0.6262 0.0190 0.7790
4.0495 14.7035 0.6179 7.5348 -0.0283 0.6307 0.0204 0.7752
4.1532 15.4907 0.6544 7.6849 -0.0295 0.6355 0.0210 0.7712
4.2570 16.2896 0.6912 7.8167 -0.0299 0.6412 0.0210 0.7665
4.3608 17.0899 0.7355 7.9724 -0.0298 0.6467 0.0205 0.7619
4.4645 17.8669 0.7749 8.0668 -0.0295 0.6535 0.0199 0.7560
4.5684 18.7221 0.8128 8.1641 -0.0296 0.6612 0.0188 0.7494
4.6723 19.5118 0.8518 8.2596 -0.0304 0.6705 0.0170 0.7411
4.7761 20.3415 0.8967 8.3304 -0.0312 0.6815 0.0158 0.7310
4.8801 21.1996 0.9315 8.3422 -0.0317 0.6937 0.0149 0.7194
4.9841 22.0472 0.9732 8.3326 -0.0314 0.7060 0.0144 0.7073
5.0881 22.8924 1.0036 8.3001 -0.0310 0.7180 0.0137 0.6952
5.1920 23.7048 1.0249 8.2407 -0.0307 0.7293 0.0123 0.6834
5.2959 24.5451 1.0748 8.1398 -0.0299 0.7406 0.0107 0.6712
5.3998 25.4077 1.0972 8.0183 -0.0269 0.7515 0.0103 0.6591
5.5036 26.2194 1.1097 7.8701 -0.0234 0.7619 0.0101 0.6472
5.6074 27.0546 1.1317 7.7025 -0.0192 0.7716 0.0102 0.6357
5.7113 27.8929 1.1460 7.4859 -0.0153 0.7811 0.0105 0.6241
5.8150 28.7054 1.1738 7.2908 -0.0102 0.7901 0.0115 0.6128
5.9188 29.5163 1.1712 7.0640 -0.0049 0.7984 0.0102 0.6020
6.0224 30.3141 1.1645 6.7845 0.0011 0.8064 0.0058 0.5914
6.1261 31.0876 1.1259 6.5057 0.0063 0.8139 -0.0012 0.5809
6.2298 31.8549 1.0891 6.1785 0.0101 0.8215 -0.0083 0.5701
6.3335 32.6301 1.0612 5.8541 0.0148 0.8288 -0.0114 0.5593
6.4371 33.4072 1.0147 5.5386 0.0172 0.8361 -0.0119 0.5482
6.5409 34.1280 0.9666 5.1563 0.0175 0.8427 -0.0109 0.5380
6.6445 34.8762 0.9297 4.8128 0.0176 0.8488 -0.0076 0.5284
6.7483 35.6026 0.9089 4.3895 0.0192 0.8541 -0.0036 0.5197
6.8519 36.2994 0.8547 4.0258 0.0203 0.8584 -0.0022 0.5127
6.9555 37.0162 0.7971 3.6021 0.0220 0.8615 -0.0025 0.5074
7.0590 37.7111 0.7570 3.2159 0.0232 0.8643 -0.0031 0.5025
7.1628 38.3972 0.6996 2.8218 0.0211 0.8674 -0.0058 0.4972
7.2664 39.0970 0.6849 2.3885 0.0202 0.8706 -0.0061 0.4915
7.3701 39.7682 0.6464 1.9652 0.0212 0.8731 -0.0057 0.4871
7.4738 40.4550 0.5926 1.5457 0.0230 0.8752 -0.0055 0.4832
7.5774 41.1366 0.5634 1.0948 0.0242 0.8763 -0.0066 0.4812
7.6810 41.8455 0.5047 0.6645 0.0244 0.8761 -0.0079 0.4814
7.7847 42.5848 0.4719 0.2128 0.0254 0.8753 -0.0071 0.4828
7.8883 43.3354 0.4256 -0.2397 0.0246 0.8737 -0.0072 0.4859
7.9919 44.0827 0.3873 -0.6873 0.0237 0.8717 -0.0074 0.4894
8.0956 44.8575 0.3363 -1.1565 0.0230 0.8696 -0.0081 0.4931
8.1994 45.6659 0.2863 -1.6243 0.0218 0.8676 -0.0088 0.4967
8.3031 46.4862 0.2407 -2.0825 0.0199 0.8664 -0.0097 0.4989
8.4070 47.3259 0.2065 -2.5316 0.0179 0.8660 -0.0105 0.4996
8.5108 48.1725 0.1597 -3.0364 0.0164 0.8660 -0.0107 0.4997
8.6146 49.0236 0.1131 -3.5243 0.0155 0.8662 -0.0109 0.4993
8.7184 49.9136 0.0580 -4.0159 0.0154 0.8665 -0.0107 0.4989
8.8221 50.7601 0.0244 -4.5182 0.0152 0.8664 -0.0103 0.4990
8.9259 51.6533 -0.0283 -5.0299 0.0151 0.8664 -0.0099 0.4991
9.0296 52.5315 -0.0883 -5.5223 0.0147 0.8667 -0.0099 0.4985
9.1335 53.4289 -0.1363 -6.0474 0.0137 0.8667 -0.0099 0.4986
9.2373 54.3291 -0.1792 -6.5499 0.0136 0.8668 -0.0098 0.4984
9.3410 55.2304 -0.2397 -7.0727 0.0129 0.8665 -0.0100 0.4989
9.4448 56.1458 -0.2927 -7.5870 0.0124 0.8662 -0.0096 0.4994
9.5485 57.0405 -0.3475 -8.0863 0.0118 0.8656 -0.0082 0.5006
9.6522 57.9225 -0.3966 -8.5876 0.0117 0.8648 -0.0072 0.5019
9.7559 58.8173 -0.4570 -9.1174 0.0113 0.8641 -0.0072 0.5031
9.8596 59.7127 -0.5010 -9.6299 0.0117 0.8635 -0.0071 0.5041
9.9635 60.6015 -0.5466 -10.1087 0.0118 0.8632 -0.0073 0.5046
10.0673 61.4934 -0.5880 -10.6129 0.0121 0.8634 -0.0081 0.5044
10.1711 62.3708 -0.6412 -11.0857 0.0120 0.8642 -0.0095 0.5028
10.2750 63.2506 -0.6895 -11.5796 0.0120 0.8655 -0.0106 0.5007
10.3789 64.1391 -0.7249 -12.0884 0.0116 0.8671 -0.0100 0.4980
10.4828 64.9947 -0.7895 -12.5812 0.0118 0.8688 -0.0073 0.4951
10.5865 65.8447 -0.8349 -13.1087 0.0104 0.8702 -0.0077 0.4926
10.6904 66.6816 -0.8969 -13.6186 0.0110 0.8715 -0.0085 0.4902
10.7941 67.5050 -0.9388 -14.1450 0.0118 0.8730 -0.0095 0.4875
10.8980 68.3467 -0.9794 -14.6495 0.0117 0.8744 -0.0102 0.4849
11.0017 69.1755 -1.0351 -15.1518 0.0115 0.8756 -0.0111 0.4828
11.1054 69.9908 -1.0982 -15.6708 0.0110 0.8765 -0.0106 0.4811
11.2091 70.8156 -1.1271 -16.2178 0.0099 0.8773 -0.0065 0.4797
11.3129 71.6425 -1.1645 -16.7332 0.0081 0.8779 -0.0020 0.4788
11.4166 72.4419 -1.1835 -17.2478 0.0075 0.8785 -0.0003 0.4776
11.5204 73.2589 -1.2356 -17.7494 0.0084 0.8787 -0.0030 0.4773
11.6240 74.0389 -1.2852 -18.2968 0.0097 0.8790 -0.0054 0.4766
11.7278 74.8737 -1.3115 -18.8305 0.0135 0.8791 -0.0049 0.4764
11.8315 75.6652 -1.3479 -19.3297 0.0146 0.8791 -0.0036 0.4764
11.9353 76.4454 -1.3997 -19.8621 0.0135 0.8789 -0.0023 0.4768
12.0389 77.2613 -1.4196 -20.3664 0.0119 0.8788 -0.0007 0.4770
12.1426 78.0614 -1.4472 -20.8798 0.0096 0.8785 0.0016 0.4776
12.2464 78.8755 -1.4679 -21.4109 0.0051 0.8785 0.0005 0.4777
12.3501 79.6535 -1.4914 -21.8721 0.0015 0.8780 -0.0011 0.4786
12.4539 80.4301 -1.5161 -22.3720 0.0024 0.8776 0.0001 0.4794
12.5576 81.2446 -1.5470 -22.9077 0.0047 0.8767 0.0011 0.4811
12.6614 82.0557 -1.5729 -23.3881 0.0057 0.8752 -0.0002 0.4837
12.7651 82.8306 -1.5912 -23.8635 0.0080 0.8730 0.0016 0.4877
12.8688 83.6476 -1.6267 -24.3684 0.0111 0.8705 0.0042 0.4921
12.9724 84.4224 -1.6438 -24.7970 0.0109 0.8677 0.0036 0.4969
13.0762 85.2797 -1.6703 -25.2852 0.0088 0.8645 0.0030 0.5026
13.1799 86.0406 -1.6975 -25.7315 0.0082 0.8614 0.0050 0.5079
13.2837 86.8744 -1.7137 -26.1465 0.0080 0.8580 0.0056 0.5135
13.3874 87.7149 -1.7358 -26.5517 0.0075 0.8545 0.0057 0.5194
13.4911 88.5315 -1.7491 -26.9837 0.0092 0.8510 0.0065 0.5251
13.5949 89.3451 -1.7798 -27.3567 0.0096 0.8474 0.0048 0.5309
13.6988 90.1956 -1.7865 -27.7544 0.0133 0.8440 0.0013 0.5362
13.8025 91.0408 -1.8156 -28.1252 0.0151 0.8402 -0.0006 0.5420
13.9063 91.8929 -1.8437 -28.5003 0.0135 0.8366 -0.0002 0.5477
14.0100 92.7255 -1.8920 -28.8337 0.0122 0.8331 0.0017 0.5531
14.1138 93.5559 -1.9248 -29.1617 0.0108 0.8300 0.0001 0.5576
14.2176 94.4276 -1.9418 -29.5003 0.0113 0.8278 -0.0038 0.5608
14.3215 95.2666 -1.9749 -29.8116 0.0122 0.8264 -0.0086 0.5630
14.4254 96.1196 -2.0054 -30.1175 0.0115 0.8253 -0.0109 0.5645
14.5293 96.9564 -2.0600 -30.4538 0.0112 0.8242 -0.0113 0.5661
14.6331 97.8018 -2.1093 -30.7454 0.0110 0.8228 -0.0115 0.5681
14.7369 98.6562 -2.1697 -31.0603 0.0096 0.8212 -0.0107 0.5704
14.8408 99.4997 -2.1945 -31.3776 0.0083 0.8196 -0.0089 0.5729
14.9445 100.3508 -2.2593 -31.6786 0.0064 0.8177 -0.0086 0.5755
15.0483 101.2298 -2.2863 -31.9753 0.0049 0.8159 -0.0101 0.5781
15.1520 102.0424 -2.3302 -32.2088 0.0006 0.8141 -0.0149 0.5806
15.2558 102.8709 -2.3679 -32.4600 0.0030 0.8122 -0.0148 0.5832
15.3595 103.7864 -2.4202 -32.7637 0.0039 0.8098 -0.0162 0.5864
15.4633 104.6299 -2.4513 -33.0513 0.0034 0.8077 -0.0155 0.5894
15.5671 105.4321 -2.4793 -33.2855 0.0032 0.8056 -0.0131 0.5923
15.6709 106.3044 -2.5088 -33.5377 0.0028 0.8034 -0.0115 0.5954
15.7746 107.1600 -2.5448 -33.7757 0.0036 0.8015 -0.0128 0.5978
15.8784 108.0009 -2.5974 -34.0318 0.0033 0.7996 -0.0150 0.6004
15.9822 108.8903 -2.6271 -34.2786 0.0029 0.7973 -0.0158 0.6034
16.0861 109.7774 -2.6635 -34.4947 0.0034 0.7952 -0.0151 0.6062
16.1898 110.6482 -2.7081 -34.7278 0.0040 0.7927 -0.0140 0.6095
16.2935 111.5095 -2.7456 -34.9478 0.0055 0.7901 -0.0128 0.6128
16.3973 112.3495 -2.7777 -35.1492 0.0077 0.7881 -0.0112 0.6155
16.5010 113.2127 -2.8385 -35.3522 0.0039 0.7860 -0.0144 0.6181
16.6048 114.0755 -2.8643 -35.5262 0.0028 0.7840 -0.0147 0.6206
16.7086 114.9454 -2.9050 -35.7298 0.0031 0.7827 -0.0142 0.6223
16.8124 115.8119 -2.9418 -35.9257 0.0037 0.7813 -0.0135 0.6240
16.9162 116.6689 -2.9743 -36.1090 0.0052 0.7797 -0.0134 0.6260
17.0200 117.5440 -3.0178 -36.2952 0.0068 0.7779 -0.0109 0.6283
17.1238 118.4264 -3.0689 -36.4871 0.0081 0.7764 -0.0075 0.6302
17.2275 119.2925 -3.1066 -36.6618 0.0086 0.7745 -0.0063 0.6324
17.3314 120.1477 -3.1385 -36.8273 0.0087 0.7733 -0.0072 0.6339
17.4351 121.0078 -3.1874 -36.9778 0.0086 0.7721 -0.0088 0.6354
17.5390 121.9367 -3.2236 -37.1462 0.0079 0.7714 -0.0093 0.6363
17.6429 122.7665 -3.2617 -37.2845 0.0079 0.7712 -0.0086 0.6365
17.7466 123.6258 -3.2826 -37.4493 0.0062 0.7710 -0.0077 0.6368
17.8505 124.5182 -3.3211 -37.6445 0.0047 0.7706 -0.0052 0.6373
17.9543 125.3986 -3.3635 -37.7863 0.0048 0.7702 -0.0028 0.6377
18.0581 126.2766 -3.3905 -37.9479 0.0059 0.7698 -0.0056 0.6382
18.1619 127.1282 -3.4338 -38.1067 0.0060 0.7699 -0.0082 0.6381
18.2658 127.9098 -3.4598 -38.2495 0.0061 0.7698 -0.0070 0.6382
18.3696 128.8199 -3.4965 -38.4056 0.0061 0.7697 -0.0074 0.6384
18.4734 129.6426 -3.5301 -38.5630 0.0081 0.7694 -0.0051 0.6388
18.5772 130.5294 -3.5843 -38.7224 0.0070 0.7690 -0.0075 0.6391
18.6810 131.3307 -3.5983 -38.8696 0.0054 0.7692 -0.0112 0.6389
18.7849 132.2126 -3.6480 -38.9713 0.0043 0.7688 -0.0139 0.6394
18.8885 133.0421 -3.6902 -39.1427 0.0057 0.7689 -0.0143 0.6392
18.9924 133.8749 -3.7204 -39.2796 0.0068 0.7689 -0.0141 0.6392
19.0960 134.6815 -3.7840 -39.4397 0.0075 0.7682 -0.0148 0.6399
19.1999 135.5215 -3.7981 -39.6065 0.0086 0.7675 -0.0122 0.6409
19.3035 136.3216 -3.8604 -39.7277 0.0095 0.7665 -0.0092 0.6422
19.4074 137.1496 -3.8927 -39.8984 0.0083 0.7659 -0.0057 0.6429
19.5112 137.9540 -3.9380 -40.0316 0.0089 0.7646 -0.0049 0.6444
19.6148 138.7002 -3.9710 -40.1689 0.0110 0.7632 -0.0069 0.6461
19.7184 139.5122 -3.9905 -40.2860 0.0123 0.7611 -0.0071 0.6485
19.8221 140.3380 -4.0639 -40.3974 0.0097 0.7583 -0.0103 0.6518
19.9257 141.0685 -4.0849 -40.5284 0.0115 0.7554 -0.0055 0.6551
20.0294 141.8823 -4.1146 -40.6131 0.0144 0.7514 -0.0015 0.6596
20.1329 142.6873 -4.1508 -40.6906 0.0140 0.7467 -0.0035 0.6650
20.2366 143.5028 -4.1722 -40.7869 0.0152 0.7418 -0.0029 0.6704
20.3404 144.2676 -4.2028 -40.8697 0.0164 0.7372 -0.0018 0.6755
20.4440 145.0726 -4.2562 -40.9031 0.0174 0.7327 -0.0020 0.6804
20.5478 145.8631 -4.2900 -40.9384 0.0201 0.7276 -0.0034 0.6857
20.6515 146.5944 -4.3438 -40.9434 0.0191 0.7236 -0.0112 0.6899
20.7553 147.3480 -4.3764 -40.9387 0.0206 0.7187 -0.0156 0.6949
20.8591 148.1181 -4.4099 -40.9637 0.0216 0.7138 -0.0157 0.6999
20.9629 148.9032 -4.4720 -40.9320 0.0185 0.7099 -0.0161 0.7038
21.0668 149.6923 -4.5224 -40.9216 0.0191 0.7060 -0.0137 0.7078
21.1706 150.4556 -4.5818 -40.9041 0.0211 0.7024 -0.0156 0.7113
21.2745 151.2103 -4.6528 -40.8822 0.0197 0.7001 -0.0234 0.7134
21.3785 151.9285 -4.6990 -40.8554 0.0186 0.6990 -0.0267 0.7144
21.4825 152.7083 -4.7423 -40.8430 0.0187 0.6988 -0.0237 0.7146
21.5864 153.4644 -4.8254 -40.8204 0.0165 0.6996 -0.0220 0.7141
21.6904 154.2298 -4.8762 -40.8145 0.0148 0.7007 -0.0219 0.7130
21.7943 154.9472 -4.9261 -40.7689 0.0163 0.7018 -0.0207 0.7119
21.8983 155.7424 -4.9825 -40.7791 0.0165 0.7032 -0.0205 0.7105
22.0022 156.4310 -5.0638 -40.7684 0.0153 0.7049 -0.0201 0.7089
22.1061 157.1876 -5.0939 -40.7708 0.0151 0.7066 -0.0210 0.7072
22.2101 157.9457 -5.1449 -40.7705 0.0128 0.7086 -0.0224 0.7051
22.3139 158.6701 -5.1874 -40.7836 0.0132 0.7108 -0.0197 0.7030
22.4178 159.3662 -5.2290 -40.7476 0.0132 0.7132 -0.0197 0.7006
22.5215 160.1304 -5.2866 -40.7917 0.0139 0.7149 -0.0197 0.6989
22.6254 160.8357 -5.3582 -40.8064 0.0120 0.7163 -0.0233 0.6973
22.7292 161.5755 -5.3991 -40.8125 0.0138 0.7170 -0.0230 0.6966
22.8329 162.2837 -5.4456 -40.8407 0.0156 0.7177 -0.0220 0.6959
22.9365 163.0202 -5.4918 -40.8640 0.0171 0.7174 -0.0193 0.6962
23.0401 163.7440 -5.5032 -40.8928 0.0175 0.7161 -0.0168 0.6976
23.1438 164.4402 -5.5906 -40.9100 0.0167 0.7135 -0.0172 0.7003
23.2474 165.0996 -5.6342 -40.8921 0.0171 0.7099 -0.0177 0.7039
23.3510 165.7996 -5.6754 -40.8658 0.0181 0.7048 -0.0167 0.7090
23.4547 166.4802 -5.7202 -40.8412 0.0170 0.6996 -0.0168 0.7141
23.5583 167.2096 -5.7676 -40.8095 0.0148 0.6934 -0.0151 0.7202
23.6620 167.8540 -5.7974 -40.7596 0.0121 0.6875 -0.0129 0.7260
23.7657 168.5325 -5.8558 -40.6985 0.0076 0.6815 -0.0130 0.7316
23.8694 169.2138 -5.8873 -40.6343 0.0059 0.6751 -0.0089 0.7376
23.9730 169.9052 -5.9114 -40.5468 0.0035 0.6689 -0.0069 0.7434
24.0768 170.5794 -5.9419 -40.4378 0.0030 0.6619 -0.0058 0.7495
24.1805 171.2310 -5.9507 -40.3478 0.0028 0.6552 -0.0051 0.7554
24.2842 171.8672 -5.9815 -40.2166 0.0022 0.6485 -0.0054 0.7612
24.3879 172.4855 -5.9942 -40.0865 -0.0011 0.6422 -0.0080 0.7665
24.4916 173.1362 -6.0217 -39.9621 -0.0032 0.6365 -0.0072 0.7712
24.5954 173.7221 -6.0457 -39.8210 -0.0035 0.6319 -0.0046 0.7750
24.6993 174.3674 -6.0540 -39.6774 -0.0033 0.6275 -0.0037 0.7786
24.8031 174.9622 -6.0689 -39.4979 -0.0030 0.6236 -0.0053 0.7817
24.9068 175.5454 -6.1053 -39.3681 -0.0019 0.6199 -0.0087 0.7846
25.0105 176.1279 -6.1196 -39.2168 0.0025 0.6161 -0.0116 0.7876
25.1143 176.7058 -6.1110 -39.0727 0.0069 0.6128 -0.0123 0.7901
25.2180 177.3297 -6.1566 -38.8934 0.0058 0.6099 -0.0124 0.7923
25.3218 177.9080 -6.1683 -38.7129 0.0028 0.6075 -0.0100 0.7942
25.4255 178.5530 -6.2025 -38.5198 -0.0039 0.6058 -0.0086 0.7956
25.5294 179.1322 -6.2163 -38.3249 -0.0072 0.6051 -0.0055 0.7961
25.6332 179.7325 -6.2363 -38.1745 -0.0070 0.6048 -0.0049 0.7964
25.7370 180.3405 -6.2203 -38.0161 -0.0047 0.6041 -0.0045 0.7969
25.8408 180.9767 -6.2458 -37.8359 -0.0036 0.6033 -0.0035 0.7975
25.9445 181.5467 -6.2260 -37.6471 -0.0046 0.6028 -0.0032 0.7979
26.0481 182.1926 -6.2669 -37.4489 -0.0066 0.6016 -0.0021 0.7987
26.1519 182.8163 -6.2679 -37.2940 -0.0084 0.6002 -0.0002 0.7998
26.2555 183.4274 -6.2762 -37.0959 -0.0093 0.5986 0.0008 0.8010
26.3591 184.0365 -6.2773 -36.9109 -0.0094 0.5960 0.0017 0.8029
26.4628 184.6756 -6.2618 -36.6916 -0.0107 0.5927 0.0028 0.8053
26.5666 185.3009 -6.2673 -36.4993 -0.0110 0.5885 0.0039 0.8084
26.6703 185.8931 -6.2805 -36.2871 -0.0104 0.5839 0.0034 0.8118
26.7739 186.5261 -6.2919 -36.0712 -0.0092 0.5789 0.0020 0.8153
26.8777 187.1580 -6.2717 -35.8306 -0.0087 0.5741 0.0002 0.8187
26.9813 187.7429 -6.2721 -35.5813 -0.0078 0.5687 0.0007 0.8225
27.0850 188.3808 -6.2814 -35.3244 -0.0089 0.5636 0.0017 0.8260
27.1888 189.0079 -6.2806 -35.0608 -0.0098 0.5589 0.0021 0.8292
27.2925 189.6233 -6.2816 -34.7700 -0.0109 0.5539 0.0014 0.8325
27.3963 190.2471 -6.2611 -34.4881 -0.0128 0.5496 0.0009 0.8353
27.5000 190.8987 -6.2495 -34.1909 -0.0147 0.5462 -0.0010 0.8375
27.6039 191.5438 -6.2408 -33.8991 -0.0156 0.5442 -0.0003 0.8388
27.7078 192.1906 -6.2466 -33.5990 -0.0163 0.5432 0.0023 0.8394
27.8117 192.8244 -6.2325 -33.3097 -0.0141 0.5431 0.0030 0.8396
27.9155 193.5009 -6.2310 -33.0101 -0.0134 0.5435 0.0033 0.8393
28.0194 194.1592 -6.2343 -32.7287 -0.0114 0.5438 0.0040 0.8391
28.1233 194.8375 -6.2066 -32.4177 -0.0108 0.5438 0.0051 0.8392
28.2272 195.5226 -6.1873 -32.1147 -0.0116 0.5443 0.0078 0.8388
28.3309 196.1928 -6.2009 -31.8076 -0.0129 0.5447 0.0091 0.8385
28.4348 196.8852 -6.1880 -31.5031 -0.0134 0.5455 0.0100 0.8380
28.5387 197.5962 -6.1767 -31.1709 -0.0138 0.5462 0.0100 0.8375
28.6424 198.2497 -6.1799 -30.8839 -0.0144 0.5468 0.0101 0.8370
28.7462 198.9556 -6.1582 -30.5756 -0.0142 0.5478 0.0093 0.8364
28.8499 199.6393 -6.1606 -30.2823 -0.0127 0.5483 0.0087 0.8362
28.9538 200.3196 -6.1564 -30.0009 -0.0107 0.5483 0.0064 0.8362
29.0575 200.9801 -6.1470 -29.7068 -0.0100 0.5490 0.0051 0.8358
29.1613 201.6761 -6.1346 -29.3871 -0.0112 0.5496 0.0054 0.8353
29.2649 202.3558 -6.1430 -29.0885 -0.0138 0.5500 0.0062 0.8350
29.3686 203.0769 -6.1408 -28.7795 -0.0147 0.5516 0.0049 0.8339
29.4725 203.7642 -6.1364 -28.4749 -0.0160 0.5536 0.0037 0.8326
29.5763 204.4185 -6.1277 -28.2002 -0.0165 0.5567 0.0039 0.8306
29.6802 205.1029 -6.1027 -27.9287 -0.0164 0.5603 0.0044 0.8281
29.7839 205.8067 -6.1013 -27.6880 -0.0148 0.5645 0.0052 0.8253
29.8878 206.4961 -6.1200 -27.4050 -0.0139 0.5693 0.0034 0.8220
29.9917 207.2092 -6.0923 -27.1358 -0.0144 0.5745 0.0034 0.8183
30.0955 207.9038 -6.0631 -26.9358 -0.0157 0.5792 0.0064 0.8150
30.1993 208.6192 -6.0667 -26.7001 -0.0177 0.5829 0.0102 0.8123
30.3030 209.3314 -6.0505 -26.4947 -0.0201 0.5859 0.0113 0.8101
30.4068 210.0430 -6.0300 -26.2280 -0.0225 0.5877 0.0104 0.8087
30.5104 210.7660 -6.0053 -25.9898 -0.0228 0.5891 0.0111 0.8077
30.6140 211.4369 -5.9783 -25.7679 -0.0228 0.5896 0.0120 0.8073
30.7178 212.1476 -5.9858 -25.5244 -0.0227 0.5901 0.0116 0.8069
30.8214 212.8697 -5.9474 -25.3221 -0.0228 0.5903 0.0104 0.8068
30.9252 213.6088 -5.9286 -25.0603 -0.0233 0.5900 0.0097 0.8070
31.0288 214.3164 -5.9076 -24.8157 -0.0238 0.5896 0.0105 0.8073
31.1325 215.0208 -5.8680 -24.5822 -0.0242 0.5887 0.0116 0.8079
31.2363 215.7630 -5.8614 -24.3448 -0.0233 0.5879 0.0130 0.8085
31.3401 216.4923 -5.8382 -24.1032 -0.0234 0.5866 0.0136 0.8094
31.4437 217.2241 -5.8172 -23.8595 -0.0251 0.5851 0.0129 0.8104
31.5474 217.9625 -5.7571 -23.6275 -0.0272 0.5829 0.0137 0.8120
31.6510 218.6964 -5.7426 -23.3497 -0.0291 0.5805 0.0149 0.8136
31.7548 219.4321 -5.7222 -23.0935 -0.0303 0.5785 0.0144 0.8150
31.8585 220.1479 -5.6920 -22.8103 -0.0299 0.5766 0.0130 0.8164
31.9623 220.8786 -5.6526 -22.5151 -0.0300 0.5750 0.0092 0.8175
32.0660 221.5982 -5.6254 -22.2354 -0.0300 0.5729 0.0073 0.8190
32.1696 222.3524 -5.5750 -21.9701 -0.0303 0.5710 0.0068 0.8203
32.2734 223.0905 -5.5581 -21.6783 -0.0305 0.5693 0.0058 0.8215
32.3772 223.8408 -5.5395 -21.3915 -0.0307 0.5677 0.0030 0.8227
32.4809 224.5736 -5.5030 -21.0926 -0.0305 0.5656 0.0031 0.8241
32.5845 225.3651 -5.4779 -20.7893 -0.0310 0.5634 0.0036 0.8256
32.6883 226.0636 -5.4560 -20.5031 -0.0296 0.5616 0.0056 0.8269
32.7919 226.8206 -5.4135 -20.1894 -0.0281 0.5598 0.0068 0.8281
32.8957 227.5454 -5.3942 -19.8836 -0.0277 0.5578 0.0050 0.8295
32.9994 228.3117 -5.3690 -19.5760 -0.0294 0.5558 0.0047 0.8308
33.1032 228.9932 -5.3422 -19.2578 -0.0310 0.5539 0.0038 0.8320
33.2068 229.6927 -5.3256 -18.9580 -0.0291 0.5521 0.0039 0.8333
33.3105 230.4643 -5.3129 -18.6161 -0.0265 0.5502 0.0019 0.8346
33.4143 231.1643 -5.3013 -18.3265 -0.0257 0.5489 -0.0019 0.8355
33.5182 231.8761 -5.2460 -17.9736 -0.0286 0.5473 -0.0028 0.8365
33.6218 232.6131 -5.2184 -17.6355 -0.0322 0.5464 0.0010 0.8369
33.7255 233.3456 -5.1990 -17.3214 -0.0362 0.5454 0.0058 0.8373
33.8293 234.0803 -5.1661 -16.9771 -0.0406 0.5448 0.0078 0.8375
33.9331 234.8121 -5.1187 -16.6890 -0.0420 0.5439 0.0088 0.8381
34.0367 235.4953 -5.0845 -16.3627 -0.0406 0.5424 0.0064 0.8391
34.1404 236.2413 -5.0543 -16.0280 -0.0381 0.5409 0.0039 0.8402
34.2440 236.9250 -5.0262 -15.6856 -0.0361 0.5387 0.0024 0.8417
34.3478 237.6643 -4.9688 -15.3240 -0.0345 0.5368 0.0027 0.8430
34.4515 238.4144 -4.9249 -14.9680 -0.0323 0.5350 0.0039 0.8442
34.5552 239.1283 -4.9181 -14.6107 -0.0334 0.5331 0.0031 0.8454
34.6589 239.8582 -4.8559 -14.2725 -0.0342 0.5314 0.0054 0.8464
34.7625 240.5590 -4.8493 -13.9299 -0.0366 0.5300 0.0081 0.8472
34.8663 241.2958 -4.8057 -13.5698 -0.0376 0.5291 0.0117 0.8476
34.9700 242.0098 -4.7579 -13.2069 -0.0396 0.5281 0.0132 0.8482
35.0739 242.7698 -4.7033 -12.8432 -0.0414 0.5273 0.0169 0.8485
35.1776 243.4881 -4.6457 -12.4773 -0.0419 0.5268 0.0165 0.8488
35.2813 244.1484 -4.6242 -12.1390 -0.0411 0.5259 0.0119 0.8494
35.3850 244.8725 -4.5778 -11.7540 -0.0359 0.5253 0.0068 0.8501
35.4887 245.6365 -4.5235 -11.3587 -0.0323 0.5250 0.0029 0.8505
35.5924 246.3647 -4.4851 -11.0022 -0.0331 0.5253 0.0037 0.8503
35.6962 247.0704 -4.4458 -10.6336 -0.0357 0.5252 0.0054 0.8502
35.7998 247.7953 -4.4253 -10.2457 -0.0362 0.5244 0.0069 0.8507
35.9035 248.5121 -4.3953 -9.8864 -0.0351 0.5239 0.0075 0.8510
36.0072 249.2465 -4.3554 -9.5216 -0.0343 0.5232 0.0086 0.8515
36.1109 249.9998 -4.3107 -9.1467 -0.0358 0.5224 0.0104 0.8519
36.2145 250.7271 -4.2602 -8.7713 -0.0378 0.5219 0.0102 0.8521
36.3183 251.4462 -4.2186 -8.3932 -0.0380 0.5215 0.0097 0.8523
36.4220 252.1431 -4.2091 -8.0301 -0.0370 0.5209 0.0075 0.8528
36.5258 252.8801 -4.1366 -7.6473 -0.0355 0.5203 0.0081 0.8532
36.6295 253.6042 -4.1093 -7.2575 -0.0353 0.5195 0.0099 0.8537
36.7333 254.3374 -4.0544 -6.8792 -0.0364 0.5177 0.0109 0.8547
36.8370 255.0500 -4.0131 -6.4932 -0.0370 0.5160 0.0121 0.8557
36.9408 255.7726 -3.9758 -6.0997 -0.0365 0.5143 0.0121 0.8567
37.0445 256.4675 -3.9332 -5.7040 -0.0362 0.5122 0.0116 0.8581
37.1483 257.1822 -3.8938 -5.3134 -0.0361 0.5098 0.0088 0.8595
37.2520 257.9177 -3.8552 -4.8836 -0.0343 0.5075 0.0077 0.8609
37.3557 258.6164 -3.8288 -4.4670 -0.0320 0.5042 0.0089 0.8630
37.4594 259.3449 -3.7859 -4.0655 -0.0308 0.4998 0.0099 0.8656
37.5630 260.0480 -3.7488 -3.6148 -0.0300 0.4947 0.0121 0.8685
37.6667 260.7269 -3.7115 -3.2013 -0.0289 0.4884 0.0134 0.8721
37.7703 261.4152 -3.6721 -2.7546 -0.0294 0.4816 0.0137 0.8758
37.8740 262.1419 -3.6409 -2.2981 -0.0314 0.4746 0.0157 0.8795
37.9778 262.7990 -3.5929 -1.8293 -0.0329 0.4679 0.0174 0.8830
38.0815 263.4792 -3.5505 -1.3098 -0.0341 0.4622 0.0158 0.8860
38.1853 264.1288 -3.5141 -0.8424 -0.0340 0.4574 0.0130 0.8885
38.2892 264.7875 -3.4527 -0.3551 -0.0346 0.4542 0.0094 0.8902
38.3932 265.4455 -3.4245 0.1600 -0.0358 0.4532 0.0065 0.8906
38.4972 266.0900 -3.4023 0.6134 -0.0365 0.4546 0.0031 0.8899
38.6012 266.7534 -3.3493 1.1202 -0.0361 0.4584 -0.0007 0.8880
38.7052 267.4054 -3.3274 1.6007 -0.0353 0.4637 -0.0041 0.8853
38.8093 268.0887 -3.2849 2.0401 -0.0333 0.4694 -0.0030 0.8823
38.9133 268.7991 -3.2664 2.4818 -0.0338 0.4746 -0.0013 0.8796
39.0172 269.4973 -3.2309 2.9613 -0.0347 0.4798 -0.0019 0.8767
39.1212 270.1780 -3.1942 3.3763 -0.0347 0.4847 -0.0004 0.8740
39.2250 270.8980 -3.1836 3.8131 -0.0334 0.4890 -0.0002 0.8717
39.3289 271.6087 -3.1446 4.2171 -0.0316 0.4935 0.0003 0.8692
39.4327 272.2991 -3.1294 4.6525 -0.0317 0.4974 -0.0010 0.8669
39.5364 273.0035 -3.0955 5.0517 -0.0329 0.5008 -0.0012 0.8650
39.6402 273.7080 -3.0582 5.4997 -0.0353 0.5031 -0.0011 0.8635
39.7438 274.4469 -3.0091 5.8901 -0.0385 0.5052 -0.0006 0.8621
39.8476 275.1691 -2.9741 6.3025 -0.0404 0.5074 -0.0002 0.8607
39.9513 275.8922 -2.9376 6.7031 -0.0405 0.5090 -0.0016 0.8598
40.0550 276.6126 -2.8930 7.1037 -0.0379 0.5098 -0.0048 0.8594
40.1587 277.3164 -2.8824 7.5215 -0.0336 0.5112 -0.0090 0.8588
40.2624 278.0769 -2.8770 7.9118 -0.0310 0.5114 -0.0109 0.8587
40.3662 278.7875 -2.8308 8.3141 -0.0310 0.5124 -0.0114 0.8581
40.4699 279.5488 -2.8001 8.7177 -0.0325 0.5127 -0.0113 0.8579
40.5735 280.3101 -2.7773 9.1519 -0.0336 0.5132 -0.0101 0.8576
40.6773 281.0290 -2.7655 9.5433 -0.0340 0.5128 -0.0090 0.8578
40.7810 281.8145 -2.7355 9.9393 -0.0346 0.5117 -0.0070 0.8585
40.8848 282.5313 -2.7099 10.3523 -0.0346 0.5101 -0.0066 0.8594
40.9884 283.2873 -2.6822 10.7871 -0.0347 0.5084 -0.0066 0.8604
41.0922 284.0232 -2.6612 11.1832 -0.0347 0.5068 -0.0063 0.8614
41.1958 284.7865 -2.6181 11.6552 -0.0354 0.5048 -0.0078 0.8625
41.2994 285.5527 -2.5918 12.0981 -0.0349 0.5027 -0.0088 0.8637
41.4032 286.2921 -2.5746 12.5173 -0.0329 0.5005 -0.0085 0.8650
41.5068 287.0640 -2.5691 12.9442 -0.0309 0.4978 -0.0094 0.8667
41.6105 287.7962 -2.5443 13.4044 -0.0300 0.4946 -0.0094 0.8686
41.7142 288.5583 -2.5200 13.8894 -0.0308 0.4909 -0.0097 0.8706
41.8179 289.3163 -2.4783 14.3642 -0.0331 0.4870 -0.0078 0.8727
41.9215 290.0532 -2.4408 14.8423 -0.0363 0.4839 -0.0063 0.8743
42.0253 290.7996 -2.4049 15.3320 -0.0404 0.4801 -0.0071 0.8763
42.1289 291.5141 -2.3645 15.8133 -0.0425 0.4763 -0.0068 0.8782
42.2327 292.2913 -2.3341 16.3283 -0.0413 0.4726 -0.0077 0.8803
42.3363 293.0356 -2.2969 16.8351 -0.0378 0.4683 -0.0088 0.8827
42.4400 293.7656 -2.2623 17.3618 -0.0341 0.4643 -0.0112 0.8850
42.5438 294.5233 -2.2210 17.9252 -0.0297 0.4605 -0.0100 0.8871
42.6474 295.2718 -2.2063 18.4337 -0.0265 0.4569 -0.0087 0.8891
42.7512 296.0236 -2.1972 18.9449 -0.0256 0.4532 -0.0055 0.8910
42.8548 296.7604 -2.1711 19.5101 -0.0268 0.4493 -0.0020 0.8930
42.9585 297.4672 -2.1450 20.0758 -0.0291 0.4453 0.0020 0.8949
43.0623 298.2158 -2.1151 20.6391 -0.0307 0.4409 0.0037 0.8970
43.1661 298.9137 -2.0642 21.2367 -0.0315 0.4377 0.0045 0.8986
43.2698 299.6352 -2.0362 21.8437 -0.0328 0.4339 0.0025 0.9003
43.3736 300.3578 -1.9872 22.4179 -0.0344 0.4300 0.0011 0.9022
43.4773 301.0979 -1.9395 23.0277 -0.0350 0.4278 0.0029 0.9032
43.5810 301.8185 -1.8927 23.6469 -0.0347 0.4255 0.0030 0.9043
43.6849 302.5478 -1.8820 24.2500 -0.0326 0.4229 0.0023 0.9056
43.7887 303.2735 -1.8230 24.8570 -0.0305 0.4196 0.0016 0.9072
43.8924 303.9812 -1.8036 25.5035 -0.0305 0.4174 0.0017 0.9082
43.9961 304.6692 -1.7370 26.1467 -0.0327 0.4150 0.0019 0.9092
44.1000 305.3996 -1.6907 26.7753 -0.0354 0.4127 0.0033 0.9102
44.2036 306.1068 -1.6691 27.4050 -0.0354 0.4098 0.0025 0.9115
44.3073 306.7718 -1.6209 28.0405 -0.0340 0.4074 -0.0002 0.9126
44.4110 307.4610 -1.5921 28.6928 -0.0316 0.4049 -0.0010 0.9138
44.5148 308.1819 -1.5597 29.3249 -0.0301 0.4022 0.0006 0.9151
44.6185 308.8820 -1.5238 29.9400 -0.0298 0.3995 0.0033 0.9162
44.7223 309.5825 -1.4835 30.6015 -0.0288 0.3971 0.0056 0.9173
44.8262 310.2719 -1.4600 31.2894 -0.0277 0.3938 0.0075 0.9187
44.9298 310.9520 -1.4292 31.9479 -0.0272 0.3910 0.0099 0.9199
45.0335 311.6359 -1.3934 32.6200 -0.0279 0.3886 0.0102 0.9209
45.1373 312.2990 -1.3421 33.2957 -0.0287 0.3866 0.0098 0.9217
45.2410 312.9877 -1.3250 33.9641 -0.0279 0.3839 0.0096 0.9229
45.3448 313.6190 -1.2642 34.6440 -0.0277 0.3815 0.0091 0.9239
45.4485 314.3000 -1.2581 35.3282 -0.0270 0.3791 0.0110 0.9249
45.5523 314.9613 -1.2116 35.9943 -0.0283 0.3759 0.0108 0.9262
45.6562 315.6259 -1.1809 36.6786 -0.0270 0.3736 0.0109 0.9271
45.7599 316.2912 -1.1291 37.3663 -0.0266 0.3711 0.0122 0.9281
45.8637 316.9036 -1.1028 38.0544 -0.0285 0.3687 0.0114 0.9290
45.9674 317.5400 -1.0433 38.7529 -0.0302 0.3669 0.0106 0.9297
46.0713 318.1605 -1.0193 39.4389 -0.0319 0.3653 0.0087 0.9303
46.1750 318.7926 -0.9615 40.1140 -0.0343 0.3640 0.0099 0.9307
46.2788 319.4113 -0.9227 40.8320 -0.0335 0.3629 0.0116 0.9312
46.3827 319.9979 -0.8821 41.5122 -0.0308 0.3617 0.0118 0.9317
46.4865 320.6670 -0.8567 42.2339 -0.0272 0.3614 0.0104 0.9320
46.5904 321.3025 -0.8114 42.9443 -0.0279 0.3616 0.0093 0.9319
46.6942 321.8803 -0.7904 43.6456 -0.0283 0.3625 0.0110 0.9315
46.7981 322.5419 -0.7402 44.3437 -0.0300 0.3632 0.0122 0.9312
46.9019 323.1823 -0.6903 45.0279 -0.0309 0.3643 0.0123 0.9307
47.0058 323.8449 -0.6488 45.7521 -0.0313 0.3673 0.0116 0.9295
47.1097 324.4852 -0.6145 46.4247 -0.0298 0.3697 0.0096 0.9286
47.2136 325.1494 -0.5633 47.1478 -0.0284 0.3733 0.0082 0.9272
47.3174 325.8159 -0.5290 47.8303 -0.0274 0.3769 0.0073 0.9258
47.4212 326.4968 -0.4949 48.5068 -0.0278 0.3805 0.0075 0.9243
47.5251 327.1929 -0.4626 49.1809 -0.0279 0.3842 0.0076 0.9228
47.6288 327.8573 -0.4132 49.8561 -0.0296 0.3879 0.0073 0.9212
47.7327 328.5766 -0.3690 50.5656 -0.0330 0.3923 0.0077 0.9192
47.8364 329.2859 -0.3010 51.2223 -0.0357 0.3963 0.0079 0.9174
47.9402 329.9745 -0.2871 51.9016 -0.0356 0.4004 0.0068 0.9156
48.0439 330.6551 -0.2456 52.5573 -0.0327 0.4044 0.0047 0.9140
48.1477 331.3806 -0.2068 53.1951 -0.0302 0.4076 0.0042 0.9127
48.2514 332.1252 -0.1660 53.8260 -0.0299 0.4110 0.0048 0.9112
48.3550 332.8823 -0.1099 54.4928 -0.0304 0.4142 0.0050 0.9097
48.4588 333.6170 -0.0673 55.1355 -0.0311 0.4169 0.0056 0.9084
48.5626 334.3611 -0.0203 55.7971 -0.0320 0.4194 0.0055 0.9072
48.6662 335.0973 0.0198 56.4316 -0.0330 0.4220 0.0056 0.9060
48.7699 335.8718 0.0562 57.0880 -0.0342 0.4243 0.0045 0.9049
48.8736 336.6453 0.1059 57.7350 -0.0348 0.4266 0.0034 0.9038
48.9773 337.3925 0.1577 58.3933 -0.0353 0.4287 0.0026 0.9027
49.0809 338.1821 0.1832 59.0098 -0.0354 0.4307 0.0020 0.9018
49.1847 338.9646 0.2494 59.6240 -0.0356 0.4326 0.0008 0.9009
49.2883 339.7431 0.2943 60.2459 -0.0361 0.4346 -0.0000 0.8999
49.3920 340.5247 0.3372 60.8754 -0.0365 0.4363 -0.0003 0.8991
49.4958 341.3277 0.3653 61.5006 -0.0365 0.4380 0.0006 0.8982
49.5994 342.1106 0.4154 62.1143 -0.0371 0.4396 0.0002 0.8974
49.7032 342.9373 0.4756 62.7489 -0.0381 0.4414 -0.0004 0.8965
49.8068 343.7067 0.5115 63.3744 -0.0379 0.4434 -0.0002 0.8955
49.9106 344.5185 0.5485 64.0056 -0.0373 0.4448 -0.0009 0.8948
50.0142 345.3268 0.5896 64.6099 -0.0368 0.4460 -0.0006 0.8943
50.1180 346.1238 0.6540 65.2052 -0.0382 0.4464 0.0013 0.8940
50.2216 346.9662 0.7159 65.8241 -0.0406 0.4467 0.0052 0.8938
50.3253 347.7422 0.7809 66.4231 -0.0420 0.4474 0.0074 0.8933
50.4290 348.5583 0.8282 67.0360 -0.0416 0.4476 0.0080 0.8933
50.5327 349.3676 0.8642 67.6553 -0.0388 0.4479 0.0070 0.8932
50.6365 350.1330 0.9009 68.2397 -0.0352 0.4484 0.0061 0.8931
50.7402 350.9675 0.9612 68.8532 -0.0337 0.4490 0.0055 0.8929
50.8440 351.7887 1.0110 69.4552 -0.0336 0.4496 0.0072 0.8926
50.9476 352.5980 1.0576 70.0573 -0.0349 0.4498 0.0092 0.8924
51.0512 353.4274 1.1199 70.6631 -0.0358 0.4503 0.0115 0.8921
51.1549 354.2374 1.1808 71.2509 -0.0372 0.4503 0.0124 0.8920
51.2586 355.0701 1.2370 71.8804 -0.0373 0.4505 0.0127 0.8919
51.3623 355.8549 1.2831 72.4859 -0.0362 0.4509 0.0131 0.8918
51.4659 356.6639 1.3285 73.0427 -0.0346 0.4506 0.0137 0.8919
51.5697 357.4899 1.3875 73.6733 -0.0343 0.4507 0.0145 0.8919
51.6733 358.3059 1.4444 74.2845 -0.0345 0.4508 0.0168 0.8918
51.7769 359.1003 1.4961 74.8359 -0.0346 0.4506 0.0178 0.8919
51.8807 359.9259 1.5508 75.4981 -0.0342 0.4514 0.0169 0.8915
51.9843 360.7368 1.6155 76.0773 -0.0331 0.4515 0.0175 0.8915
52.0881 361.5309 1.6647 76.6661 -0.0333 0.4517 0.0178 0.8914
52.1917 362.3737 1.7201 77.2711 -0.0334 0.4514 0.0195 0.8915
52.2954 363.1719 1.7676 77.8774 -0.0339 0.4515 0.0199 0.8914
52.3992 363.9673 1.8168 78.4439 -0.0335 0.4511 0.0221 0.8916
52.5029 364.7759 1.8776 79.0569 -0.0330 0.4510 0.0249 0.8916
52.6067 365.5886 1.9473 79.6443 -0.0323 0.4508 0.0279 0.8916
52.7104 366.3868 1.9812 80.2151 -0.0317 0.4500 0.0309 0.8919
52.8142 367.2046 2.0521 80.8228 -0.0314 0.4498 0.0326 0.8920
52.9179 367.9993 2.1128 81.4101 -0.0326 0.4490 0.0325 0.8924
53.0217 368.7904 2.1885 81.9959 -0.0326 0.4484 0.0348 0.8926
53.1254 369.5595 2.2391 82.5972 -0.0328 0.4477 0.0349 0.8929
53.2292 370.3545 2.3246 83.1947 -0.0332 0.4469 0.0347 0.8933
53.3329 371.0994 2.3784 83.7457 -0.0333 0.4459 0.0349 0.8938
53.4365 371.8532 2.4318 84.3090 -0.0334 0.4453 0.0371 0.8940
53.5403 372.5675 2.4795 84.8904 -0.0356 0.4447 0.0382 0.8942
53.6441 373.2641 2.5601 85.4370 -0.0389 0.4445 0.0391 0.8941
53.7478 373.9195 2.6215 85.9730 -0.0422 0.4444 0.0386 0.8940
53.8516 374.6403 2.6840 86.5195 -0.0448 0.4448 0.0368 0.8937
53.9553 375.3231 2.7575 87.0428 -0.0460 0.4450 0.0352 0.8937
54.0590 375.9842 2.8258 87.5453 -0.0476 0.4454 0.0327 0.8935
54.1628 376.6287 2.9050 88.0607 -0.0491 0.4456 0.0290 0.8934
54.2666 377.2817 2.9696 88.5720 -0.0492 0.4462 0.0278 0.8931
54.3702 377.8901 3.0319 89.0179 -0.0486 0.4466 0.0274 0.8930
54.4739 378.5156 3.1019 89.5009 -0.0484 0.4470 0.0272 0.8928
54.5776 379.1333 3.1677 89.9686 -0.0482 0.4475 0.0278 0.8926
54.6813 379.7325 3.2315 90.4069 -0.0487 0.4482 0.0259 0.8922
54.7851 380.3036 3.3016 90.8499 -0.0498 0.4497 0.0247 0.8914
54.8888 380.9001 3.3733 91.2802 -0.0510 0.4526 0.0233 0.8899
54.9927 381.4874 3.4286 91.7052 -0.0517 0.4552 0.0231 0.8886
55.0964 382.0808 3.4825 92.1295 -0.0511 0.4584 0.0227 0.8870
55.2002 382.6654 3.5338 92.5211 -0.0502 0.4617 0.0202 0.8854
55.3040 383.2597 3.5903 92.9562 -0.0493 0.4657 0.0172 0.8834
55.4078 383.7984 3.6407 93.3601 -0.0484 0.4701 0.0155 0.8812
55.5117 384.4137 3.6916 93.7293 -0.0500 0.4753 0.0152 0.8783
55.6154 385.0244 3.7826 94.1169 -0.0525 0.4802 0.0158 0.8754
55.7192 385.6552 3.8491 94.5186 -0.0554 0.4859 0.0163 0.8721
55.8229 386.2667 3.9106 94.8545 -0.0570 0.4903 0.0173 0.8695
55.9267 386.8995 3.9732 95.1968 -0.0573 0.4950 0.0183 0.8668
56.0304 387.5302 4.0487 95.5914 -0.0560 0.4996 0.0190 0.8642
56.1341 388.1910 4.0977 95.9740 -0.0540 0.5038 0.0193 0.8619
56.2378 388.8210 4.1458 96.2883 -0.0506 0.5067 0.0208 0.8604
56.3416 389.4532 4.2096 96.6280 -0.0491 0.5096 0.0226 0.8587
56.4453 390.1129 4.2736 96.9826 -0.0504 0.5121 0.0251 0.8571
56.5491 390.8184 4.3645 97.3325 -0.0549 0.5142 0.0307 0.8553
56.6529 391.5221 4.4609 97.7334 -0.0622 0.5158 0.0341 0.8538
56.7567 392.2435 4.6154 98.0867 -0.0668 0.5176 0.0376 0.8522
56.8604 392.8655 4.6795 98.4476 -0.0687 0.5199 0.0395 0.8505
56.9643 393.6261 4.7645 98.8181 -0.0696 0.5229 0.0379 0.8487
57.0681 394.2761 4.8679 99.1873 -0.0696 0.5251 0.0375 0.8474
57.1719 395.0142 4.9791 99.4821 -0.0698 0.5279 0.0405 0.8455
57.2756 395.7136 5.0936 99.8413 -0.0701 0.5304 0.0440 0.8437
57.3793 396.4864 5.2178 100.1965 -0.0708 0.5335 0.0468 0.8415
57.4831 397.1856 5.3396 100.5094 -0.0706 0.5360 0.0484 0.8399
57.5868 397.8842 5.4386 100.8468 -0.0703 0.5381 0.0489 0.8385
57.6906 398.6201 5.5424 101.1686 -0.0696 0.5409 0.0492 0.8368
57.7943 399.3184 5.6512 101.4634 -0.0700 0.5440 0.0485 0.8348
57.8982 400.0411 5.7794 101.7769 -0.0714 0.5478 0.0471 0.8322
58.0019 400.7539 5.8762 102.1086 -0.0697 0.5514 0.0498 0.8298
58.1058 401.3979 5.9854 102.3176 -0.0704 0.5555 0.0486 0.8271
58.2097 402.0869 6.1075 102.6471 -0.0717 0.5597 0.0475 0.8242
58.3134 402.8141 6.2084 102.8843 -0.0709 0.5645 0.0495 0.8209
58.4173 403.4462 6.3160 103.1074 -0.0688 0.5688 0.0506 0.8180
58.5211 404.1783 6.4170 103.3864 -0.0672 0.5741 0.0490 0.8146
58.6249 404.8932 6.4861 103.6088 -0.0663 0.5796 0.0441 0.8110
58.7287 405.5231 6.5845 103.8010 -0.0644 0.5852 0.0392 0.8074
58.8327 406.1876 6.6717 104.0168 -0.0624 0.5923 0.0368 0.8025
58.9366 406.8378 6.7617 104.2003 -0.0609 0.5997 0.0359 0.7971
59.0404 407.5269 6.8473 104.4126 -0.0579 0.6082 0.0361 0.7908
59.1443 408.2499 6.9425 104.5328 -0.0546 0.6171 0.0339 0.7843
59.2482 408.9540 7.0050 104.6718 -0.0505 0.6253 0.0343 0.7780
59.3521 409.6587 7.0639 104.7904 -0.0469 0.6336 0.0350 0.7714
59.4558 410.3747 7.1330 104.8900 -0.0458 0.6413 0.0353 0.7651
59.5596 411.1016 7.2138 105.0026 -0.0466 0.6477 0.0370 0.7596
59.6633 411.8487 7.3004 105.1133 -0.0483 0.6538 0.0403 0.7540
59.7669 412.6336 7.3820 105.2072 -0.0511 0.6587 0.0447 0.7493
59.8707 413.3891 7.4585 105.2924 -0.0542 0.6624 0.0460 0.7458
59.9743 414.1307 7.5580 105.3987 -0.0554 0.6651 0.0461 0.7432
60.0781 414.8374 7.6421 105.5062 -0.0568 0.6676 0.0463 0.7409
60.1818 415.6053 7.7612 105.5499 -0.0591 0.6704 0.0466 0.7381
60.2856 416.4067 7.8596 105.6297 -0.0603 0.6734 0.0457 0.7354
60.3893 417.1754 7.9238 105.7013 -0.0602 0.6763 0.0387 0.7332
60.4931 417.9138 8.0078 105.7469 -0.0581 0.6780 0.0281 0.7322
60.5968 418.6457 8.0294 105.8055 -0.0525 0.6806 0.0248 0.7303
60.7006 419.3650 8.1171 105.8590 -0.0530 0.6816 0.0237 0.7294
60.8042 420.1668 8.2224 105.9581 -0.0584 0.6810 0.0244 0.7296
60.9080 420.9574 8.3401 106.0340 -0.0591 0.6812 0.0249 0.7293
61.0116 421.7594 8.3793 106.0858 -0.0571 0.6804 0.0185 0.7304
61.1153 422.4665 8.3911 106.1196 -0.0495 0.6797 0.0100 0.7318
61.2189 423.1867 8.3982 106.2111 -0.0450 0.6777 0.0022 0.7340
61.3227 423.9475 8.4691 106.2785 -0.0454 0.6758 0.0014 0.7357
61.4264 424.7204 8.5550 106.3504 -0.0499 0.6749 0.0045 0.7362
61.5302 425.4250 8.6014 106.3893 -0.0524 0.6736 0.0065 0.7372
61.6338 426.2029 8.6276 106.5011 -0.0511 0.6730 0.0062 0.7379
61.7376 426.8843 8.6469 106.6043 -0.0459 0.6715 0.0049 0.7395
61.8413 427.5983 8.6794 106.6426 -0.0437 0.6708 0.0024 0.7403
61.9451 428.2328 8.7321 106.7282 -0.0412 0.6702 0.0038 0.7410
62.0488 428.9507 8.7556 106.8128 -0.0389 0.6708 0.0036 0.7406
62.1526 429.6493 8.7700 106.8784 -0.0366 0.6705 0.0018 0.7410
62.2564 430.3383 8.7912 106.9265 -0.0359 0.6708 -0.0006 0.7407
62.3601 430.8841 8.8068 106.9826 -0.0362 0.6715 -0.0037 0.7401
62.4640 431.4989 8.8225 107.0564 -0.0364 0.6738 -0.0054 0.7380
62.5679 432.2153 8.8510 107.1228 -0.0366 0.6787 -0.0072 0.7334
62.6718 432.8825 8.8641 107.1585 -0.0368 0.6847 -0.0087 0.7278
62.7758 433.5574 8.8724 107.1370 -0.0358 0.6911 -0.0091 0.7218
62.8798 434.1636 8.8751 107.1512 -0.0344 0.6983 -0.0073 0.7149
62.9837 434.7373 8.8995 107.1520 -0.0334 0.7043 -0.0077 0.7091
63.0876 435.3637 8.8973 107.1645 -0.0325 0.7106 -0.0076 0.7028
63.1914 435.9253 8.8873 107.1316 -0.0320 0.7167 -0.0069 0.6966
63.2954 436.4705 8.8943 107.1054 -0.0324 0.7231 -0.0069 0.6899
63.3993 437.0084 8.9245 107.0917 -0.0333 0.7297 -0.0073 0.6829
63.5032 437.5254 8.9166 107.0102 -0.0330 0.7363 -0.0077 0.6759
63.6071 437.9853 8.9164 106.9574 -0.0301 0.7420 -0.0083 0.6697
63.7108 438.3786 8.8977 106.8714 -0.0252 0.7473 -0.0099 0.6639
63.8147 438.7768 8.8874 106.8006 -0.0194 0.7521 -0.0116 0.6587
63.9184 439.1832 8.8690 106.7267 -0.0165 0.7564 -0.0146 0.6538
64.0222 439.5026 8.8770 106.6767 -0.0149 0.7599 -0.0171 0.6497
64.1260 439.8731 8.8632 106.6261 -0.0133 0.7630 -0.0188 0.6460
64.2297 440.2162 8.8623 106.5667 -0.0112 0.7659 -0.0181 0.6426
64.3333 440.5204 8.8388 106.4912 -0.0079 0.7681 -0.0147 0.6401
64.4371 440.8070 8.8143 106.4177 -0.0059 0.7699 -0.0129 0.6380
64.5407 441.0921 8.8174 106.3525 -0.0070 0.7715 -0.0122 0.6360
64.6444 441.3509 8.8021 106.2988 -0.0097 0.7731 -0.0132 0.6340
64.7481 441.5944 8.8101 106.2655 -0.0126 0.7743 -0.0145 0.6326
64.8517 441.8286 8.8080 106.2422 -0.0138 0.7752 -0.0148 0.6314
64.9553 441.9945 8.8032 106.1760 -0.0131 0.7759 -0.0147 0.6305
65.0591 442.1762 8.7762 106.1467 -0.0107 0.7766 -0.0138 0.6298
65.1627 442.3482 8.7691 106.1022 -0.0088 0.7770 -0.0129 0.6294
65.2663 442.4943 8.7616 106.0683 -0.0074 0.7768 -0.0139 0.6296
65.3701 442.6272 8.7532 106.0425 -0.0072 0.7761 -0.0146 0.6304
65.4737 442.8107 8.7667 105.9878 -0.0062 0.7754 -0.0135 0.6313
65.5774 442.9525 8.7570 105.9641 -0.0048 0.7740 -0.0102 0.6331
65.6811 443.0760 8.7634 105.9140 -0.0034 0.7723 -0.0075 0.6352
65.7848 443.2369 8.7458 105.9078 -0.0021 0.7710 -0.0071 0.6368
65.8886 443.3857 8.7369 105.9092 -0.0025 0.7698 -0.0080 0.6383
65.9922 443.5248 8.7462 105.8845 -0.0031 0.7683 -0.0103 0.6400
66.0959 443.6679 8.7364 105.8734 -0.0035 0.7666 -0.0113 0.6420
66.1997 443.8256 8.7298 105.8334 -0.0035 0.7646 -0.0116 0.6444
66.3033 444.0026 8.7159 105.8354 -0.0037 0.7625 -0.0116 0.6469
66.4071 444.2043 8.7061 105.8183 -0.0065 0.7603 -0.0130 0.6494
66.5107 444.4058 8.7186 105.7849 -0.0102 0.7573 -0.0143 0.6528
66.6143 444.6359 8.7404 105.7890 -0.0126 0.7543 -0.0156 0.6563
66.7181 444.8725 8.7161 105.7780 -0.0122 0.7514 -0.0137 0.6596
66.8217 445.1207 8.7088 105.7298 -0.0105 0.7477 -0.0109 0.6639
66.9254 445.3629 8.6788 105.6914 -0.0097 0.7436 -0.0096 0.6685
67.0291 445.6171 8.7074 105.7063 -0.0081 0.7385 -0.0076 0.6741
67.1328 445.8990 8.6698 105.6758 -0.0073 0.7331 -0.0070 0.6800
67.2364 446.1626 8.6876 105.6683 -0.0071 0.7272 -0.0055 0.6864
67.3401 446.4492 8.6778 105.6806 -0.0071 0.7199 -0.0056 0.6940
67.4437 446.7344 8.6777 105.6962 -0.0071 0.7123 -0.0053 0.7018
67.5473 447.0480 8.6637 105.7261 -0.0070 0.7047 -0.0071 0.7094
67.6511 447.3765 8.6722 105.7698 -0.0080 0.6965 -0.0097 0.7174
67.7547 447.6997 8.6518 105.8018 -0.0086 0.6879 -0.0127 0.7257
67.8583 448.0208 8.6851 105.8696 -0.0093 0.6789 -0.0130 0.7341
67.9621 448.3808 8.6480 105.9145 -0.0089 0.6691 -0.0117 0.7431
68.0657 448.7418 8.6373 105.9968 -0.0087 0.6598 -0.0105 0.7514
68.1693 449.1241 8.6384 106.0670 -0.0087 0.6498 -0.0103 0.7600
68.2731 449.5154 8.6420 106.1615 -0.0091 0.6398 -0.0104 0.7684
68.3767 449.9144 8.6507 106.2917 -0.0093 0.6300 -0.0101 0.7765
68.4803 450.3227 8.6357 106.3870 -0.0094 0.6195 -0.0105 0.7849
68.5841 450.7377 8.6260 106.5493 -0.0091 0.6100 -0.0099 0.7923
68.6878 451.1583 8.6322 106.6862 -0.0089 0.6010 -0.0091 0.7991
68.7916 451.6199 8.6245 106.8185 -0.0089 0.5925 -0.0088 0.8055
68.8953 452.0893 8.6158 107.0032 -0.0087 0.5848 -0.0085 0.8111
68.9991 452.5892 8.6193 107.1762 -0.0087 0.5771 -0.0088 0.8166
69.1028 453.1199 8.6149 107.3973 -0.0077 0.5697 -0.0078 0.8218
69.2066 453.6231 8.6093 107.6144 -0.0069 0.5621 -0.0061 0.8270
69.3103 454.1475 8.6048 107.8386 -0.0057 0.5542 -0.0042 0.8323
69.4139 454.6819 8.5842 108.0717 -0.0048 0.5461 -0.0032 0.8377
69.5177 455.2140 8.5871 108.3707 -0.0044 0.5389 -0.0032 0.8423
69.6214 455.7846 8.5879 108.6426 -0.0039 0.5320 -0.0032 0.8467
69.7253 456.3167 8.5794 108.9214 -0.0042 0.5259 -0.0040 0.8505
69.8291 456.9344 8.5803 109.2414 -0.0048 0.5202 -0.0037 0.8540
69.9328 457.5078 8.5674 109.5759 -0.0059 0.5153 -0.0033 0.8570
70.0367 458.1024 8.5752 109.9278 -0.0073 0.5118 -0.0030 0.8591
70.1406 458.7273 8.5682 110.2720 -0.0080 0.5084 -0.0025 0.8611
70.2443 459.3522 8.5598 110.6362 -0.0084 0.5059 -0.0027 0.8625
70.3482 459.9940 8.5631 110.9971 -0.0090 0.5043 -0.0032 0.8635
70.4519 460.6266 8.5725 111.3789 -0.0093 0.5027 -0.0032 0.8644
70.5558 461.2914 8.5747 111.7707 -0.0093 0.5014 -0.0038 0.8652
70.6596 461.9955 8.5689 112.1634 -0.0089 0.4999 -0.0036 0.8660
70.7633 462.6662 8.5676 112.5905 -0.0081 0.4986 -0.0034 0.8668
70.8672 463.3590 8.5599 112.9886 -0.0075 0.4975 -0.0038 0.8674
70.9708 464.0645 8.5715 113.3832 -0.0065 0.4962 -0.0035 0.8682
71.0747 464.7797 8.5555 113.8211 -0.0057 0.4951 -0.0039 0.8688
71.1784 465.5228 8.5494 114.2816 -0.0046 0.4941 -0.0029 0.8694
71.2822 466.2807 8.5366 114.7123 -0.0037 0.4930 -0.0018 0.8700
71.3859 466.9821 8.5341 115.1641 -0.0031 0.4922 -0.0013 0.8705
71.4896 467.7333 8.5284 115.6088 -0.0023 0.4914 -0.0021 0.8709
71.5933 468.4865 8.5074 116.0907 -0.0007 0.4911 -0.0025 0.8711
71.6972 469.2854 8.4822 116.5593 0.0001 0.4907 -0.0038 0.8713
71.8010 470.0542 8.4958 117.0567 -0.0006 0.4906 -0.0041 0.8714
71.9047 470.8526 8.4668 117.5346 -0.0018 0.4905 -0.0036 0.8714
72.0085 471.6392 8.4724 118.0184 -0.0025 0.4903 -0.0023 0.8715
72.1122 472.4583 8.4545 118.5189 -0.0018 0.4901 -0.0017 0.8717
72.2160 473.2678 8.4417 119.0460 -0.0011 0.4898 -0.0013 0.8719
72.3197 474.1141 8.4241 119.5399 -0.0002 0.4894 -0.0002 0.8721
72.4235 474.9447 8.4111 120.0513 -0.0002 0.4891 -0.0001 0.8722
72.5272 475.7811 8.3932 120.5735 0.0005 0.4887 0.0012 0.8724
72.6309 476.6373 8.3795 121.1157 0.0005 0.4884 0.0015 0.8726
72.7347 477.5274 8.3580 121.6396 0.0006 0.4879 0.0011 0.8729
72.8385 478.3899 8.3476 122.2038 0.0009 0.4876 0.0006 0.8731
72.9422 479.2535 8.3368 122.7387 0.0004 0.4873 0.0003 0.8732
73.0460 480.1872 8.3162 123.3168 0.0002 0.4876 0.0008 0.8731
73.1497 481.0589 8.3148 123.8645 -0.0012 0.4881 -0.0010 0.8728
73.2535 481.9528 8.3012 124.4356 -0.0013 0.4890 -0.0026 0.8723
73.3572 482.8659 8.2763 125.0210 -0.0008 0.4911 -0.0044 0.8711
73.4611 483.8041 8.2576 125.5771 -0.0010 0.4941 -0.0068 0.8694
73.5649 484.7384 8.2330 126.1309 -0.0019 0.4987 -0.0103 0.8667
73.6688 485.6612 8.2073 126.6917 -0.0020 0.5042 -0.0123 0.8635
73.7727 486.6226 8.1807 127.2272 -0.0029 0.5109 -0.0141 0.8595
73.8767 487.6102 8.1443 127.7458 -0.0042 0.5182 -0.0144 0.8551
73.9806 488.5688 8.1213 128.2407 -0.0065 0.5256 -0.0148 0.8505
74.0845 489.5447 8.1009 128.7230 -0.0075 0.5332 -0.0154 0.8458
74.1885 490.5968 8.0590 129.2168 -0.0065 0.5411 -0.0162 0.8408
74.2923 491.5626 8.0392 129.6479 -0.0056 0.5491 -0.0180 0.8355
74.3962 492.5846 7.9993 130.0972 -0.0054 0.5580 -0.0187 0.8296
74.5001 493.6087 7.9883 130.4932 -0.0060 0.5670 -0.0188 0.8235
74.6038 494.6586 7.9631 130.8568 -0.0061 0.5768 -0.0179 0.8167
74.7078 495.7425 7.9102 131.2194 -0.0050 0.5871 -0.0192 0.8093
74.8117 496.7585 7.8858 131.5594 -0.0042 0.5974 -0.0226 0.8016
74.9155 497.8408 7.8004 131.8464 -0.0024 0.6087 -0.0238 0.7930
75.0193 498.8963 7.8030 132.1346 -0.0027 0.6199 -0.0285 0.7842
75.1233 499.9694 7.7057 132.3541 -0.0005 0.6319 -0.0281 0.7745
75.2271 501.1003 7.6743 132.5799 -0.0007 0.6437 -0.0311 0.7646
75.3310 502.1856 7.6027 132.7369 0.0013 0.6549 -0.0316 0.7551
75.4348 503.2996 7.5224 132.8767 0.0041 0.6654 -0.0326 0.7458
75.5386 504.3998 7.4559 132.9724 0.0069 0.6750 -0.0326 0.7370
75.6422 505.5048 7.3644 133.0387 0.0081 0.6839 -0.0322 0.7288
75.7459 506.6476 7.2844 133.1055 0.0091 0.6925 -0.0318 0.7207
75.8496 507.7360 7.2066 133.1189 0.0093 0.7002 -0.0330 0.7131
75.9533 508.8570 7.1230 133.1374 0.0101 0.7080 -0.0344 0.7053
76.0570 509.9865 7.0216 133.1237 0.0108 0.7155 -0.0343 0.6976
76.1606 511.1350 6.9374 133.0788 0.0114 0.7218 -0.0320 0.6913
76.2642 512.2604 6.8461 132.9760 0.0128 0.7263 -0.0296 0.6867
76.3677 513.4030 6.7422 132.9237 0.0159 0.7297 -0.0282 0.6830
76.4713 514.5032 6.6511 132.8440 0.0175 0.7316 -0.0289 0.6809
76.5750 515.6649 6.5672 132.7628 0.0177 0.7332 -0.0292 0.6791
76.6786 516.7705 6.4793 132.6833 0.0177 0.7343 -0.0293 0.6780
76.7822 517.9045 6.3877 132.5884 0.0180 0.7355 -0.0302 0.6766
76.8859 519.0490 6.2847 132.5025 0.0193 0.7368 -0.0309 0.6751
76.9896 520.2268 6.1825 132.4042 0.0205 0.7377 -0.0315 0.6741
77.0932 521.3994 6.0631 132.3037 0.0208 0.7388 -0.0309 0.6729
77.1970 522.5545 5.9747 132.2058 0.0203 0.7399 -0.0293 0.6717
77.3006 523.7817 5.8864 132.0906 0.0191 0.7408 -0.0283 0.6708
77.4042 524.9537 5.7925 131.9686 0.0186 0.7412 -0.0295 0.6704
77.5078 526.1697 5.6816 131.8727 0.0194 0.7412 -0.0315 0.6703
77.6116 527.3611 5.5841 131.7535 0.0202 0.7410 -0.0327 0.6704
77.7152 528.6094 5.4685 131.6371 0.0209 0.7411 -0.0318 0.6703
77.8190 529.8233 5.3681 131.5329 0.0207 0.7411 -0.0322 0.6704
77.9227 531.0621 5.2674 131.4364 0.0203 0.7410 -0.0329 0.6704
78.0263 532.3132 5.1493 131.3110 0.0196 0.7415 -0.0344 0.6698
78.1301 533.5710 5.0374 131.1732 0.0192 0.7420 -0.0338 0.6692
78.2338 534.8286 4.9254 131.0658 0.0192 0.7429 -0.0334 0.6683
78.3375 536.1044 4.8142 130.9337 0.0192 0.7437 -0.0336 0.6674
78.4412 537.3781 4.6918 130.7975 0.0196 0.7444 -0.0338 0.6666
78.5448 538.6329 4.5944 130.6622 0.0193 0.7456 -0.0337 0.6652
78.6486 539.9345 4.4664 130.5186 0.0193 0.7467 -0.0335 0.6640
78.7523 541.2144 4.3615 130.3736 0.0186 0.7479 -0.0338 0.6627
78.8560 542.5302 4.2394 130.2388 0.0180 0.7492 -0.0335 0.6612
78.9597 543.8557 4.1230 130.0809 0.0173 0.7503 -0.0336 0.6600
79.0633 545.1598 4.0173 129.9277 0.0172 0.7512 -0.0344 0.6590
79.1671 546.4873 3.8947 129.7416 0.0171 0.7522 -0.0346 0.6578
79.2708 547.8263 3.7731 129.5522 0.0177 0.7530 -0.0343 0.6569
79.3745 549.1738 3.6585 129.3700 0.0176 0.7539 -0.0347 0.6558
79.4782 550.5143 3.5404 129.2027 0.0178 0.7550 -0.0351 0.6545
79.5820 551.8553 3.4182 129.0270 0.0175 0.7561 -0.0354 0.6533
79.6857 553.2161 3.2938 128.8438 0.0179 0.7572 -0.0351 0.6520
79.7895 554.5912 3.1657 128.6203 0.0180 0.7586 -0.0346 0.6504
79.8932 555.9786 3.0491 128.4099 0.0175 0.7597 -0.0350 0.6491
79.9970 557.3842 2.9108 128.2037 0.0176 0.7610 -0.0352 0.6476
80.1006 558.8002 2.7925 127.9833 0.0178 0.7616 -0.0354 0.6468
80.2043 560.1805 2.6573 127.7720 0.0185 0.7625 -0.0352 0.6458
80.3080 561.6095 2.5370 127.5204 0.0184 0.7631 -0.0354 0.6451
80.4117 562.9904 2.4071 127.2898 0.0181 0.7636 -0.0356 0.6445
80.5153 564.4126 2.2799 127.0762 0.0182 0.7639 -0.0355 0.6441
80.6191 565.8541 2.1404 126.8245 0.0195 0.7645 -0.0347 0.6434
80.7227 567.2585 2.0028 126.5810 0.0197 0.7649 -0.0348 0.6429
80.8264 568.7300 1.8741 126.3278 0.0203 0.7652 -0.0336 0.6426
80.9301 570.1706 1.7429 126.1008 0.0202 0.7655 -0.0339 0.6423
81.0338 571.6434 1.6080 125.8459 0.0200 0.7659 -0.0339 0.6418
81.1375 573.1216 1.4762 125.5864 0.0191 0.7663 -0.0338 0.6414
81.2412 574.5941 1.3435 125.3202 0.0192 0.7666 -0.0326 0.6410
81.3449 576.0702 1.2099 125.0790 0.0193 0.7670 -0.0324 0.6405
81.4486 577.5208 1.0750 124.8096 0.0198 0.7670 -0.0329 0.6405
81.5523 578.9851 0.9406 124.5776 0.0202 0.7670 -0.0326 0.6404
81.6561 580.4858 0.8033 124.3186 0.0193 0.7672 -0.0336 0.6402
81.7597 581.9451 0.6726 124.0487 0.0204 0.7671 -0.0323 0.6404
81.8635 583.4522 0.5337 123.7929 0.0197 0.7671 -0.0334 0.6404
81.9671 584.9372 0.3791 123.5310 0.0208 0.7669 -0.0337 0.6405
82.0708 586.4094 0.2402 123.2836 0.0217 0.7667 -0.0336 0.6408
82.1745 587.8748 0.0950 122.9996 0.0220 0.7662 -0.0332 0.6414
82.2782 589.4150 -0.0559 122.7405 0.0230 0.7655 -0.0311 0.6423
82.3820 590.8695 -0.1888 122.4932 0.0229 0.7648 -0.0307 0.6431
82.4857 592.3630 -0.3308 122.2496 0.0222 0.7646 -0.0311 0.6434
82.5894 593.8359 -0.4643 122.0097 0.0230 0.7643 -0.0301 0.6437
82.6931 595.3105 -0.6052 121.7569 0.0229 0.7639 -0.0305 0.6442
82.7969 596.7847 -0.7468 121.5067 0.0229 0.7638 -0.0307 0.6444
82.9006 598.2775 -0.8906 121.2697 0.0224 0.7636 -0.0307 0.6446
83.0042 599.7653 -1.0251 121.0376 0.0226 0.7634 -0.0307 0.6447
83.1078 601.2273 -1.1677 120.8054 0.0215 0.7633 -0.0312 0.6449
83.2116 602.7221 -1.3076 120.5503 0.0216 0.7633 -0.0303 0.6450
83.3152 604.2062 -1.4436 120.3007 0.0219 0.7631 -0.0291 0.6453
83.4190 605.6796 -1.5829 120.0466 0.0243 0.7628 -0.0266 0.6456
83.5226 607.1513 -1.7131 119.8155 0.0252 0.7623 -0.0266 0.6462
83.6262 608.6540 -1.8511 119.5919 0.0271 0.7622 -0.0270 0.6462
83.7300 610.1171 -1.9949 119.3398 0.0263 0.7621 -0.0281 0.6464
83.8336 611.5781 -2.1305 119.1404 0.0243 0.7618 -0.0285 0.6467
83.9373 613.0608 -2.2595 118.8844 0.0240 0.7614 -0.0290 0.6472
84.0410 614.5388 -2.4035 118.6528 0.0238 0.7611 -0.0292 0.6475
84.1447 616.0407 -2.5436 118.4263 0.0224 0.7610 -0.0306 0.6476
84.2484 617.5098 -2.6875 118.1969 0.0221 0.7607 -0.0306 0.6480
84.3521 618.9810 -2.8146 117.9817 0.0213 0.7608 -0.0304 0.6480
84.4557 620.4737 -2.9546 117.7287 0.0218 0.7608 -0.0302 0.6479
84.5594 621.9255 -3.0847 117.5096 0.0222 0.7609 -0.0304 0.6478
84.6630 623.4026 -3.2262 117.2686 0.0227 0.7608 -0.0298 0.6479
84.7667 624.8667 -3.3654 117.0465 0.0228 0.7605 -0.0286 0.6483
84.8703 626.3322 -3.5037 116.8166 0.0232 0.7599 -0.0290 0.6489
84.9740 627.7744 -3.6526 116.6009 0.0243 0.7594 -0.0308 0.6495
85.0777 629.2479 -3.7911 116.3911 0.0224 0.7592 -0.0314 0.6497
85.1813 630.6762 -3.9279 116.1854 0.0211 0.7588 -0.0317 0.6502
85.2851 632.1251 -4.0742 115.9648 0.0198 0.7585 -0.0316 0.6506
85.3887 633.5462 -4.1997 115.7560 0.0201 0.7585 -0.0299 0.6507
85.4925 634.9684 -4.3323 115.5441 0.0205 0.7584 -0.0286 0.6508
85.5961 636.3813 -4.4641 115.3432 0.0207 0.7584 -0.0284 0.6508
85.6997 637.7698 -4.5904 115.1476 0.0206 0.7585 -0.0289 0.6506
85.8034 639.1768 -4.7197 114.9158 0.0206 0.7589 -0.0289 0.6502
85.9071 640.5244 -4.8492 114.7179 0.0202 0.7592 -0.0290 0.6499
86.0108 641.9085 -4.9819 114.5228 0.0195 0.7593 -0.0293 0.6498
86.1145 643.2641 -5.1130 114.3175 0.0193 0.7596 -0.0291 0.6494
86.2182 644.5666 -5.2354 114.1323 0.0179 0.7600 -0.0282 0.6490
86.3218 645.8567 -5.3444 113.9215 0.0167 0.7603 -0.0271 0.6488
86.4256 647.1155 -5.4546 113.7622 0.0175 0.7605 -0.0270 0.6485
86.5292 648.3756 -5.5968 113.5555 0.0189 0.7606 -0.0286 0.6483
86.6330 649.5691 -5.6934 113.3756 0.0190 0.7607 -0.0293 0.6482
86.7367 650.7387 -5.8155 113.1978 0.0190 0.7605 -0.0281 0.6484
86.8403 651.9028 -5.9132 113.0071 0.0186 0.7600 -0.0267 0.6491
86.9441 653.0220 -6.0320 112.8420 0.0180 0.7597 -0.0268 0.6495
87.0477 654.1091 -6.1295 112.6661 0.0173 0.7590 -0.0270 0.6502
87.1514 655.1372 -6.2188 112.5130 0.0166 0.7582 -0.0256 0.6513
87.2550 656.1436 -6.3110 112.3744 0.0157 0.7577 -0.0239 0.6519
87.3587 657.0997 -6.3905 112.2406 0.0147 0.7573 -0.0238 0.6525
87.4625 658.0510 -6.4861 112.1066 0.0150 0.7572 -0.0238 0.6526
87.5662 658.9587 -6.5660 111.9849 0.0154 0.7568 -0.0249 0.6530
87.6699 659.7970 -6.6461 111.8678 0.0161 0.7567 -0.0248 0.6530
87.7736 660.6050 -6.7235 111.7584 0.0154 0.7567 -0.0253 0.6531
87.8773 661.3465 -6.7765 111.6385 0.0140 0.7577 -0.0267 0.6519
87.9812 662.0756 -6.8430 111.5498 0.0127 0.7607 -0.0280 0.6484
88.0852 662.7697 -6.9095 111.4451 0.0117 0.7659 -0.0293 0.6422
88.1892 663.4122 -6.9615 111.3114 0.0106 0.7734 -0.0308 0.6331
88.2933 664.0169 -7.0206 111.1720 0.0106 0.7824 -0.0322 0.6219
88.3975 664.6273 -7.0727 111.0159 0.0118 0.7927 -0.0329 0.6086
88.5016 665.2156 -7.1554 110.8073 0.0135 0.8044 -0.0328 0.5931
88.6058 665.7680 -7.1956 110.5824 0.0143 0.8174 -0.0326 0.5750
88.7101 666.2875 -7.2496 110.3459 0.0142 0.8316 -0.0327 0.5543
88.8143 666.7908 -7.3020 110.0694 0.0137 0.8460 -0.0319 0.5321
88.9186 667.2765 -7.3344 109.7482 0.0136 0.8602 -0.0315 0.5088
89.0228 667.7375 -7.3946 109.4545 0.0141 0.8752 -0.0316 0.4825
89.1271 668.1859 -7.4792 109.0742 0.0153 0.8897 -0.0322 0.4552
89.2313 668.5462 -7.5073 108.7463 0.0159 0.9040 -0.0338 0.4258
89.3356 668.9081 -7.5555 108.3039 0.0168 0.9174 -0.0358 0.3959
89.4396 669.2594 -7.6002 107.9399 0.0204 0.9298 -0.0366 0.3657
89.5437 669.5305 -7.6925 107.5217 0.0245 0.9411 -0.0351 0.3353
89.6478 669.8208 -7.7351 107.0258 0.0251 0.9514 -0.0352 0.3049
89.7518 670.0641 -7.7536 106.6157 0.0246 0.9609 -0.0355 0.2735
89.8558 670.2395 -7.7979 106.1053 0.0250 0.9691 -0.0352 0.2427
89.9597 670.3914 -7.8569 105.6670 0.0283 0.9765 -0.0338 0.2108
90.0637 670.5430 -7.9048 105.1807 0.0315 0.9827 -0.0351 0.1794
90.1676 670.6651 -7.9604 104.6437 0.0326 0.9879 -0.0380 0.1471
90.2715 670.7615 -8.0023 104.1480 0.0329 0.9920 -0.0413 0.1143
90.3755 670.8179 -8.0490 103.5787 0.0333 0.9952 -0.0436 0.0814
90.4793 670.8179 -8.0936 103.0950 0.0334 0.9973 -0.0427 0.0488
90.5831 670.8222 -8.1463 102.5069 0.0342 0.9984 -0.0422 0.0154
90.6870 670.7490 -8.2006 101.9121 0.0343 0.9983 -0.0431 -0.0179
90.7908 670.6519 -8.2458 101.3718 0.0348 0.9970 -0.0453 -0.0517
90.8946 670.5384 -8.3063 100.7851 0.0347 0.9946 -0.0474 -0.0855
90.9985 670.3716 -8.3411 100.2388 0.0346 0.9910 -0.0494 -0.1192
91.1021 670.1624 -8.3880 99.6761 0.0350 0.9865 -0.0510 -0.1515
91.2058 669.8773 -8.4515 99.0902 0.0366 0.9813 -0.0515 -0.1820
91.3095 669.5876 -8.5118 98.5672 0.0370 0.9754 -0.0520 -0.2111
91.4130 669.2618 -8.5646 97.9816 0.0380 0.9691 -0.0526 -0.2379
91.5166 668.9276 -8.6193 97.4105 0.0385 0.9629 -0.0535 -0.2616
91.6202 668.5068 -8.6812 96.8708 0.0391 0.9568 -0.0554 -0.2827
91.7237 668.1062 -8.7346 96.2963 0.0396 0.9513 -0.0566 -0.3005
91.8272 667.6600 -8.8094 95.7513 0.0404 0.9465 -0.0555 -0.3155
91.9306 667.2401 -8.8666 95.1952 0.0403 0.9424 -0.0530 -0.3277
92.0341 666.7324 -8.9269 94.6044 0.0389 0.9388 -0.0506 -0.3386
92.1377 666.2651 -8.9889 94.0661 0.0377 0.9355 -0.0487 -0.3478
92.2412 665.7364 -9.0463 93.5114 0.0365 0.9321 -0.0466 -0.3573
92.3449 665.2199 -9.0988 92.9332 0.0347 0.9286 -0.0438 -0.3670
92.4486 664.7095 -9.1553 92.3993 0.0316 0.9249 -0.0406 -0.3767
92.5522 664.1207 -9.2095 91.8120 0.0278 0.9209 -0.0370 -0.3870
92.6560 663.5505 -9.2504 91.2801 0.0270 0.9168 -0.0334 -0.3971
92.7597 662.9361 -9.2903 90.7270 0.0244 0.9122 -0.0284 -0.4081
92.8635 662.3515 -9.3280 90.1997 0.0214 0.9071 -0.0236 -0.4196
92.9672 661.7076 -9.3651 89.6843 0.0195 0.9018 -0.0212 -0.4311
93.0710 661.0589 -9.4049 89.1630 0.0175 0.8960 -0.0188 -0.4433
93.1747 660.3935 -9.4186 88.7127 0.0189 0.8900 -0.0176 -0.4552
93.2785 659.7123 -9.4373 88.2370 0.0203 0.8837 -0.0152 -0.4674
93.3821 659.0259 -9.4390 87.8045 0.0221 0.8778 -0.0131 -0.4783
93.4858 658.2827 -9.4759 87.3617 0.0240 0.8727 -0.0119 -0.4876
93.5895 657.5409 -9.4698 86.9571 0.0257 0.8682 -0.0103 -0.4955
93.6931 656.8107 -9.4902 86.4869 0.0259 0.8650 -0.0083 -0.5011
93.7967 656.0681 -9.4914 86.0888 0.0263 0.8632 -0.0057 -0.5042
93.9004 655.3111 -9.5002 85.6330 0.0266 0.8624 -0.0028 -0.5055
94.0040 654.5361 -9.4631 85.1913 0.0245 0.8622 0.0003 -0.5060
94.1076 653.7410 -9.4658 84.7484 0.0212 0.8624 0.0015 -0.5058
94.2113 652.9854 -9.4670 84.2814 0.0188 0.8631 -0.0001 -0.5046
94.3150 652.2435 -9.4855 83.8547 0.0153 0.8640 -0.0022 -0.5032
94.4186 651.4313 -9.4901 83.3389 0.0127 0.8657 -0.0045 -0.5004
94.5222 650.6032 -9.5106 82.8668 0.0125 0.8672 -0.0052 -0.4978
94.6260 649.8294 -9.4909 82.3737 0.0153 0.8686 -0.0062 -0.4953
94.7297 649.0433 -9.5015 81.8725 0.0125 0.8695 -0.0052 -0.4937
94.8335 648.2223 -9.5301 81.3556 0.0114 0.8699 -0.0072 -0.4931
94.9372 647.3490 -9.5684 80.8590 0.0064 0.8701 -0.0075 -0.4928
95.0410 646.5093 -9.5707 80.3050 0.0066 0.8701 -0.0079 -0.4927
95.1447 645.6623 -9.5921 79.8124 0.0070 0.8705 -0.0080 -0.4921
95.2484 644.7999 -9.5950 79.2800 0.0069 0.8709 -0.0068 -0.4913
95.3521 643.9548 -9.6363 78.7515 0.0099 0.8713 -0.0062 -0.4906
95.4559 643.0989 -9.6274 78.2440 0.0133 0.8721 -0.0065 -0.4891
95.5595 642.2164 -9.6621 77.6632 0.0127 0.8728 -0.0057 -0.4879
95.6631 641.3712 -9.6834 77.1495 0.0129 0.8738 -0.0058 -0.4861
95.7669 640.5268 -9.7022 76.6170 0.0117 0.8748 -0.0047 -0.4844
95.8705 639.6685 -9.7034 76.0727 0.0156 0.8757 -0.0064 -0.4825
95.9742 638.8157 -9.7245 75.5437 0.0157 0.8769 -0.0063 -0.4804
96.0779 637.9623 -9.7444 74.9470 0.0156 0.8780 -0.0076 -0.4784
96.1816 637.1486 -9.7817 74.4210 0.0129 0.8788 -0.0066 -0.4770
96.2853 636.2922 -9.7706 73.8803 0.0138 0.8792 -0.0063 -0.4762
96.3891 635.4650 -9.7822 73.2903 0.0152 0.8795 -0.0061 -0.4756
96.4929 634.6364 -9.8035 72.7631 0.0146 0.8801 -0.0065 -0.4746
96.5966 633.8118 -9.8555 72.2290 0.0129 0.8805 -0.0065 -0.4738
96.7004 633.0444 -9.8529 71.6867 0.0131 0.8803 -0.0064 -0.4741
96.8040 632.2402 -9.8624 71.1644 0.0130 0.8803 -0.0041 -0.4742
96.9077 631.4443 -9.9134 70.5996 0.0129 0.8804 -0.0035 -0.4741
97.0115 630.6455 -9.9060 70.0574 0.0123 0.8804 -0.0043 -0.4740
97.1151 629.8774 -9.9343 69.5591 0.0132 0.8805 -0.0052 -0.4738
97.2189 629.1043 -9.9520 69.0598 0.0142 0.8811 -0.0055 -0.4728
97.3225 628.3438 -9.9639 68.5270 0.0143 0.8815 -0.0058 -0.4719
97.4262 627.5978 -9.9881 68.0261 0.0149 0.8822 -0.0071 -0.4706
97.5300 626.8443 -9.9903 67.5315 0.0136 0.8829 -0.0057 -0.4693
97.6337 626.1336 -10.0157 67.0301 0.0148 0.8836 -0.0047 -0.4680
97.7375 625.4238 -10.0415 66.5109 0.0152 0.8844 -0.0040 -0.4665
97.8412 624.6856 -10.0629 66.0115 0.0119 0.8849 -0.0046 -0.4657
97.9451 623.9865 -10.0600 65.4915 0.0116 0.8855 -0.0051 -0.4646
98.0487 623.3555 -10.0894 65.0699 0.0113 0.8859 -0.0045 -0.4638
98.1525 622.7114 -10.1354 64.5846 0.0125 0.8860 -0.0045 -0.4635
98.2562 622.0407 -10.1225 64.1396 0.0103 0.8863 -0.0039 -0.4631
98.3600 621.4787 -10.1380 63.7142 0.0090 0.8864 -0.0036 -0.4628
98.4637 620.8741 -10.1566 63.2617 0.0112 0.8870 -0.0034 -0.4617
98.5675 620.2904 -10.1653 62.8684 0.0116 0.8874 -0.0021 -0.4609
98.6712 619.7079 -10.1863 62.4777 0.0121 0.8879 -0.0012 -0.4598
98.7749 619.1828 -10.1996 62.0784 0.0125 0.8883 -0.0002 -0.4590
98.8786 618.7052 -10.2107 61.7124 0.0123 0.8889 0.0000 -0.4580
98.9823 618.2393 -10.2245 61.3422 0.0128 0.8891 -0.0004 -0.4574
99.0861 617.7719 -10.2296 61.0451 0.0122 0.8897 -0.0014 -0.4564
99.1897 617.3388 -10.2393 60.7355 0.0123 0.8900 -0.0016 -0.4557
99.2935 616.9189 -10.2476 60.4330 0.0129 0.8901 -0.0020 -0.4556
99.3972 616.5720 -10.2552 60.1763 0.0122 0.8904 -0.0028 -0.4550
99.5008 616.2420 -10.2679 59.9080 0.0114 0.8904 -0.0029 -0.4551
99.6046 615.9026 -10.2843 59.6400 0.0113 0.8904 -0.0024 -0.4550
99.7083 615.5941 -10.2847 59.4439 0.0127 0.8906 -0.0023 -0.4547
99.8120 615.3244 -10.3011 59.2355 0.0147 0.8909 -0.0034 -0.4540
99.9157 615.0346 -10.3170 59.0284 0.0140 0.8908 -0.0040 -0.4542
100.0193 614.8112 -10.3170 58.8758 0.0137 0.8910 -0.0042 -0.4538
100.1231 614.6058 -10.3306 58.7194 0.0133 0.8913 -0.0039 -0.4533
100.2267 614.4169 -10.3377 58.5559 0.0142 0.8914 -0.0037 -0.4530
100.3305 614.2326 -10.3311 58.4147 0.0145 0.8913 -0.0041 -0.4531
100.4341 614.0578 -10.3334 58.2865 0.0140 0.8915 -0.0055 -0.4529
100.5379 613.8943 -10.3338 58.1927 0.0126 0.8916 -0.0065 -0.4526
100.6415 613.7391 -10.3528 58.0620 0.0140 0.8914 -0.0079 -0.4529
100.7452 613.5569 -10.3625 57.9293 0.0139 0.8914 -0.0076 -0.4529
100.8489 613.3908 -10.3737 57.8106 0.0143 0.8916 -0.0076 -0.4526
100.9526 613.2335 -10.3707 57.6928 0.0141 0.8917 -0.0075 -0.4524
101.0562 613.0396 -10.3736 57.5393 0.0143 0.8914 -0.0081 -0.4530
101.1600 612.8484 -10.3735 57.4219 0.0138 0.8913 -0.0085 -0.4531
101.2636 612.7382 -10.3790 57.2909 0.0132 0.8915 -0.0083 -0.4527
101.3674 612.5721 -10.3792 57.1700 0.0135 0.8916 -0.0081 -0.4525
101.4710 612.3881 -10.3922 57.0603 0.0139 0.8915 -0.0078 -0.4526
101.5747 612.2453 -10.3934 56.9326 0.0146 0.8917 -0.0077 -0.4524
101.6784 612.0794 -10.4029 56.8294 0.0144 0.8916 -0.0079 -0.4525
101.7821 611.9377 -10.4005 56.7521 0.0139 0.8915 -0.0079 -0.4527
101.8859 611.7680 -10.4085 56.5974 0.0139 0.8915 -0.0078 -0.4527
101.9896 611.6401 -10.4142 56.5058 0.0146 0.8916 -0.0080 -0.4525
102.0932 611.5131 -10.4223 56.4075 0.0150 0.8916 -0.0074 -0.4525
102.1970 611.3888 -10.4208 56.3131 0.0150 0.8915 -0.0074 -0.4528
102.3007 611.2391 -10.4247 56.2040 0.0154 0.8915 -0.0078 -0.4526
102.4045 611.1261 -10.4229 56.1073 0.0135 0.8916 -0.0075 -0.4525
102.5083 611.0235 -10.4251 56.0107 0.0126 0.8917 -0.0073 -0.4523
102.6119 610.8867 -10.4311 55.9327 0.0135 0.8917 -0.0080 -0.4524
102.7156 610.7699 -10.4390 55.8661 0.0150 0.8915 -0.0089 -0.4527
102.8194 610.6676 -10.4391 55.7811 0.0157 0.8914 -0.0089 -0.4528
102.9230 610.5659 -10.4293 55.7022 0.0148 0.8914 -0.0076 -0.4528
103.0267 610.4708 -10.4342 55.6135 0.0135 0.8916 -0.0055 -0.4527
103.1305 610.3686 -10.4437 55.5546 0.0120 0.8917 -0.0051 -0.4524
103.2341 610.2217 -10.4536 55.4485 0.0128 0.8915 -0.0067 -0.4528
103.3379 610.1238 -10.4697 55.3677 0.0123 0.8916 -0.0073 -0.4526
103.4415 610.0318 -10.4726 55.3037 0.0129 0.8916 -0.0076 -0.4525
103.5452 609.9314 -10.4637 55.2293 0.0124 0.8917 -0.0074 -0.4525
103.6490 609.7950 -10.4522 55.1148 0.0120 0.8917 -0.0078 -0.4524
103.7526 609.6935 -10.4709 55.0130 0.0111 0.8918 -0.0079 -0.4522
103.8564 609.5784 -10.4801 54.9454 0.0114 0.8919 -0.0099 -0.4519
103.9601 609.3921 -10.4702 54.8259 0.0109 0.8923 -0.0114 -0.4512
104.0637 609.2807 -10.4784 54.7400 0.0108 0.8926 -0.0132 -0.4506
104.1674 609.0797 -10.4871 54.5770 0.0095 0.8931 -0.0134 -0.4495
104.2710 608.8516 -10.4891 54.4162 0.0090 0.8942 -0.0144 -0.4474
104.3746 608.6540 -10.4949 54.2266 0.0093 0.8953 -0.0154 -0.4450
104.4782 608.3620 -10.5076 54.0294 0.0099 0.8967 -0.0164 -0.4422
104.5820 608.1176 -10.5145 53.8262 0.0102 0.8982 -0.0178 -0.4391
104.6857 607.8365 -10.5110 53.5929 0.0090 0.9002 -0.0175 -0.4350
104.7894 607.5441 -10.5360 53.3416 0.0095 0.9022 -0.0183 -0.4308
104.8930 607.2211 -10.5480 53.0687 0.0105 0.9043 -0.0187 -0.4264
104.9967 606.9075 -10.5681 52.7830 0.0123 0.9064 -0.0187 -0.4219
105.1005 606.5747 -10.5939 52.4974 0.0131 0.9085 -0.0173 -0.4173
105.2041 606.2375 -10.6066 52.1375 0.0127 0.9107 -0.0184 -0.4124
105.3077 605.8217 -10.6177 51.8122 0.0112 0.9128 -0.0184 -0.4078
105.4115 605.4439 -10.6269 51.4630 0.0135 0.9148 -0.0170 -0.4033
105.5153 605.0473 -10.6586 51.0728 0.0156 0.9167 -0.0157 -0.3989
105.6189 604.6275 -10.6589 50.6622 0.0170 0.9185 -0.0152 -0.3948
105.7226 604.2202 -10.6699 50.2671 0.0154 0.9199 -0.0127 -0.3916
105.8265 603.8076 -10.6792 49.8240 0.0151 0.9211 -0.0103 -0.3889
105.9302 603.3709 -10.6947 49.3795 0.0128 0.9222 -0.0094 -0.3863
106.0341 602.9447 -10.7096 48.9321 0.0117 0.9225 -0.0085 -0.3858
106.1379 602.4636 -10.7101 48.4410 0.0103 0.9228 -0.0065 -0.3851
106.2417 601.9740 -10.7314 47.9524 0.0103 0.9233 -0.0064 -0.3838
106.3455 601.5043 -10.7258 47.4899 0.0101 0.9237 -0.0062 -0.3830
106.4492 600.9693 -10.7785 46.9343 0.0104 0.9239 -0.0065 -0.3825
106.5530 600.4734 -10.7811 46.3807 0.0070 0.9245 -0.0086 -0.3810
106.6568 599.9425 -10.7851 45.8673 0.0024 0.9247 -0.0099 -0.3805
106.7605 599.4123 -10.8149 45.2699 0.0017 0.9250 -0.0126 -0.3798
106.8642 598.8413 -10.8410 44.7259 0.0038 0.9254 -0.0133 -0.3786
106.9680 598.2930 -10.8677 44.1476 0.0065 0.9256 -0.0125 -0.3783
107.0718 597.7376 -10.8970 43.5619 0.0043 0.9257 -0.0102 -0.3782
107.1755 597.1410 -10.9082 42.9404 0.0056 0.9261 -0.0102 -0.3772
107.2791 596.5556 -10.9080 42.3123 0.0045 0.9266 -0.0096 -0.3759
107.3829 595.9381 -10.9461 41.6908 0.0056 0.9272 -0.0091 -0.3745
107.4865 595.3456 -10.9628 41.0503 0.0060 0.9279 -0.0084 -0.3727
107.5902 594.7132 -10.9971 40.3817 0.0071 0.9289 -0.0087 -0.3702
107.6939 594.0833 -11.0000 39.7205 0.0076 0.9299 -0.0080 -0.3677
107.7976 593.4765 -11.0201 39.0366 0.0093 0.9310 -0.0076 -0.3649
107.9012 592.8311 -11.0447 38.3334 0.0100 0.9318 -0.0079 -0.3627
108.0050 592.2352 -11.0597 37.6691 0.0098 0.9325 -0.0090 -0.3609
108.1087 591.6234 -11.1030 36.9567 0.0096 0.9330 -0.0103 -0.3596
108.2125 591.0202 -11.1391 36.3018 0.0084 0.9333 -0.0113 -0.3589
108.3162 590.4273 -11.1823 35.6011 0.0068 0.9332 -0.0116 -0.3592
108.4200 589.8079 -11.1993 34.9136 0.0058 0.9329 -0.0116 -0.3599
108.5237 589.2054 -11.2236 34.1872 0.0054 0.9325 -0.0120 -0.3610
108.6275 588.5714 -11.2576 33.5044 0.0048 0.9323 -0.0112 -0.3615
108.7312 587.9544 -11.2869 32.8282 0.0060 0.9319 -0.0113 -0.3624
108.8351 587.3388 -11.3308 32.1501 0.0066 0.9314 -0.0111 -0.3639
108.9389 586.6968 -11.3548 31.4605 0.0053 0.9310 -0.0115 -0.3647
109.0426 586.0671 -11.3953 30.7749 0.0056 0.9305 -0.0128 -0.3661
109.1464 585.4436 -11.4090 30.0922 0.0059 0.9301 -0.0129 -0.3670
109.2501 584.8130 -11.4514 29.4285 0.0057 0.9295 -0.0129 -0.3685
109.3539 584.1734 -11.4822 28.7386 0.0052 0.9290 -0.0128 -0.3699
109.4576 583.5144 -11.5293 28.0485 0.0054 0.9284 -0.0134 -0.3714
109.5612 582.8611 -11.5614 27.3631 0.0057 0.9281 -0.0142 -0.3721
109.6650 582.2147 -11.5971 26.6972 0.0056 0.9277 -0.0153 -0.3729
109.7687 581.5491 -11.6436 25.9863 0.0059 0.9275 -0.0151 -0.3735
109.8724 580.9018 -11.6822 25.2961 0.0057 0.9273 -0.0148 -0.3740
109.9761 580.2541 -11.7174 24.5960 0.0058 0.9272 -0.0144 -0.3743
110.0797 579.5631 -11.7632 23.9054 0.0055 0.9272 -0.0146 -0.3742
110.1835 578.8986 -11.8050 23.1982 0.0052 0.9273 -0.0149 -0.3739
110.2872 578.2485 -11.8337 22.5068 0.0048 0.9275 -0.0152 -0.3736
110.3909 577.5535 -11.8798 21.7758 0.0049 0.9276 -0.0150 -0.3731
110.4946 576.9070 -11.9300 21.0868 0.0048 0.9280 -0.0149 -0.3723
110.5982 576.2289 -11.9444 20.3581 0.0037 0.9282 -0.0157 -0.3718
110.7020 575.5797 -12.0153 19.6479 0.0027 0.9286 -0.0171 -0.3706
110.8056 574.9081 -12.0567 18.9494 0.0029 0.9290 -0.0175 -0.3697
110.9092 574.2459 -12.1116 18.2222 0.0032 0.9294 -0.0165 -0.3686
111.0129 573.5735 -12.1365 17.4913 0.0040 0.9297 -0.0151 -0.3679
111.1166 572.9259 -12.1713 16.7800 0.0038 0.9302 -0.0140 -0.3667
111.2202 572.2713 -12.2309 16.1092 0.0048 0.9307 -0.0143 -0.3654
111.3240 571.6295 -12.2817 15.3892 0.0039 0.9311 -0.0143 -0.3646
111.4276 570.9789 -12.3252 14.6735 0.0041 0.9315 -0.0146 -0.3636
111.5314 570.3446 -12.3655 13.9619 0.0064 0.9319 -0.0161 -0.3624
111.6350 569.7249 -12.4050 13.2840 0.0043 0.9322 -0.0165 -0.3617
111.7387 569.1064 -12.4644 12.5844 0.0041 0.9325 -0.0177 -0.3607
111.8424 568.4727 -12.4954 11.8765 0.0027 0.9329 -0.0170 -0.3596
111.9461 567.8505 -12.5483 11.1831 0.0031 0.9332 -0.0145 -0.3589
112.0497 567.2426 -12.5687 10.4976 0.0044 0.9335 -0.0131 -0.3583
112.1535 566.6226 -12.6248 9.7608 0.0028 0.9334 -0.0129 -0.3587
112.2571 566.0270 -12.6678 9.0973 0.0003 0.9334 -0.0132 -0.3587
112.3609 565.4136 -12.7276 8.4109 -0.0004 0.9330 -0.0144 -0.3595
112.4646 564.8189 -12.7650 7.7397 0.0020 0.9325 -0.0159 -0.3607
112.5682 564.2125 -12.7919 7.0854 0.0033 0.9321 -0.0162 -0.3618
112.6720 563.5682 -12.8409 6.4136 0.0045 0.9316 -0.0169 -0.3631
112.7756 562.9694 -12.8813 5.7488 0.0053 0.9312 -0.0177 -0.3641
112.8794 562.3554 -12.9313 5.0913 0.0059 0.9308 -0.0179 -0.3650
112.9830 561.7601 -12.9773 4.4410 0.0056 0.9305 -0.0185 -0.3658
113.0867 561.2375 -13.0138 3.8446 0.0042 0.9299 -0.0202 -0.3672
113.1905 560.6724 -13.0754 3.2244 0.0007 0.9295 -0.0233 -0.3680
113.2941 560.1416 -13.1494 2.6617 -0.0014 0.9291 -0.0256 -0.3690
113.3978 559.5938 -13.2004 2.0357 -0.0014 0.9288 -0.0264 -0.3698
113.5015 559.0300 -13.2557 1.4565 -0.0015 0.9284 -0.0255 -0.3706
113.6052 558.5229 -13.2932 0.9204 0.0017 0.9283 -0.0250 -0.3709
113.7090 558.0384 -13.3654 0.3964 0.0021 0.9282 -0.0249 -0.3711
113.8126 557.5795 -13.3856 -0.0880 0.0034 0.9281 -0.0264 -0.3715
113.9164 557.0914 -13.4667 -0.5748 0.0032 0.9281 -0.0290 -0.3713
114.0201 556.7001 -13.5127 -1.0165 0.0027 0.9280 -0.0303 -0.3713
114.1239 556.2632 -13.5509 -1.4434 0.0029 0.9281 -0.0304 -0.3711
114.2276 555.8764 -13.6014 -1.8843 0.0026 0.9281 -0.0297 -0.3712
114.3314 555.4553 -13.6564 -2.3205 0.0023 0.9282 -0.0290 -0.3708
114.4350 555.1093 -13.6833 -2.6981 0.0022 0.9282 -0.0300 -0.3710
114.5387 554.7784 -13.7310 -3.0690 0.0003 0.9280 -0.0315 -0.3713
114.6425 554.4327 -13.7699 -3.4339 -0.0031 0.9280 -0.0312 -0.3714
114.7463 554.1085 -13.8064 -3.8148 -0.0018 0.9280 -0.0312 -0.3713
114.8500 553.7539 -13.8395 -4.1730 -0.0006 0.9281 -0.0311 -0.3711
114.9538 553.4156 -13.8844 -4.5112 -0.0004 0.9280 -0.0295 -0.3714
115.0574 553.1227 -13.9161 -4.8552 -0.0027 0.9279 -0.0286 -0.3718
115.1611 552.8166 -13.9557 -5.1936 -0.0031 0.9277 -0.0284 -0.3723
115.2649 552.5107 -13.9890 -5.5187 -0.0032 0.9276 -0.0285 -0.3724
115.3686 552.2081 -14.0295 -5.8250 -0.0013 0.9275 -0.0292 -0.3727
115.4724 551.9083 -14.0642 -6.1397 -0.0008 0.9274 -0.0295 -0.3730
115.5761 551.6218 -14.0943 -6.4131 -0.0003 0.9274 -0.0298 -0.3729
115.6797 551.3416 -14.1199 -6.7188 -0.0002 0.9274 -0.0299 -0.3729
115.7835 551.0788 -14.1482 -6.9910 -0.0000 0.9274 -0.0304 -0.3728
115.8871 550.8350 -14.1819 -7.2498 0.0020 0.9275 -0.0314 -0.3726
115.9909 550.5467 -14.2146 -7.5572 0.0021 0.9275 -0.0319 -0.3725
116.0946 550.3075 -14.2496 -7.8024 -0.0000 0.9276 -0.0323 -0.3723
116.1983 550.0860 -14.2689 -8.0328 -0.0004 0.9277 -0.0340 -0.3718
116.3020 549.8721 -14.2978 -8.2543 0.0010 0.9280 -0.0358 -0.3709
116.4056 549.6284 -14.3346 -8.4791 0.0030 0.9282 -0.0375 -0.3702
116.5094 549.4377 -14.3605 -8.6895 0.0033 0.9288 -0.0379 -0.3686
116.6133 549.2547 -14.3785 -8.9289 0.0029 0.9293 -0.0387 -0.3672
116.7167 549.0361 -14.3922 -9.1550 0.0009 0.9298 -0.0386 -0.3661
116.8205 548.8827 -14.4315 -9.3469 0.0001 0.9303 -0.0387 -0.3648
116.9242 548.7090 -14.4493 -9.5088 -0.0005 0.9309 -0.0382 -0.3633
117.0280 548.5536 -14.4719 -9.6985 -0.0004 0.9313 -0.0380 -0.3622
117.1316 548.4043 -14.4817 -9.8591 -0.0007 0.9317 -0.0385 -0.3613
117.2354 548.2880 -14.5180 -10.0268 -0.0004 0.9320 -0.0384 -0.3603
117.3391 548.1236 -14.5341 -10.1602 -0.0003 0.9324 -0.0387 -0.3594
117.4429 548.0193 -14.5517 -10.2804 -0.0007 0.9324 -0.0397 -0.3592
117.5467 547.9168 -14.5693 -10.4057 -0.0014 0.9324 -0.0408 -0.3592
117.6504 547.7952 -14.5905 -10.5548 -0.0019 0.9322 -0.0414 -0.3596
117.7540 547.6887 -14.5954 -10.6679 -0.0019 0.9320 -0.0416 -0.3601
117.8577 547.6008 -14.6086 -10.7776 -0.0020 0.9319 -0.0422 -0.3603
117.9615 547.5282 -14.6168 -10.8270 -0.0022 0.9321 -0.0427 -0.3598
118.0651 547.4417 -14.6338 -10.9271 -0.0024 0.9322 -0.0430 -0.3593
118.1689 547.3649 -14.6428 -11.0318 -0.0024 0.9322 -0.0431 -0.3592
118.2725 547.2907 -14.6576 -11.1232 -0.0024 0.9323 -0.0433 -0.3592
118.3763 547.2225 -14.6709 -11.1814 -0.0030 0.9325 -0.0436 -0.3586
118.4799 547.1536 -14.6822 -11.2553 -0.0036 0.9325 -0.0439 -0.3585
118.5836 547.0945 -14.6923 -11.3281 -0.0035 0.9325 -0.0440 -0.3585
118.6872 547.0299 -14.7072 -11.4125 -0.0035 0.9325 -0.0442 -0.3585
118.7910 546.9692 -14.7091 -11.4525 -0.0035 0.9326 -0.0441 -0.3583
118.8948 546.9329 -14.7116 -11.4989 -0.0037 0.9327 -0.0444 -0.3578
118.9985 546.9187 -14.7277 -11.5564 -0.0039 0.9328 -0.0447 -0.3576
119.1021 546.8685 -14.7356 -11.5864 -0.0038 0.9329 -0.0447 -0.3574
119.2059 546.8162 -14.7422 -11.6579 -0.0040 0.9328 -0.0450 -0.3574
119.3096 546.7536 -14.7531 -11.7172 -0.0039 0.9328 -0.0450 -0.3575
119.4132 546.7410 -14.7474 -11.7264 -0.0043 0.9330 -0.0454 -0.3570
119.5170 546.7194 -14.7621 -11.7497 -0.0042 0.9330 -0.0455 -0.3569
119.6207 546.6719 -14.7513 -11.7964 -0.0045 0.9330 -0.0457 -0.3568
119.7244 546.6171 -14.7599 -11.8351 -0.0045 0.9331 -0.0459 -0.3567
119.8281 546.6264 -14.7585 -11.8622 -0.0044 0.9331 -0.0460 -0.3567
119.9319 546.6033 -14.7686 -11.8728 -0.0044 0.9331 -0.0461 -0.3565
120.0355 546.5842 -14.7712 -11.9011 -0.0045 0.9332 -0.0460 -0.3564
120.1392 546.5548 -14.7779 -11.9375 -0.0044 0.9331 -0.0460 -0.3567
120.2429 546.5630 -14.7762 -11.9100 -0.0047 0.9332 -0.0463 -0.3564
120.3466 546.5383 -14.7655 -11.9530 -0.0051 0.9331 -0.0463 -0.3565
120.4502 546.5363 -14.7778 -11.9198 -0.0050 0.9333 -0.0464 -0.3559
120.5540 546.5132 -14.7805 -11.9715 -0.0052 0.9332 -0.0467 -0.3564
120.6576 546.5176 -14.7924 -12.0079 -0.0052 0.9332 -0.0469 -0.3564
120.7614 546.5191 -14.7763 -11.9835 -0.0055 0.9333 -0.0470 -0.3560
120.8650 546.4872 -14.7866 -11.9990 -0.0056 0.9332 -0.0473 -0.3562
120.9686 546.4685 -14.7894 -12.0231 -0.0056 0.9332 -0.0475 -0.3562
121.0724 546.4695 -14.7898 -12.0469 -0.0056 0.9331 -0.0474 -0.3563
121.1760 546.4646 -14.7886 -12.0679 -0.0056 0.9332 -0.0473 -0.3562
121.2797 546.4344 -14.7876 -12.0665 -0.0056 0.9333 -0.0470 -0.3559
121.3834 546.4134 -14.8022 -12.1077 -0.0055 0.9333 -0.0471 -0.3559
121.4871 546.3827 -14.8000 -12.1298 -0.0054 0.9333 -0.0470 -0.3559
121.5909 546.3339 -14.8101 -12.1784 -0.0056 0.9333 -0.0471 -0.3560
121.6945 546.3298 -14.8087 -12.1568 -0.0054 0.9334 -0.0467 -0.3557
121.7982 546.2992 -14.8110 -12.2236 -0.0054 0.9332 -0.0466 -0.3562
121.9020 546.2728 -14.8324 -12.2846 -0.0055 0.9332 -0.0469 -0.3563
122.0056 546.2224 -14.8327 -12.3260 -0.0054 0.9332 -0.0468 -0.3561
122.1094 546.1859 -14.8439 -12.3579 -0.0055 0.9333 -0.0468 -0.3559
122.2131 546.1587 -14.8404 -12.3992 -0.0055 0.9335 -0.0469 -0.3556
122.3168 546.1174 -14.8482 -12.4498 -0.0054 0.9334 -0.0469 -0.3556
122.4205 546.0461 -14.8636 -12.5228 -0.0056 0.9334 -0.0470 -0.3557
122.5243 545.9853 -14.8616 -12.5905 -0.0056 0.9335 -0.0472 -0.3555
122.6280 545.9364 -14.8702 -12.6659 -0.0054 0.9335 -0.0470 -0.3555
122.7316 545.8464 -14.8941 -12.7534 -0.0056 0.9334 -0.0472 -0.3558
122.8352 545.7777 -14.9102 -12.8231 -0.0056 0.9334 -0.0473 -0.3555
122.9390 545.7105 -14.9133 -12.9008 -0.0055 0.9334 -0.0468 -0.3557
123.0426 545.6426 -14.9287 -12.9914 -0.0054 0.9335 -0.0466 -0.3554
123.1462 545.5693 -14.9472 -13.0856 -0.0057 0.9334 -0.0470 -0.3557
123.2500 545.5009 -14.9549 -13.1261 -0.0055 0.9333 -0.0473 -0.3558
123.3536 545.4285 -14.9646 -13.2163 -0.0054 0.9335 -0.0472 -0.3555
123.4574 545.3551 -14.9639 -13.3040 -0.0045 0.9335 -0.0472 -0.3555
123.5610 545.2473 -14.9838 -13.3881 -0.0031 0.9334 -0.0478 -0.3556
123.6648 545.1868 -15.0011 -13.4498 -0.0021 0.9333 -0.0476 -0.3559
123.7685 545.0994 -15.0123 -13.5555 -0.0016 0.9334 -0.0473 -0.3556
123.8721 545.0207 -15.0302 -13.6609 -0.0020 0.9333 -0.0474 -0.3558
123.9759 544.9727 -15.0394 -13.7065 -0.0020 0.9335 -0.0470 -0.3555
124.0796 544.9089 -15.0512 -13.7983 -0.0018 0.9333 -0.0471 -0.3559
124.1832 544.8666 -15.0551 -13.8232 -0.0018 0.9336 -0.0470 -0.3552
124.2870 544.8202 -15.0718 -13.8860 -0.0017 0.9337 -0.0469 -0.3550
124.3906 544.7626 -15.0677 -13.9475 -0.0014 0.9337 -0.0465 -0.3549
124.4944 544.6968 -15.0847 -14.0456 -0.0014 0.9336 -0.0465 -0.3552
