0.0000 -0.0000 0.0000 0.0000 0.0000 -0.0000 -0.0000 1.0000
0.1039 -0.0334 -0.0127 0.0217 0.0002 0.0070 -0.0003 1.0000
0.2077 0.0718 0.0037 0.3018 0.0004 0.0189 -0.0023 0.9998
0.3119 0.0503 0.0031 0.4177 -0.0004 0.0314 -0.0027 0.9995
0.4159 0.1091 -0.0006 0.5903 -0.0014 0.0482 -0.0027 0.9988
0.5200 0.1972 0.0053 0.7847 -0.0025 0.0676 -0.0011 0.9977
0.6241 0.2473 -0.0065 0.9652 -0.0028 0.0872 0.0006 0.9962
0.7282 0.3459 -0.0055 1.1744 -0.0033 0.1094 0.0005 0.9940
0.8325 0.4348 0.0093 1.3820 -0.0048 0.1336 0.0002 0.9910
0.9366 0.5588 0.0206 1.6488 -0.0080 0.1583 0.0016 0.9874
1.0408 0.6983 -0.0017 1.8451 -0.0115 0.1831 0.0056 0.9830
1.1449 0.8560 -0.0045 2.0536 -0.0134 0.2095 0.0079 0.9777
1.2490 1.0503 0.0018 2.3048 -0.0152 0.2375 0.0080 0.9712
1.3531 1.2075 0.0228 2.5320 -0.0174 0.2657 0.0082 0.9639
1.4571 1.4612 0.0220 2.7717 -0.0192 0.2946 0.0098 0.9554
1.5611 1.6750 0.0253 2.9575 -0.0202 0.3232 0.0121 0.9460
1.6651 1.9359 0.0341 3.1633 -0.0211 0.3510 0.0137 0.9360
1.7690 2.2400 0.0440 3.4093 -0.0209 0.3784 0.0150 0.9253
1.8729 2.5312 0.0570 3.5977 -0.0212 0.4051 0.0155 0.9139
1.9768 2.8715 0.0826 3.8238 -0.0226 0.4305 0.0147 0.9022
2.0805 3.2044 0.0978 4.0365 -0.0234 0.4541 0.0143 0.8905
2.1841 3.5889 0.1179 4.2546 -0.0240 0.4759 0.0141 0.8790
2.2879 4.0260 0.1305 4.4366 -0.0248 0.4959 0.0148 0.8679
2.3915 4.4291 0.1522 4.6342 -0.0253 0.5143 0.0140 0.8571
2.4951 4.8990 0.1803 4.8345 -0.0246 0.5314 0.0137 0.8466
2.5988 5.4036 0.1942 5.0105 -0.0228 0.5472 0.0137 0.8366
2.7023 5.9018 0.2157 5.1945 -0.0207 0.5606 0.0141 0.8277
2.8059 6.4443 0.2405 5.3633 -0.0190 0.5717 0.0139 0.8201
2.9094 7.0173 0.2678 5.5462 -0.0180 0.5806 0.0142 0.8139
3.0129 7.6027 0.2955 5.7419 -0.0175 0.5872 0.0148 0.8091
3.1165 8.2137 0.3097 5.9102 -0.0176 0.5919 0.0158 0.8057
3.2201 8.8572 0.3419 6.1028 -0.0188 0.5965 0.0160 0.8022
3.3237 9.5188 0.3687 6.2839 -0.0201 0.6006 0.0160 0.7991
3.4274 10.2140 0.4031 6.4958 -0.0209 0.6054 0.0164 0.7955
3.5310 10.9329 0.4233 6.6630 -0.0219 0.6092 0.0167 0.7925
3.6348 11.6847 0.4575 6.8419 -0.0225 0.6136 0.0173 0.7891
3.7384 12.4150 0.4865 7.0290 -0.0231 0.6180 0.0176 0.7856
3.8421 13.1593 0.5196 7.2230 -0.0246 0.6222 0.0183 0.7823
3.9458 13.9452 0.5664 7.3754 -0.0267 0.6265 0.0188 0.7787
4.0495 14.7354 0.6037 7.5467 -0.0278 0.6315 0.0201 0.7746
4.1532 15.5397 0.6484 7.6963 -0.0290 0.6364 0.0207 0.7706
4.2570 16.3431 0.6766 7.8337 -0.0296 0.6420 0.0206 0.7659
4.3608 17.1267 0.7169 7.9760 -0.0295 0.6474 0.0201 0.7613
4.4645 17.9264 0.7585 8.1042 -0.0290 0.6543 0.0198 0.7554
4.5684 18.7703 0.7918 8.2051 -0.0290 0.6616 0.0186 0.7490
4.6723 19.5569 0.8366 8.2876 -0.0299 0.6713 0.0169 0.7404
4.7761 20.4195 0.8752 8.3417 -0.0305 0.6820 0.0156 0.7305
4.8801 21.2658 0.9159 8.3525 -0.0312 0.6943 0.0145 0.7189
4.9841 22.1015 0.9466 8.3669 -0.0308 0.7064 0.0141 0.7070
5.0881 22.9397 0.9761 8.3266 -0.0305 0.7183 0.0136 0.6950
5.1920 23.7607 1.0092 8.2584 -0.0301 0.7297 0.0123 0.6830
5.2959 24.5895 1.0444 8.1516 -0.0292 0.7405 0.0106 0.6713
5.3998 25.4406 1.0701 8.0461 -0.0265 0.7514 0.0103 0.6592
5.5036 26.2763 1.0897 7.8666 -0.0229 0.7617 0.0098 0.6474
5.6074 27.1396 1.1015 7.7223 -0.0189 0.7723 0.0097 0.6349
5.7113 27.9426 1.1151 7.4872 -0.0146 0.7813 0.0105 0.6238
5.8150 28.7058 1.1349 7.3031 -0.0099 0.7906 0.0113 0.6122
5.9188 29.5783 1.1270 7.0203 -0.0047 0.7986 0.0096 0.6018
6.0224 30.3204 1.1201 6.7461 0.0014 0.8068 0.0055 0.5908
6.1261 31.0691 1.0991 6.4601 0.0071 0.8148 -0.0011 0.5798
6.2298 31.9144 1.0651 6.1686 0.0111 0.8219 -0.0082 0.5694
6.3335 32.6156 1.0248 5.8419 0.0153 0.8296 -0.0112 0.5580
6.4371 33.4070 0.9814 5.5102 0.0177 0.8367 -0.0123 0.5473
6.5409 34.1544 0.9320 5.1241 0.0180 0.8432 -0.0111 0.5372
6.6445 34.9170 0.8915 4.7477 0.0181 0.8491 -0.0077 0.5278
6.7483 35.6080 0.8603 4.3597 0.0198 0.8548 -0.0036 0.5186
6.8519 36.3447 0.8110 3.9792 0.0210 0.8589 -0.0022 0.5116
6.9555 37.0394 0.7580 3.5932 0.0226 0.8620 -0.0026 0.5064
7.0590 37.7361 0.7097 3.1781 0.0238 0.8648 -0.0034 0.5016
7.1628 38.4178 0.6647 2.7790 0.0217 0.8678 -0.0059 0.4965
7.2664 39.1115 0.6427 2.3939 0.0208 0.8713 -0.0062 0.4903
7.3701 39.7601 0.6046 1.9691 0.0219 0.8738 -0.0059 0.4858
7.4738 40.4624 0.5523 1.5089 0.0237 0.8760 -0.0055 0.4818
7.5774 41.1658 0.5203 1.0549 0.0248 0.8767 -0.0067 0.4803
7.6810 41.8793 0.4693 0.6243 0.0250 0.8768 -0.0081 0.4801
7.7847 42.5946 0.4329 0.1612 0.0260 0.8758 -0.0071 0.4819
7.8883 43.3277 0.3862 -0.3095 0.0252 0.8741 -0.0073 0.4851
7.9919 44.0623 0.3425 -0.7365 0.0242 0.8722 -0.0077 0.4884
8.0956 44.8719 0.3015 -1.1985 0.0238 0.8702 -0.0083 0.4921
8.1994 45.6605 0.2499 -1.6670 0.0225 0.8685 -0.0090 0.4950
8.3031 46.4647 0.1999 -2.1378 0.0206 0.8671 -0.0100 0.4976
8.4070 47.3087 0.1571 -2.6179 0.0184 0.8667 -0.0109 0.4984
8.5108 48.1582 0.1106 -3.0670 0.0171 0.8670 -0.0110 0.4979
8.6146 49.0283 0.0597 -3.5736 0.0163 0.8672 -0.0112 0.4977
8.7184 49.8762 0.0163 -4.0730 0.0163 0.8673 -0.0110 0.4974
8.8221 50.7558 -0.0320 -4.5627 0.0160 0.8673 -0.0106 0.4974
8.9259 51.6480 -0.0809 -5.0802 0.0160 0.8675 -0.0101 0.4971
9.0296 52.5143 -0.1342 -5.6188 0.0156 0.8675 -0.0101 0.4972
9.1335 53.3934 -0.1834 -6.1310 0.0148 0.8674 -0.0103 0.4974
9.2373 54.3042 -0.2408 -6.6426 0.0145 0.8674 -0.0102 0.4974
9.3410 55.2028 -0.2899 -7.1552 0.0139 0.8672 -0.0104 0.4977
9.4448 56.1085 -0.3525 -7.6482 0.0133 0.8670 -0.0099 0.4981
9.5485 56.9999 -0.3995 -8.1971 0.0129 0.8664 -0.0087 0.4992
9.6522 57.8838 -0.4544 -8.6829 0.0127 0.8657 -0.0076 0.5003
9.7559 58.7601 -0.5090 -9.1735 0.0123 0.8652 -0.0074 0.5011
9.8596 59.6671 -0.5572 -9.7150 0.0126 0.8644 -0.0073 0.5026
9.9635 60.5462 -0.6044 -10.2125 0.0128 0.8640 -0.0075 0.5033
10.0673 61.4335 -0.6642 -10.6610 0.0128 0.8645 -0.0085 0.5023
10.1711 62.2970 -0.7104 -11.1708 0.0130 0.8650 -0.0101 0.5014
10.2750 63.2041 -0.7583 -11.6819 0.0129 0.8660 -0.0109 0.4997
10.3789 64.0650 -0.8099 -12.1712 0.0124 0.8678 -0.0104 0.4966
10.4828 64.9401 -0.8761 -12.6987 0.0125 0.8692 -0.0079 0.4942
10.5865 65.7970 -0.9167 -13.2221 0.0112 0.8708 -0.0084 0.4915
10.6904 66.6380 -0.9700 -13.7549 0.0123 0.8720 -0.0088 0.4892
10.7941 67.4517 -1.0063 -14.2356 0.0131 0.8737 -0.0099 0.4863
10.8980 68.3173 -1.0652 -14.7719 0.0127 0.8751 -0.0108 0.4836
11.0017 69.1570 -1.1237 -15.2727 0.0126 0.8764 -0.0115 0.4813
11.1054 69.9352 -1.1732 -15.7862 0.0123 0.8771 -0.0110 0.4800
11.2091 70.7740 -1.2263 -16.3458 0.0109 0.8780 -0.0071 0.4786
11.3129 71.6048 -1.2641 -16.8605 0.0087 0.8784 -0.0024 0.4779
11.4166 72.4265 -1.2899 -17.3978 0.0081 0.8789 -0.0008 0.4769
11.5204 73.2246 -1.3289 -17.8893 0.0095 0.8794 -0.0035 0.4760
11.6240 74.0139 -1.3867 -18.4332 0.0109 0.8799 -0.0063 0.4750
11.7278 74.8076 -1.4169 -18.9714 0.0142 0.8799 -0.0055 0.4750
11.8315 75.6104 -1.4603 -19.4713 0.0152 0.8799 -0.0042 0.4749
11.9353 76.4126 -1.4954 -20.0139 0.0146 0.8797 -0.0028 0.4752
12.0389 77.2097 -1.5191 -20.5321 0.0128 0.8796 -0.0010 0.4756
12.1426 77.9906 -1.5674 -21.0439 0.0102 0.8793 0.0009 0.4761
12.2464 78.8182 -1.5889 -21.5410 0.0063 0.8793 -0.0002 0.4763
12.3501 79.6283 -1.6103 -22.0313 0.0024 0.8790 -0.0017 0.4769
12.4539 80.3966 -1.6420 -22.5335 0.0034 0.8785 -0.0007 0.4777
12.5576 81.1679 -1.6645 -23.0457 0.0063 0.8775 0.0005 0.4796
12.6614 81.9573 -1.6821 -23.5319 0.0074 0.8758 -0.0004 0.4825
12.7651 82.7579 -1.7194 -24.0324 0.0092 0.8738 0.0011 0.4861
12.8688 83.5559 -1.7587 -24.5321 0.0121 0.8715 0.0032 0.4902
12.9724 84.3420 -1.7783 -24.9875 0.0116 0.8687 0.0029 0.4952
13.0762 85.1897 -1.7895 -25.4500 0.0101 0.8654 0.0023 0.5010
13.1799 85.9809 -1.8175 -25.8963 0.0099 0.8619 0.0045 0.5069
13.2837 86.7806 -1.8432 -26.2981 0.0091 0.8586 0.0045 0.5125
13.3874 87.5919 -1.8553 -26.7128 0.0084 0.8555 0.0049 0.5177
13.4911 88.4223 -1.8845 -27.1165 0.0104 0.8519 0.0057 0.5235
13.5949 89.2477 -1.9182 -27.5332 0.0111 0.8482 0.0038 0.5296
13.6988 90.0888 -1.9425 -27.9048 0.0139 0.8449 0.0003 0.5348
13.8025 90.9135 -1.9741 -28.2996 0.0153 0.8411 -0.0018 0.5407
13.9063 91.7685 -2.0091 -28.6763 0.0127 0.8376 -0.0019 0.5461
14.0100 92.6251 -2.0618 -29.0178 0.0122 0.8340 -0.0002 0.5516
14.1138 93.4773 -2.0820 -29.3496 0.0119 0.8312 -0.0016 0.5559
14.2176 94.3174 -2.1174 -29.6592 0.0122 0.8291 -0.0051 0.5590
14.3215 95.1576 -2.1364 -29.9845 0.0122 0.8274 -0.0099 0.5614
14.4254 95.9767 -2.1918 -30.3101 0.0122 0.8265 -0.0116 0.5627
14.5293 96.8074 -2.2239 -30.6301 0.0120 0.8257 -0.0124 0.5639
14.6331 97.6614 -2.2766 -30.9556 0.0125 0.8243 -0.0121 0.5659
14.7369 98.4935 -2.3218 -31.2745 0.0124 0.8222 -0.0103 0.5690
14.8408 99.3581 -2.3729 -31.5990 0.0096 0.8207 -0.0094 0.5713
14.9445 100.2396 -2.4215 -31.9001 0.0080 0.8189 -0.0090 0.5738
15.0483 101.0812 -2.4623 -32.1938 0.0062 0.8171 -0.0107 0.5763
15.1520 101.8824 -2.4925 -32.4271 0.0036 0.8155 -0.0145 0.5786
15.2558 102.7673 -2.5364 -32.6939 0.0059 0.8135 -0.0145 0.5814
15.3595 103.6416 -2.5846 -32.9772 0.0079 0.8113 -0.0152 0.5844
15.4633 104.5001 -2.6221 -33.2666 0.0068 0.8091 -0.0149 0.5874
15.5671 105.3542 -2.6801 -33.5463 0.0048 0.8070 -0.0137 0.5904
15.6709 106.2073 -2.7162 -33.7778 0.0045 0.8047 -0.0123 0.5935
15.7746 107.0750 -2.7515 -34.0326 0.0053 0.8029 -0.0134 0.5960
15.8784 107.8997 -2.8125 -34.2743 0.0051 0.8007 -0.0154 0.5989
15.9822 108.7776 -2.8623 -34.5208 0.0043 0.7988 -0.0170 0.6014
16.0861 109.6108 -2.8833 -34.7770 0.0045 0.7965 -0.0160 0.6044
16.1898 110.4860 -2.9261 -34.9865 0.0063 0.7938 -0.0143 0.6079
16.2935 111.3441 -2.9731 -35.2087 0.0081 0.7916 -0.0127 0.6108
16.3973 112.2335 -3.0124 -35.4209 0.0089 0.7894 -0.0120 0.6137
16.5010 113.0944 -3.0576 -35.6121 0.0066 0.7875 -0.0145 0.6161
16.6048 113.9647 -3.1097 -35.8266 0.0034 0.7855 -0.0159 0.6186
16.7086 114.8642 -3.1566 -36.0403 0.0054 0.7841 -0.0144 0.6205
16.8124 115.7450 -3.2004 -36.2262 0.0060 0.7826 -0.0137 0.6223
16.9162 116.5322 -3.2458 -36.4234 0.0062 0.7816 -0.0144 0.6236
17.0200 117.4160 -3.2745 -36.6202 0.0081 0.7796 -0.0116 0.6262
17.1238 118.3001 -3.3346 -36.8034 0.0091 0.7777 -0.0086 0.6285
17.2275 119.1847 -3.3721 -36.9855 0.0102 0.7763 -0.0072 0.6302
17.3314 120.0346 -3.3977 -37.1661 0.0108 0.7748 -0.0079 0.6321
17.4351 120.8911 -3.4422 -37.3336 0.0094 0.7738 -0.0098 0.6333
17.5390 121.7737 -3.4751 -37.4826 0.0091 0.7734 -0.0108 0.6338
17.6429 122.6081 -3.5279 -37.6346 0.0082 0.7732 -0.0101 0.6341
17.7466 123.5329 -3.5521 -37.8054 0.0083 0.7728 -0.0071 0.6346
17.8505 124.4021 -3.5911 -37.9718 0.0057 0.7722 -0.0061 0.6353
17.9543 125.2754 -3.6283 -38.1373 0.0056 0.7719 -0.0044 0.6357
18.0581 126.1205 -3.6544 -38.3053 0.0063 0.7719 -0.0073 0.6357
18.1619 126.9646 -3.7104 -38.4774 0.0074 0.7717 -0.0086 0.6358
18.2658 127.7887 -3.7438 -38.6196 0.0069 0.7716 -0.0089 0.6360
18.3696 128.6441 -3.7715 -38.7797 0.0058 0.7719 -0.0090 0.6356
18.4734 129.5126 -3.7991 -38.9590 0.0073 0.7713 -0.0077 0.6364
18.5772 130.3972 -3.8636 -39.1059 0.0079 0.7711 -0.0095 0.6366
18.6810 131.1995 -3.9055 -39.2504 0.0059 0.7708 -0.0129 0.6369
18.7849 132.0447 -3.9297 -39.4023 0.0048 0.7706 -0.0151 0.6371
18.8885 132.8805 -3.9720 -39.5381 0.0058 0.7710 -0.0160 0.6366
18.9924 133.7031 -4.0206 -39.6867 0.0072 0.7707 -0.0156 0.6370
19.0960 134.5386 -4.0663 -39.8464 0.0074 0.7700 -0.0158 0.6378
19.1999 135.3410 -4.0980 -40.0121 0.0091 0.7692 -0.0138 0.6388
19.3035 136.1657 -4.1532 -40.1579 0.0097 0.7683 -0.0104 0.6399
19.4074 136.9956 -4.1758 -40.3069 0.0093 0.7676 -0.0074 0.6408
19.5112 137.8672 -4.2181 -40.4532 0.0108 0.7664 -0.0057 0.6422
19.6148 138.6205 -4.2652 -40.5935 0.0106 0.7650 -0.0086 0.6439
19.7184 139.4588 -4.3065 -40.7230 0.0142 0.7630 -0.0076 0.6463
19.8221 140.1514 -4.3427 -40.8164 0.0151 0.7605 -0.0069 0.6491
19.9257 140.9331 -4.3610 -40.9694 0.0141 0.7575 -0.0048 0.6526
20.0294 141.7775 -4.4244 -41.0598 0.0146 0.7534 -0.0036 0.6574
20.1329 142.5071 -4.4607 -41.1417 0.0157 0.7490 -0.0038 0.6623
20.2366 143.2591 -4.4898 -41.2186 0.0176 0.7443 -0.0031 0.6677
20.3404 144.0167 -4.5250 -41.3031 0.0165 0.7396 -0.0034 0.6729
20.4440 144.8306 -4.5705 -41.3605 0.0196 0.7351 -0.0021 0.6776
20.5478 145.6678 -4.6288 -41.4186 0.0205 0.7303 -0.0049 0.6828
20.6515 146.3684 -4.6598 -41.4364 0.0206 0.7261 -0.0112 0.6872
20.7553 147.1732 -4.7102 -41.4332 0.0210 0.7212 -0.0176 0.6922
20.8591 147.9261 -4.7566 -41.4300 0.0221 0.7164 -0.0174 0.6971
20.9629 148.7160 -4.8183 -41.4418 0.0201 0.7118 -0.0164 0.7019
21.0668 149.4635 -4.8627 -41.4117 0.0191 0.7083 -0.0156 0.7054
21.1706 150.2053 -4.9406 -41.4220 0.0175 0.7052 -0.0212 0.7084
21.2745 150.9597 -4.9813 -41.3879 0.0205 0.7027 -0.0245 0.7107
21.3785 151.6649 -5.0373 -41.3568 0.0192 0.7015 -0.0279 0.7118
21.4825 152.4747 -5.0986 -41.3507 0.0176 0.7012 -0.0257 0.7123
21.5864 153.2676 -5.1829 -41.3273 0.0160 0.7019 -0.0244 0.7117
21.6904 154.0037 -5.2298 -41.3184 0.0174 0.7028 -0.0213 0.7108
21.7943 154.6841 -5.2670 -41.3027 0.0175 0.7041 -0.0209 0.7096
21.8983 155.4018 -5.3300 -41.3140 0.0167 0.7057 -0.0219 0.7079
22.0022 156.2437 -5.3872 -41.3062 0.0168 0.7070 -0.0208 0.7068
22.1061 157.0140 -5.4399 -41.3066 0.0170 0.7086 -0.0206 0.7051
22.2101 157.7552 -5.4844 -41.3101 0.0155 0.7106 -0.0214 0.7031
22.3139 158.4682 -5.5285 -41.3200 0.0164 0.7134 -0.0186 0.7003
22.4178 159.1968 -5.5862 -41.3365 0.0158 0.7146 -0.0191 0.6991
22.5215 159.8783 -5.6265 -41.3405 0.0151 0.7171 -0.0209 0.6965
22.6254 160.6648 -5.7148 -41.3730 0.0136 0.7181 -0.0238 0.6954
22.7292 161.3009 -5.7599 -41.4013 0.0134 0.7193 -0.0254 0.6941
22.8329 162.0624 -5.8001 -41.4459 0.0167 0.7200 -0.0233 0.6933
22.9365 162.8304 -5.8514 -41.4359 0.0186 0.7195 -0.0199 0.6940
23.0401 163.4828 -5.8926 -41.4724 0.0185 0.7184 -0.0176 0.6951
23.1438 164.2194 -5.9705 -41.5000 0.0175 0.7161 -0.0189 0.6975
23.2474 164.9107 -6.0174 -41.4788 0.0188 0.7122 -0.0176 0.7015
23.3510 165.6129 -6.0651 -41.4743 0.0199 0.7071 -0.0169 0.7067
23.4547 166.2705 -6.0957 -41.4759 0.0195 0.7017 -0.0159 0.7120
23.5583 166.9689 -6.1461 -41.4144 0.0175 0.6956 -0.0145 0.7181
23.6620 167.6682 -6.1834 -41.3964 0.0141 0.6899 -0.0136 0.7236
23.7657 168.3430 -6.2149 -41.3391 0.0127 0.6838 -0.0099 0.7295
23.8694 169.0218 -6.2532 -41.2619 0.0085 0.6772 -0.0086 0.7357
23.9730 169.6839 -6.3098 -41.1926 0.0049 0.6705 -0.0080 0.7418
24.0768 170.3565 -6.3311 -41.0936 0.0049 0.6639 -0.0055 0.7478
24.1805 170.9687 -6.3613 -40.9860 0.0032 0.6573 -0.0068 0.7536
24.2842 171.6365 -6.3787 -40.8692 0.0034 0.6511 -0.0063 0.7589
24.3879 172.2739 -6.4136 -40.7576 -0.0005 0.6446 -0.0094 0.7645
24.4916 172.9426 -6.4275 -40.5998 -0.0028 0.6388 -0.0093 0.7693
24.5954 173.5522 -6.4580 -40.4731 -0.0038 0.6339 -0.0072 0.7734
24.6993 174.1284 -6.4503 -40.3431 -0.0018 0.6299 -0.0040 0.7766
24.8031 174.7689 -6.4828 -40.1876 -0.0019 0.6260 -0.0063 0.7798
24.9068 175.3396 -6.5005 -40.0385 -0.0004 0.6223 -0.0096 0.7827
25.0105 175.8742 -6.5219 -39.8780 0.0023 0.6184 -0.0138 0.7857
25.1143 176.4803 -6.5347 -39.7315 0.0080 0.6150 -0.0136 0.7884
25.2180 177.0864 -6.5576 -39.5638 0.0074 0.6124 -0.0131 0.7904
25.3218 177.7049 -6.5743 -39.3829 0.0031 0.6100 -0.0122 0.7923
25.4255 178.3195 -6.5995 -39.2008 -0.0030 0.6085 -0.0098 0.7935
25.5294 178.8894 -6.6358 -39.0415 -0.0062 0.6076 -0.0063 0.7942
25.6332 179.5098 -6.6510 -38.8687 -0.0048 0.6072 -0.0044 0.7945
25.7370 180.1123 -6.6472 -38.7160 -0.0033 0.6068 -0.0050 0.7949
25.8408 180.7454 -6.6650 -38.5179 -0.0014 0.6060 -0.0030 0.7955
25.9445 181.3663 -6.6508 -38.3610 -0.0024 0.6053 -0.0030 0.7960
26.0481 181.9722 -6.6855 -38.1862 -0.0040 0.6042 -0.0016 0.7968
26.1519 182.5892 -6.6883 -38.0194 -0.0063 0.6029 -0.0006 0.7978
26.2555 183.2092 -6.6897 -37.8306 -0.0072 0.6012 0.0005 0.7991
26.3591 183.8396 -6.6911 -37.6429 -0.0073 0.5984 0.0019 0.8012
26.4628 184.4768 -6.6991 -37.4380 -0.0082 0.5951 0.0026 0.8036
26.5666 185.0883 -6.6985 -37.2349 -0.0081 0.5911 0.0040 0.8066
26.6703 185.7101 -6.7125 -37.0280 -0.0079 0.5866 0.0033 0.8098
26.7739 186.3178 -6.7197 -36.8000 -0.0065 0.5814 0.0021 0.8136
26.8777 186.9251 -6.7207 -36.5777 -0.0058 0.5764 0.0007 0.8172
26.9813 187.5411 -6.7089 -36.3519 -0.0057 0.5712 0.0009 0.8208
27.0850 188.1924 -6.7200 -36.0861 -0.0064 0.5664 0.0016 0.8241
27.1888 188.8073 -6.7174 -35.8202 -0.0073 0.5614 0.0016 0.8275
27.2925 189.4451 -6.7283 -35.5421 -0.0092 0.5564 0.0007 0.8309
27.3963 190.0445 -6.7197 -35.2599 -0.0103 0.5522 0.0006 0.8337
27.5000 190.6916 -6.7227 -34.9740 -0.0117 0.5488 -0.0006 0.8359
27.6039 191.2983 -6.7184 -34.6915 -0.0123 0.5468 0.0005 0.8372
27.7078 191.9742 -6.7248 -34.3882 -0.0131 0.5459 0.0020 0.8378
27.8117 192.6253 -6.7137 -34.1190 -0.0114 0.5455 0.0034 0.8380
27.9155 193.2873 -6.7109 -33.8046 -0.0103 0.5463 0.0033 0.8375
28.0194 193.9502 -6.7107 -33.5175 -0.0084 0.5466 0.0044 0.8374
28.1233 194.6022 -6.7037 -33.2193 -0.0080 0.5466 0.0057 0.8373
28.2272 195.3081 -6.6972 -32.9236 -0.0090 0.5468 0.0081 0.8372
28.3309 195.9793 -6.6909 -32.6229 -0.0101 0.5472 0.0091 0.8369
28.4348 196.6767 -6.6921 -32.3149 -0.0106 0.5480 0.0101 0.8363
28.5387 197.3590 -6.6792 -32.0220 -0.0112 0.5488 0.0102 0.8358
28.6424 198.0577 -6.6746 -31.7008 -0.0120 0.5492 0.0097 0.8356
28.7462 198.7212 -6.6698 -31.3973 -0.0121 0.5500 0.0095 0.8350
28.8499 199.4257 -6.6668 -31.1001 -0.0102 0.5505 0.0091 0.8347
28.9538 200.1131 -6.6762 -30.8105 -0.0082 0.5509 0.0070 0.8345
29.0575 200.8108 -6.6542 -30.5109 -0.0075 0.5517 0.0054 0.8340
29.1613 201.4853 -6.6624 -30.2203 -0.0088 0.5521 0.0061 0.8337
29.2649 202.1829 -6.6552 -29.9170 -0.0112 0.5527 0.0061 0.8333
29.3686 202.8532 -6.6584 -29.6055 -0.0122 0.5536 0.0050 0.8327
29.4725 203.5539 -6.6497 -29.3297 -0.0135 0.5558 0.0041 0.8312
29.5763 204.2379 -6.6498 -29.0516 -0.0143 0.5589 0.0044 0.8291
29.6802 204.9758 -6.6257 -28.7896 -0.0133 0.5629 0.0046 0.8264
29.7839 205.6455 -6.6428 -28.5105 -0.0122 0.5669 0.0049 0.8237
29.8878 206.3118 -6.6503 -28.2644 -0.0117 0.5719 0.0035 0.8202
29.9917 207.0062 -6.6345 -28.0108 -0.0118 0.5770 0.0033 0.8166
30.0955 207.7199 -6.6066 -27.8086 -0.0132 0.5814 0.0059 0.8135
30.1993 208.4409 -6.6068 -27.5884 -0.0149 0.5853 0.0103 0.8106
30.3030 209.1442 -6.6199 -27.3398 -0.0172 0.5884 0.0125 0.8083
30.4068 209.8379 -6.5835 -27.1213 -0.0198 0.5901 0.0112 0.8070
30.5104 210.5685 -6.5710 -26.8754 -0.0202 0.5911 0.0119 0.8062
30.6140 211.2657 -6.5538 -26.6541 -0.0201 0.5917 0.0128 0.8058
30.7178 212.0067 -6.5435 -26.4502 -0.0198 0.5925 0.0124 0.8052
30.8214 212.7013 -6.5130 -26.2089 -0.0194 0.5925 0.0110 0.8053
30.9252 213.3919 -6.4955 -25.9871 -0.0206 0.5922 0.0105 0.8055
31.0288 214.1205 -6.4710 -25.7509 -0.0213 0.5917 0.0105 0.8058
31.1325 214.8440 -6.4550 -25.5157 -0.0211 0.5910 0.0117 0.8063
31.2363 215.5770 -6.4420 -25.2889 -0.0207 0.5905 0.0131 0.8067
31.3401 216.3153 -6.4157 -25.0369 -0.0209 0.5892 0.0137 0.8076
31.4437 217.0886 -6.3960 -24.7881 -0.0222 0.5872 0.0133 0.8090
31.5474 217.7909 -6.3663 -24.5528 -0.0241 0.5854 0.0143 0.8102
31.6510 218.5340 -6.3367 -24.2878 -0.0264 0.5828 0.0152 0.8120
31.7548 219.2768 -6.3198 -24.0171 -0.0275 0.5805 0.0144 0.8137
31.8585 220.0039 -6.2992 -23.7787 -0.0275 0.5792 0.0130 0.8146
31.9623 220.7610 -6.2639 -23.4916 -0.0272 0.5774 0.0088 0.8159
32.0660 221.5060 -6.2278 -23.2178 -0.0273 0.5752 0.0069 0.8175
32.1696 222.2386 -6.1973 -22.9352 -0.0275 0.5729 0.0067 0.8192
32.2734 223.0036 -6.1845 -22.6535 -0.0283 0.5715 0.0056 0.8201
32.3772 223.7114 -6.1496 -22.3665 -0.0266 0.5705 0.0052 0.8209
32.4809 224.4612 -6.1375 -22.0683 -0.0266 0.5683 0.0045 0.8224
32.5845 225.1971 -6.1040 -21.7711 -0.0267 0.5664 0.0056 0.8237
32.6883 225.9413 -6.0979 -21.4851 -0.0262 0.5648 0.0060 0.8248
32.7919 226.6697 -6.0703 -21.2054 -0.0249 0.5628 0.0072 0.8262
32.8957 227.3883 -6.0577 -20.9074 -0.0250 0.5605 0.0058 0.8278
32.9994 228.1477 -6.0207 -20.5950 -0.0265 0.5588 0.0045 0.8288
33.1032 228.8569 -6.0092 -20.2584 -0.0282 0.5570 0.0037 0.8300
33.2068 229.6138 -5.9766 -19.9513 -0.0255 0.5547 0.0037 0.8316
33.3105 230.3515 -5.9649 -19.6599 -0.0225 0.5531 0.0024 0.8328
33.4143 231.0323 -5.9548 -19.3310 -0.0225 0.5515 -0.0017 0.8339
33.5182 231.7925 -5.9237 -19.0105 -0.0261 0.5500 -0.0040 0.8347
33.6218 232.4970 -5.9172 -18.6782 -0.0308 0.5492 -0.0015 0.8351
33.7255 233.2628 -5.8719 -18.3653 -0.0332 0.5486 0.0047 0.8354
33.8293 233.9699 -5.8482 -18.0435 -0.0374 0.5479 0.0073 0.8357
33.9331 234.7162 -5.8101 -17.6932 -0.0388 0.5468 0.0085 0.8363
34.0367 235.4540 -5.7822 -17.3751 -0.0373 0.5456 0.0063 0.8372
34.1404 236.1830 -5.7537 -17.0301 -0.0356 0.5435 0.0030 0.8386
34.2440 236.9052 -5.7110 -16.7029 -0.0338 0.5419 0.0007 0.8398
34.3478 237.6161 -5.6846 -16.3859 -0.0315 0.5401 0.0017 0.8410
34.4515 238.3304 -5.6560 -16.0225 -0.0300 0.5379 0.0018 0.8425
34.5552 239.0345 -5.6326 -15.6696 -0.0302 0.5366 0.0033 0.8433
34.6589 239.7713 -5.5924 -15.3625 -0.0313 0.5346 0.0055 0.8445
34.7625 240.4815 -5.5625 -15.0081 -0.0334 0.5332 0.0079 0.8453
34.8663 241.2218 -5.5283 -14.6648 -0.0349 0.5320 0.0094 0.8460
34.9700 241.9490 -5.4809 -14.3076 -0.0373 0.5311 0.0110 0.8464
35.0739 242.6572 -5.4383 -13.9667 -0.0389 0.5310 0.0144 0.8463
35.1776 243.3893 -5.3886 -13.6064 -0.0395 0.5305 0.0148 0.8466
35.2813 244.1197 -5.3520 -13.2329 -0.0385 0.5298 0.0094 0.8472
35.3850 244.8356 -5.3334 -12.8741 -0.0339 0.5299 0.0035 0.8474
35.4887 245.5498 -5.2951 -12.4910 -0.0304 0.5293 0.0007 0.8479
35.5924 246.3029 -5.2567 -12.1183 -0.0310 0.5293 0.0018 0.8479
35.6962 247.0324 -5.2152 -11.7570 -0.0332 0.5295 0.0033 0.8476
35.7998 247.7323 -5.2071 -11.4245 -0.0338 0.5286 0.0038 0.8482
35.9035 248.4875 -5.1672 -11.0375 -0.0326 0.5279 0.0046 0.8486
36.0072 249.2252 -5.1327 -10.6639 -0.0316 0.5276 0.0066 0.8489
36.1109 249.9377 -5.0872 -10.3231 -0.0332 0.5268 0.0079 0.8493
36.2145 250.6833 -5.0552 -9.9468 -0.0347 0.5264 0.0087 0.8495
36.3183 251.4066 -5.0139 -9.5956 -0.0351 0.5260 0.0075 0.8497
36.4220 252.1148 -5.0069 -9.2393 -0.0339 0.5256 0.0065 0.8500
36.5258 252.8303 -4.9542 -8.8622 -0.0327 0.5249 0.0063 0.8505
36.6295 253.5976 -4.9211 -8.4607 -0.0326 0.5245 0.0081 0.8507
36.7333 254.3210 -4.8842 -8.0834 -0.0337 0.5223 0.0088 0.8521
36.8370 255.0388 -4.8369 -7.7134 -0.0339 0.5208 0.0102 0.8529
36.9408 255.7595 -4.8014 -7.3296 -0.0331 0.5183 0.0108 0.8545
37.0445 256.5054 -4.7814 -6.9376 -0.0333 0.5165 0.0094 0.8556
37.1483 257.2151 -4.7413 -6.5317 -0.0331 0.5148 0.0072 0.8567
37.2520 257.9241 -4.6991 -6.1126 -0.0311 0.5124 0.0063 0.8582
37.3557 258.6399 -4.6656 -5.7476 -0.0287 0.5085 0.0078 0.8606
37.4594 259.3386 -4.6416 -5.3252 -0.0274 0.5042 0.0090 0.8631
37.5630 260.0747 -4.6190 -4.9449 -0.0265 0.5001 0.0109 0.8655
37.6667 260.7996 -4.5804 -4.4776 -0.0255 0.4931 0.0122 0.8695
37.7703 261.5124 -4.5546 -4.0479 -0.0263 0.4862 0.0121 0.8734
37.8740 262.1658 -4.5241 -3.5779 -0.0281 0.4797 0.0138 0.8769
37.9778 262.8466 -4.4904 -3.1195 -0.0297 0.4727 0.0148 0.8806
38.0815 263.5204 -4.4497 -2.6440 -0.0308 0.4668 0.0137 0.8837
38.1853 264.2125 -4.4255 -2.1252 -0.0317 0.4620 0.0097 0.8862
38.2892 264.8398 -4.3804 -1.6672 -0.0318 0.4588 0.0070 0.8879
38.3932 265.5074 -4.3395 -1.1599 -0.0325 0.4580 0.0050 0.8883
38.4972 266.1734 -4.3082 -0.6690 -0.0332 0.4598 0.0007 0.8874
38.6012 266.8397 -4.2865 -0.2208 -0.0335 0.4641 -0.0039 0.8852
38.7052 267.4965 -4.2455 0.2539 -0.0325 0.4686 -0.0068 0.8828
38.8093 268.1842 -4.2336 0.6983 -0.0304 0.4748 -0.0054 0.8796
38.9133 268.8739 -4.2167 1.1456 -0.0306 0.4795 -0.0032 0.8770
39.0172 269.5726 -4.1779 1.5680 -0.0319 0.4846 -0.0044 0.8741
39.1212 270.2937 -4.1632 2.0030 -0.0318 0.4898 -0.0037 0.8712
39.2250 270.9796 -4.1507 2.4068 -0.0303 0.4942 -0.0023 0.8688
39.3289 271.7071 -4.1171 2.8314 -0.0281 0.4987 -0.0011 0.8663
39.4327 272.4024 -4.0980 3.2477 -0.0286 0.5025 -0.0030 0.8641
39.5364 273.1464 -4.0663 3.6413 -0.0292 0.5059 -0.0034 0.8621
39.6402 273.8548 -4.0557 4.0564 -0.0321 0.5082 -0.0042 0.8606
39.7438 274.5624 -4.0215 4.4529 -0.0355 0.5106 -0.0029 0.8591
39.8476 275.3487 -3.9899 4.8476 -0.0370 0.5127 -0.0016 0.8578
39.9513 276.0564 -3.9604 5.2353 -0.0372 0.5140 -0.0034 0.8570
40.0550 276.7689 -3.9199 5.6259 -0.0347 0.5152 -0.0070 0.8563
40.1587 277.5067 -3.9153 6.0333 -0.0308 0.5160 -0.0120 0.8559
40.2624 278.2515 -3.9065 6.4274 -0.0282 0.5163 -0.0152 0.8558
40.3662 278.9462 -3.8720 6.8195 -0.0280 0.5172 -0.0145 0.8553
40.4699 279.7172 -3.8474 7.2404 -0.0295 0.5180 -0.0135 0.8548
40.5735 280.4737 -3.8434 7.6338 -0.0305 0.5178 -0.0124 0.8549
40.6773 281.2044 -3.8269 8.0298 -0.0303 0.5176 -0.0102 0.8550
40.7810 281.9726 -3.8073 8.4511 -0.0308 0.5169 -0.0090 0.8555
40.8848 282.7236 -3.7931 8.8235 -0.0312 0.5152 -0.0085 0.8565
40.9884 283.4741 -3.7740 9.2372 -0.0311 0.5137 -0.0089 0.8573
41.0922 284.2383 -3.7534 9.6295 -0.0318 0.5115 -0.0093 0.8586
41.1958 284.9691 -3.7210 10.0761 -0.0322 0.5097 -0.0105 0.8597
41.2994 285.7533 -3.6939 10.5343 -0.0314 0.5075 -0.0104 0.8610
41.4032 286.5114 -3.6843 10.9503 -0.0291 0.5057 -0.0106 0.8622
41.5068 287.2469 -3.6755 11.3855 -0.0272 0.5033 -0.0110 0.8636
41.6105 288.0285 -3.6499 11.8388 -0.0256 0.4995 -0.0109 0.8659
41.7142 288.7747 -3.6408 12.2901 -0.0262 0.4958 -0.0100 0.8680
41.8179 289.5449 -3.6109 12.7432 -0.0290 0.4922 -0.0099 0.8699
41.9215 290.3121 -3.5864 13.2281 -0.0325 0.4890 -0.0089 0.8716
42.0253 291.0435 -3.5537 13.7177 -0.0367 0.4851 -0.0091 0.8736
42.1289 291.7758 -3.5161 14.1820 -0.0381 0.4822 -0.0079 0.8752
42.2327 292.5618 -3.4939 14.6964 -0.0368 0.4773 -0.0087 0.8779
42.3363 293.2922 -3.4590 15.2031 -0.0332 0.4734 -0.0102 0.8801
42.4400 294.0491 -3.4504 15.7459 -0.0299 0.4694 -0.0119 0.8824
42.5438 294.8093 -3.4247 16.2730 -0.0259 0.4663 -0.0116 0.8842
42.6474 295.5366 -3.4118 16.7647 -0.0230 0.4624 -0.0106 0.8863
42.7512 296.3155 -3.3919 17.3139 -0.0210 0.4587 -0.0069 0.8883
42.8548 297.0482 -3.3911 17.8494 -0.0226 0.4553 -0.0036 0.8901
42.9585 297.7827 -3.3647 18.4037 -0.0250 0.4505 -0.0007 0.8924
43.0623 298.5442 -3.3508 18.9313 -0.0265 0.4468 0.0011 0.8943
43.1661 299.2603 -3.3096 19.5215 -0.0276 0.4435 0.0019 0.8958
43.2698 299.9739 -3.2907 20.1026 -0.0289 0.4396 0.0007 0.8977
43.3736 300.6977 -3.2490 20.7005 -0.0306 0.4359 -0.0008 0.8995
43.4773 301.4377 -3.2126 21.2889 -0.0308 0.4331 0.0016 0.9008
43.5810 302.1781 -3.1841 21.9023 -0.0309 0.4306 0.0008 0.9020
43.6849 302.9128 -3.1539 22.4878 -0.0284 0.4283 0.0006 0.9032
43.7887 303.6048 -3.1340 23.0631 -0.0273 0.4254 -0.0013 0.9046
43.8924 304.3507 -3.1017 23.7107 -0.0268 0.4230 -0.0002 0.9057
43.9961 305.0637 -3.0693 24.3299 -0.0290 0.4207 -0.0008 0.9067
44.1000 305.7906 -3.0100 24.9791 -0.0309 0.4186 0.0013 0.9076
44.2036 306.4935 -2.9919 25.6066 -0.0315 0.4161 0.0001 0.9088
44.3073 307.2250 -2.9616 26.2315 -0.0303 0.4135 -0.0026 0.9100
44.4110 307.9260 -2.9388 26.8598 -0.0279 0.4106 -0.0042 0.9114
44.5148 308.6274 -2.9184 27.4777 -0.0268 0.4079 -0.0026 0.9126
44.6185 309.3407 -2.8918 28.1251 -0.0257 0.4055 0.0010 0.9137
44.7223 310.0319 -2.8596 28.7411 -0.0252 0.4030 0.0029 0.9149
44.8262 310.7342 -2.8415 29.4074 -0.0243 0.4000 0.0039 0.9162
44.9298 311.4347 -2.8243 30.0698 -0.0232 0.3971 0.0066 0.9174
45.0335 312.1373 -2.7909 30.7149 -0.0235 0.3942 0.0074 0.9187
45.1373 312.8106 -2.7495 31.3935 -0.0246 0.3925 0.0071 0.9194
45.2410 313.4995 -2.7483 32.0574 -0.0237 0.3896 0.0068 0.9207
45.3448 314.1420 -2.6958 32.7277 -0.0237 0.3876 0.0058 0.9215
45.4485 314.8243 -2.7000 33.3823 -0.0231 0.3852 0.0080 0.9225
45.5523 315.4931 -2.6473 34.0557 -0.0235 0.3819 0.0085 0.9239
45.6562 316.1424 -2.6376 34.7472 -0.0226 0.3799 0.0079 0.9247
45.7599 316.7750 -2.5995 35.4032 -0.0229 0.3771 0.0091 0.9258
45.8637 317.4360 -2.5849 36.1019 -0.0242 0.3748 0.0090 0.9268
45.9674 318.0867 -2.5398 36.7853 -0.0265 0.3734 0.0067 0.9273
46.0713 318.7216 -2.5127 37.4831 -0.0279 0.3715 0.0054 0.9280
46.1750 319.3634 -2.4754 38.1552 -0.0297 0.3701 0.0079 0.9285
46.2788 320.0071 -2.4440 38.8454 -0.0297 0.3689 0.0080 0.9289
46.3827 320.6236 -2.4124 39.5177 -0.0274 0.3679 0.0070 0.9294
46.4865 321.2827 -2.3925 40.2232 -0.0243 0.3674 0.0059 0.9297
46.5904 321.8923 -2.3553 40.9063 -0.0242 0.3674 0.0059 0.9297
46.6942 322.5480 -2.3270 41.6066 -0.0248 0.3682 0.0063 0.9294
46.7981 323.1912 -2.3028 42.3001 -0.0265 0.3690 0.0080 0.9290
46.9019 323.8471 -2.2581 42.9916 -0.0280 0.3707 0.0072 0.9283
47.0058 324.4964 -2.2221 43.6775 -0.0275 0.3734 0.0077 0.9272
47.1097 325.1698 -2.2013 44.3615 -0.0270 0.3757 0.0045 0.9263
47.2136 325.8328 -2.1637 45.0785 -0.0243 0.3792 0.0039 0.9250
47.3174 326.5216 -2.1384 45.7564 -0.0237 0.3828 0.0028 0.9235
47.4212 327.2153 -2.1090 46.4157 -0.0239 0.3866 0.0031 0.9219
47.5251 327.8885 -2.0980 47.1009 -0.0241 0.3902 0.0031 0.9204
47.6288 328.5740 -2.0606 47.7728 -0.0262 0.3941 0.0026 0.9187
47.7327 329.3022 -2.0211 48.4643 -0.0296 0.3985 0.0027 0.9167
47.8364 330.0212 -1.9671 49.1031 -0.0328 0.4023 0.0025 0.9149
47.9402 330.7436 -1.9473 49.7787 -0.0321 0.4059 0.0008 0.9133
48.0439 331.4504 -1.9128 50.3909 -0.0289 0.4091 -0.0013 0.9120
48.1477 332.1705 -1.8914 51.0247 -0.0270 0.4124 -0.0017 0.9106
48.2514 332.9065 -1.8676 51.6953 -0.0265 0.4163 -0.0009 0.9088
48.3550 333.6396 -1.8381 52.3207 -0.0272 0.4193 -0.0007 0.9074
48.4588 334.4178 -1.7958 52.9661 -0.0277 0.4227 -0.0002 0.9058
48.5626 335.1639 -1.7683 53.5941 -0.0283 0.4244 0.0003 0.9050
48.6662 335.9111 -1.7314 54.2376 -0.0295 0.4273 -0.0002 0.9036
48.7699 336.6651 -1.7043 54.8622 -0.0307 0.4298 -0.0017 0.9024
48.8736 337.4601 -1.6683 55.5251 -0.0314 0.4320 -0.0027 0.9013
48.9773 338.2179 -1.6386 56.1287 -0.0314 0.4340 -0.0027 0.9004
49.0809 339.0298 -1.6005 56.7726 -0.0313 0.4361 -0.0037 0.8993
49.1847 339.8075 -1.5689 57.3900 -0.0316 0.4380 -0.0044 0.8984
49.2883 340.5817 -1.5303 58.0081 -0.0317 0.4400 -0.0042 0.8974
49.3920 341.3839 -1.5021 58.6367 -0.0320 0.4415 -0.0041 0.8967
49.4958 342.1874 -1.4677 59.2561 -0.0325 0.4433 -0.0043 0.8958
49.5994 343.0071 -1.4467 59.8797 -0.0333 0.4450 -0.0052 0.8949
49.7032 343.8135 -1.3979 60.4904 -0.0340 0.4469 -0.0053 0.8939
49.8068 344.6188 -1.3680 61.0936 -0.0335 0.4481 -0.0051 0.8934
49.9106 345.4201 -1.3380 61.6945 -0.0332 0.4494 -0.0061 0.8927
50.0142 346.2115 -1.3040 62.3021 -0.0331 0.4506 -0.0063 0.8921
50.1180 347.0126 -1.2748 62.9084 -0.0340 0.4514 -0.0034 0.8917
50.2216 347.8639 -1.2271 63.5245 -0.0365 0.4514 0.0001 0.8916
50.3253 348.6969 -1.1824 64.1106 -0.0380 0.4525 0.0022 0.8910
50.4290 349.4885 -1.1369 64.7185 -0.0377 0.4524 0.0023 0.8910
50.5327 350.2874 -1.1036 65.3091 -0.0350 0.4528 0.0011 0.8909
50.6365 351.0917 -1.0564 65.8971 -0.0313 0.4535 0.0003 0.8907
50.7402 351.9097 -1.0315 66.5070 -0.0293 0.4537 0.0009 0.8907
50.8440 352.7264 -0.9919 67.0987 -0.0292 0.4544 0.0030 0.8903
50.9476 353.5636 -0.9523 67.7208 -0.0304 0.4553 0.0047 0.8898
51.0512 354.4168 -0.9107 68.3107 -0.0312 0.4551 0.0070 0.8899
51.1549 355.2405 -0.8771 68.8920 -0.0325 0.4550 0.0083 0.8898
51.2586 356.0380 -0.8325 69.4962 -0.0324 0.4554 0.0091 0.8897
51.3623 356.8397 -0.8136 70.0780 -0.0305 0.4550 0.0098 0.8899
51.4659 357.6703 -0.7638 70.6825 -0.0301 0.4555 0.0088 0.8897
51.5697 358.4744 -0.7143 71.2505 -0.0297 0.4551 0.0099 0.8899
51.6733 359.2833 -0.6750 71.8402 -0.0306 0.4549 0.0107 0.8899
51.7769 360.1004 -0.6349 72.4249 -0.0309 0.4551 0.0117 0.8898
51.8807 360.9330 -0.5893 73.0223 -0.0305 0.4554 0.0111 0.8897
51.9843 361.7241 -0.5475 73.6251 -0.0291 0.4558 0.0111 0.8895
52.0881 362.5348 -0.5043 74.2116 -0.0288 0.4560 0.0126 0.8894
52.1917 363.3514 -0.4679 74.7894 -0.0302 0.4559 0.0124 0.8894
52.2954 364.1681 -0.4338 75.3804 -0.0296 0.4557 0.0154 0.8895
52.3992 365.0457 -0.3891 75.9968 -0.0285 0.4557 0.0182 0.8895
52.5029 365.8334 -0.3483 76.5671 -0.0285 0.4553 0.0199 0.8897
52.6067 366.6420 -0.2776 77.1617 -0.0274 0.4554 0.0237 0.8896
52.7104 367.4592 -0.2638 77.7147 -0.0266 0.4546 0.0267 0.8899
52.8142 368.3174 -0.2064 78.3153 -0.0265 0.4543 0.0284 0.8900
52.9179 369.0451 -0.1490 78.8601 -0.0273 0.4534 0.0290 0.8904
53.0217 369.8463 -0.1025 79.4428 -0.0273 0.4528 0.0306 0.8907
53.1254 370.6437 -0.0566 80.0228 -0.0274 0.4520 0.0305 0.8911
53.2292 371.4175 0.0028 80.6176 -0.0278 0.4517 0.0305 0.8912
53.3329 372.2157 0.0510 81.2052 -0.0271 0.4511 0.0324 0.8915
53.4365 372.9337 0.1024 81.7188 -0.0286 0.4497 0.0325 0.8921
53.5403 373.7102 0.1572 82.2887 -0.0305 0.4493 0.0326 0.8923
53.6441 374.3822 0.2119 82.8233 -0.0346 0.4494 0.0334 0.8920
53.7478 375.0922 0.2706 83.3558 -0.0380 0.4492 0.0326 0.8920
53.8516 375.7625 0.3356 83.8800 -0.0426 0.4490 0.0274 0.8921
53.9553 376.4942 0.4000 84.4305 -0.0442 0.4495 0.0255 0.8918
54.0590 377.1069 0.4524 84.9119 -0.0446 0.4500 0.0250 0.8916
54.1628 377.7827 0.5143 85.4375 -0.0456 0.4502 0.0215 0.8915
54.2666 378.4340 0.5677 85.9041 -0.0456 0.4504 0.0205 0.8914
54.3702 379.0721 0.6314 86.3948 -0.0460 0.4509 0.0186 0.8912
54.4739 379.7021 0.6860 86.8533 -0.0450 0.4511 0.0202 0.8911
54.5776 380.3149 0.7210 87.3127 -0.0441 0.4516 0.0215 0.8909
54.6813 380.9217 0.7810 87.7732 -0.0444 0.4527 0.0203 0.8903
54.7851 381.5112 0.8377 88.2128 -0.0442 0.4540 0.0212 0.8896
54.8888 382.0945 0.8970 88.6453 -0.0457 0.4567 0.0197 0.8882
54.9927 382.6626 0.9582 89.0067 -0.0475 0.4594 0.0175 0.8868
55.0964 383.2393 0.9941 89.4455 -0.0471 0.4627 0.0175 0.8851
55.2002 383.8095 1.0363 89.8604 -0.0455 0.4664 0.0160 0.8832
55.3040 384.4037 1.0763 90.2772 -0.0440 0.4698 0.0133 0.8816
55.4078 385.0110 1.1401 90.6531 -0.0439 0.4740 0.0101 0.8794
55.5117 385.6020 1.1819 91.0346 -0.0456 0.4794 0.0093 0.8763
55.6154 386.2272 1.2593 91.4374 -0.0485 0.4851 0.0091 0.8731
55.7192 386.8190 1.3065 91.7711 -0.0515 0.4899 0.0102 0.8702
55.8229 387.4514 1.3616 92.1626 -0.0527 0.4946 0.0118 0.8674
55.9267 388.0707 1.4143 92.5063 -0.0533 0.4993 0.0124 0.8647
56.0304 388.7391 1.4720 92.8852 -0.0522 0.5044 0.0131 0.8618
56.1341 389.3799 1.5203 93.2385 -0.0493 0.5085 0.0139 0.8596
56.2378 390.0247 1.5677 93.5677 -0.0461 0.5114 0.0154 0.8580
56.3416 390.6609 1.6117 93.8972 -0.0441 0.5137 0.0170 0.8566
56.4453 391.3523 1.6701 94.2742 -0.0448 0.5167 0.0204 0.8548
56.5491 392.0397 1.7590 94.6075 -0.0494 0.5185 0.0258 0.8533
56.6529 392.7675 1.8402 94.9747 -0.0570 0.5204 0.0288 0.8515
56.7567 393.4594 1.9448 95.3255 -0.0618 0.5224 0.0326 0.8498
56.8604 394.1709 2.0130 95.6753 -0.0635 0.5250 0.0340 0.8480
56.9643 394.8434 2.0882 96.0391 -0.0649 0.5272 0.0321 0.8467
57.0681 395.5777 2.1949 96.3908 -0.0652 0.5301 0.0313 0.8448
57.1719 396.2905 2.2931 96.7054 -0.0646 0.5325 0.0355 0.8432
57.2756 397.0107 2.3930 97.0726 -0.0649 0.5350 0.0392 0.8414
57.3793 397.7391 2.5066 97.3944 -0.0654 0.5376 0.0426 0.8396
57.4831 398.5173 2.6005 97.7353 -0.0649 0.5403 0.0440 0.8378
57.5868 399.1838 2.7043 98.0490 -0.0655 0.5425 0.0435 0.8363
57.6906 399.8776 2.8005 98.3434 -0.0644 0.5448 0.0441 0.8349
57.7943 400.5526 2.9019 98.6572 -0.0635 0.5479 0.0455 0.8329
57.8982 401.3190 3.0146 98.9577 -0.0647 0.5517 0.0437 0.8304
58.0019 402.0512 3.1019 99.2486 -0.0640 0.5563 0.0450 0.8273
58.1058 402.7071 3.1892 99.5172 -0.0632 0.5601 0.0461 0.8247
58.2097 403.4251 3.2956 99.7865 -0.0640 0.5647 0.0455 0.8215
58.3134 404.1394 3.4098 100.0446 -0.0643 0.5693 0.0457 0.8184
58.4173 404.7800 3.4640 100.3025 -0.0609 0.5729 0.0488 0.8159
58.5211 405.4596 3.5733 100.5165 -0.0600 0.5777 0.0463 0.8127
58.6249 406.2279 3.6406 100.7831 -0.0582 0.5834 0.0418 0.8090
58.7287 406.8622 3.7459 100.9796 -0.0569 0.5896 0.0365 0.8048
58.8327 407.4857 3.8120 101.1652 -0.0561 0.5961 0.0338 0.8002
58.9366 408.1497 3.8768 101.3382 -0.0544 0.6040 0.0329 0.7944
59.0404 408.8581 3.9669 101.4908 -0.0513 0.6127 0.0326 0.7880
59.1443 409.5834 4.0411 101.6399 -0.0477 0.6211 0.0317 0.7817
59.2482 410.2646 4.0949 101.7588 -0.0431 0.6291 0.0317 0.7755
59.3521 410.9635 4.1413 101.8816 -0.0394 0.6373 0.0329 0.7689
59.4558 411.6627 4.1995 101.9842 -0.0370 0.6446 0.0347 0.7628
59.5596 412.4036 4.2643 102.0701 -0.0391 0.6513 0.0356 0.7570
59.6633 413.1880 4.3509 102.1905 -0.0413 0.6572 0.0388 0.7516
59.7669 413.9334 4.4215 102.2521 -0.0434 0.6619 0.0429 0.7471
59.8707 414.6569 4.4951 102.3617 -0.0459 0.6657 0.0445 0.7435
59.9743 415.4522 4.5627 102.4282 -0.0480 0.6693 0.0445 0.7401
60.0781 416.1922 4.6386 102.4964 -0.0504 0.6717 0.0436 0.7378
60.1818 416.9347 4.7311 102.5641 -0.0517 0.6744 0.0452 0.7351
60.2856 417.7424 4.8387 102.6560 -0.0531 0.6772 0.0442 0.7325
60.3893 418.5004 4.9219 102.7276 -0.0554 0.6795 0.0343 0.7307
60.4931 419.2129 4.9583 102.7698 -0.0500 0.6819 0.0278 0.7292
60.5968 419.9613 4.9918 102.8178 -0.0458 0.6839 0.0225 0.7278
60.7006 420.7628 5.0727 102.8757 -0.0474 0.6849 0.0197 0.7269
60.8042 421.5564 5.1624 102.9243 -0.0525 0.6853 0.0204 0.7260
60.9080 422.2908 5.2739 102.9991 -0.0539 0.6845 0.0206 0.7267
61.0116 423.0646 5.2998 103.0375 -0.0509 0.6838 0.0150 0.7278
61.1153 423.8129 5.2938 103.0981 -0.0426 0.6828 0.0079 0.7293
61.2189 424.4986 5.3204 103.1609 -0.0384 0.6810 -0.0001 0.7313
61.3227 425.2743 5.3728 103.2355 -0.0387 0.6795 -0.0011 0.7326
61.4264 426.0712 5.4370 103.3074 -0.0439 0.6786 0.0008 0.7332
61.5302 426.8250 5.4809 103.3892 -0.0462 0.6773 0.0025 0.7343
61.6338 427.5769 5.5009 103.4469 -0.0437 0.6761 0.0031 0.7355
61.7376 428.2504 5.4953 103.4671 -0.0401 0.6752 0.0011 0.7366
61.8413 428.9263 5.5142 103.5298 -0.0372 0.6746 -0.0003 0.7372
61.9451 429.6156 5.5458 103.5987 -0.0349 0.6741 0.0007 0.7378
62.0488 430.3574 5.5696 103.6721 -0.0318 0.6737 0.0003 0.7383
62.1526 431.0444 5.5876 103.7799 -0.0296 0.6742 -0.0013 0.7380
62.2564 431.7266 5.6003 103.8471 -0.0281 0.6745 -0.0034 0.7377
62.3601 432.3452 5.6101 103.9029 -0.0293 0.6752 -0.0073 0.7371
62.4640 432.9979 5.6114 103.9841 -0.0305 0.6773 -0.0099 0.7350
62.5679 433.6688 5.6151 104.0207 -0.0310 0.6820 -0.0118 0.7306
62.6718 434.2975 5.6211 104.0527 -0.0303 0.6881 -0.0125 0.7249
62.7758 434.9691 5.6233 104.0719 -0.0294 0.6949 -0.0127 0.7184
62.8798 435.5862 5.6227 104.0575 -0.0282 0.7014 -0.0114 0.7121
62.9837 436.1950 5.6148 104.0504 -0.0268 0.7078 -0.0106 0.7059
63.0876 436.7741 5.6123 104.0115 -0.0258 0.7138 -0.0104 0.6998
63.1914 437.3370 5.6095 104.0006 -0.0250 0.7200 -0.0100 0.6934
63.2954 437.8969 5.5947 103.9749 -0.0257 0.7267 -0.0100 0.6864
63.3993 438.4542 5.6001 103.9212 -0.0266 0.7331 -0.0102 0.6795
63.5032 438.9216 5.6008 103.8543 -0.0261 0.7392 -0.0105 0.6729
63.6071 439.3657 5.6077 103.7877 -0.0229 0.7448 -0.0114 0.6668
63.7108 439.7765 5.5658 103.7333 -0.0177 0.7504 -0.0119 0.6607
63.8147 440.1781 5.5523 103.6526 -0.0123 0.7552 -0.0140 0.6552
63.9184 440.5678 5.5396 103.5873 -0.0093 0.7593 -0.0167 0.6504
64.0222 440.9257 5.5360 103.5319 -0.0077 0.7630 -0.0199 0.6461
64.1260 441.2934 5.5225 103.4656 -0.0059 0.7662 -0.0210 0.6422
64.2297 441.6085 5.5124 103.4021 -0.0039 0.7687 -0.0204 0.6393
64.3333 441.9118 5.4972 103.3191 -0.0009 0.7709 -0.0176 0.6367
64.4371 442.1926 5.4695 103.2392 0.0011 0.7728 -0.0150 0.6345
64.5407 442.4816 5.4610 103.1775 -0.0000 0.7744 -0.0147 0.6326
64.6444 442.7295 5.4423 103.1405 -0.0025 0.7757 -0.0159 0.6309
64.7481 442.9571 5.4413 103.0957 -0.0053 0.7770 -0.0170 0.6292
64.8517 443.1859 5.4411 103.0496 -0.0069 0.7780 -0.0172 0.6280
64.9553 443.3807 5.4228 102.9945 -0.0056 0.7789 -0.0167 0.6268
65.0591 443.5755 5.4108 102.9623 -0.0033 0.7795 -0.0161 0.6262
65.1627 443.7261 5.4025 102.9227 -0.0014 0.7800 -0.0154 0.6256
65.2663 443.8650 5.3879 102.8703 -0.0003 0.7797 -0.0159 0.6260
65.3701 444.0155 5.3816 102.8540 -0.0001 0.7790 -0.0169 0.6268
65.4737 444.1661 5.3849 102.8156 0.0008 0.7782 -0.0160 0.6278
65.5774 444.3297 5.3666 102.7825 0.0026 0.7768 -0.0120 0.6297
65.6811 444.4606 5.3710 102.7424 0.0040 0.7753 -0.0094 0.6315
65.7848 444.6150 5.3623 102.7209 0.0051 0.7737 -0.0093 0.6335
65.8886 444.7528 5.3513 102.7006 0.0048 0.7726 -0.0104 0.6348
65.9922 444.9067 5.3457 102.6778 0.0041 0.7711 -0.0122 0.6366
66.0959 445.0541 5.3345 102.6727 0.0038 0.7692 -0.0136 0.6388
66.1997 445.2066 5.3222 102.6413 0.0036 0.7674 -0.0140 0.6410
66.3033 445.3826 5.3205 102.6118 0.0036 0.7654 -0.0139 0.6434
66.4071 445.5866 5.3179 102.5913 0.0008 0.7632 -0.0152 0.6460
66.5107 445.8025 5.3201 102.5919 -0.0029 0.7605 -0.0169 0.6491
66.6143 446.0079 5.3253 102.5696 -0.0058 0.7574 -0.0183 0.6527
66.7181 446.2449 5.3046 102.5523 -0.0052 0.7543 -0.0163 0.6563
66.8217 446.4906 5.2839 102.5333 -0.0034 0.7506 -0.0135 0.6606
66.9254 446.7485 5.2628 102.4898 -0.0025 0.7467 -0.0119 0.6650
67.0291 447.0189 5.2794 102.4775 -0.0010 0.7417 -0.0105 0.6706
67.1328 447.2787 5.2483 102.4620 -0.0003 0.7362 -0.0097 0.6767
67.2364 447.5527 5.2605 102.4495 -0.0001 0.7301 -0.0089 0.6832
67.3401 447.8418 5.2433 102.4599 -0.0003 0.7231 -0.0087 0.6907
67.4437 448.1297 5.2359 102.4773 -0.0001 0.7155 -0.0088 0.6986
67.5473 448.4263 5.2133 102.4857 -0.0001 0.7079 -0.0098 0.7063
67.6511 448.7315 5.2249 102.5326 -0.0010 0.6995 -0.0130 0.7145
67.7547 449.0692 5.2064 102.5796 -0.0016 0.6912 -0.0158 0.7225
67.8583 449.3877 5.2134 102.6190 -0.0026 0.6819 -0.0166 0.7313
67.9621 449.7805 5.1883 102.6979 -0.0020 0.6725 -0.0150 0.7400
68.0657 450.1081 5.1756 102.7382 -0.0016 0.6633 -0.0136 0.7483
68.1693 450.5133 5.1642 102.8253 -0.0019 0.6533 -0.0138 0.7570
68.2731 450.8836 5.1544 102.9188 -0.0023 0.6431 -0.0136 0.7656
68.3767 451.2602 5.1563 103.0208 -0.0026 0.6333 -0.0137 0.7738
68.4803 451.6898 5.1377 103.1321 -0.0022 0.6233 -0.0138 0.7819
68.5841 452.1138 5.1297 103.2680 -0.0022 0.6136 -0.0135 0.7895
68.6878 452.5393 5.1162 103.3973 -0.0023 0.6046 -0.0130 0.7964
68.7916 453.0121 5.1083 103.5801 -0.0021 0.5959 -0.0123 0.8030
68.8953 453.4856 5.0895 103.7280 -0.0024 0.5882 -0.0123 0.8086
68.9991 453.9790 5.0893 103.9378 -0.0020 0.5807 -0.0128 0.8140
69.1028 454.4928 5.0707 104.1266 -0.0014 0.5731 -0.0118 0.8194
69.2066 455.0087 5.0520 104.3182 -0.0007 0.5657 -0.0105 0.8245
69.3103 455.5211 5.0435 104.5705 0.0006 0.5578 -0.0089 0.8299
69.4139 456.0665 5.0237 104.7848 0.0016 0.5500 -0.0073 0.8351
69.5177 456.6185 5.0113 105.0484 0.0018 0.5422 -0.0074 0.8402
69.6214 457.1588 4.9975 105.3256 0.0021 0.5355 -0.0078 0.8445
69.7253 457.7271 4.9850 105.6261 0.0021 0.5296 -0.0084 0.8482
69.8291 458.3223 4.9803 105.9541 0.0016 0.5238 -0.0078 0.8518
69.9328 458.8784 4.9577 106.2599 0.0005 0.5189 -0.0078 0.8548
70.0367 459.4991 4.9567 106.5988 -0.0009 0.5156 -0.0074 0.8568
70.1406 460.1241 4.9313 106.9326 -0.0019 0.5121 -0.0068 0.8589
70.2443 460.7395 4.9227 107.3004 -0.0022 0.5100 -0.0073 0.8601
70.3482 461.3828 4.9037 107.6560 -0.0032 0.5083 -0.0079 0.8612
70.4519 462.0093 4.9038 108.0286 -0.0035 0.5069 -0.0081 0.8620
70.5558 462.7126 4.8867 108.4065 -0.0034 0.5053 -0.0089 0.8629
70.6596 463.4094 4.8692 108.8130 -0.0029 0.5039 -0.0085 0.8637
70.7633 464.1038 4.8599 109.2157 -0.0020 0.5022 -0.0080 0.8647
70.8672 464.8018 4.8490 109.6173 -0.0014 0.5011 -0.0081 0.8654
70.9708 465.5032 4.8283 110.0314 -0.0005 0.4998 -0.0084 0.8661
71.0747 466.2264 4.8118 110.4355 0.0003 0.4988 -0.0085 0.8667
71.1784 466.9485 4.7929 110.8577 0.0013 0.4982 -0.0074 0.8671
71.2822 467.6910 4.7714 111.2782 0.0022 0.4969 -0.0065 0.8678
71.3859 468.4470 4.7510 111.7589 0.0029 0.4961 -0.0059 0.8682
71.4896 469.1820 4.7271 112.1898 0.0039 0.4951 -0.0066 0.8688
71.5933 469.9396 4.7006 112.6398 0.0055 0.4945 -0.0070 0.8691
71.6972 470.7207 4.6659 113.0994 0.0063 0.4946 -0.0081 0.8690
71.8010 471.4667 4.6539 113.5649 0.0052 0.4946 -0.0091 0.8691
71.9047 472.2828 4.6149 114.0781 0.0045 0.4945 -0.0078 0.8692
72.0085 473.0711 4.5956 114.5716 0.0036 0.4943 -0.0069 0.8693
72.1122 473.9184 4.5674 115.0404 0.0041 0.4940 -0.0066 0.8694
72.2160 474.7528 4.5422 115.5370 0.0051 0.4936 -0.0059 0.8696
72.3197 475.5836 4.5070 116.0424 0.0057 0.4934 -0.0054 0.8698
72.4235 476.4202 4.4835 116.5441 0.0058 0.4929 -0.0045 0.8701
72.5272 477.2688 4.4528 117.0439 0.0067 0.4928 -0.0037 0.8701
72.6309 478.1152 4.4217 117.5702 0.0065 0.4925 -0.0032 0.8703
72.7347 479.0263 4.3862 118.0955 0.0064 0.4920 -0.0040 0.8706
72.8385 479.9045 4.3578 118.6464 0.0065 0.4919 -0.0048 0.8706
72.9422 480.7608 4.3376 119.1949 0.0065 0.4916 -0.0052 0.8708
73.0460 481.6551 4.2960 119.7412 0.0059 0.4920 -0.0043 0.8706
73.1497 482.5346 4.2711 120.3013 0.0048 0.4925 -0.0058 0.8703
73.2535 483.4354 4.2517 120.8494 0.0047 0.4933 -0.0078 0.8698
73.3572 484.3795 4.2084 121.4608 0.0052 0.4954 -0.0094 0.8686
73.4611 485.3309 4.1677 121.9717 0.0049 0.4985 -0.0119 0.8668
73.5649 486.2464 4.1360 122.5194 0.0044 0.5030 -0.0151 0.8642
73.6688 487.1839 4.0891 123.0473 0.0039 0.5085 -0.0175 0.8609
73.7727 488.1274 4.0481 123.5718 0.0030 0.5150 -0.0192 0.8570
73.8767 489.1243 3.9912 124.0954 0.0016 0.5222 -0.0193 0.8526
73.9806 490.1026 3.9532 124.5776 -0.0004 0.5295 -0.0194 0.8481
74.0845 491.0894 3.9170 125.0778 -0.0012 0.5373 -0.0200 0.8431
74.1885 492.0903 3.8636 125.5267 -0.0002 0.5452 -0.0206 0.8381
74.2923 493.0961 3.8302 125.9535 0.0008 0.5530 -0.0226 0.8329
74.3962 494.1247 3.7645 126.3786 0.0011 0.5622 -0.0231 0.8267
74.5001 495.1526 3.7284 126.7741 0.0002 0.5709 -0.0230 0.8207
74.6038 496.2177 3.6779 127.1395 0.0003 0.5807 -0.0222 0.8138
74.7078 497.2760 3.6157 127.5015 0.0014 0.5909 -0.0232 0.8064
74.8117 498.3167 3.5787 127.8081 0.0027 0.6010 -0.0267 0.7988
74.9155 499.4142 3.4799 128.1072 0.0047 0.6124 -0.0282 0.7900
75.0193 500.4590 3.4615 128.3804 0.0042 0.6236 -0.0325 0.7811
75.1233 501.5422 3.3473 128.5830 0.0065 0.6358 -0.0324 0.7711
75.2271 502.6583 3.2937 128.7737 0.0061 0.6478 -0.0350 0.7610
75.3310 503.7656 3.1968 128.9344 0.0082 0.6585 -0.0354 0.7517
75.4348 504.8593 3.1082 129.0623 0.0111 0.6693 -0.0362 0.7420
75.5386 505.9743 3.0163 129.1429 0.0137 0.6785 -0.0363 0.7336
75.6422 507.0676 2.9148 129.2035 0.0152 0.6875 -0.0356 0.7251
75.7459 508.1859 2.8145 129.2611 0.0160 0.6959 -0.0353 0.7171
75.8496 509.2881 2.7203 129.2873 0.0162 0.7041 -0.0364 0.7089
75.9533 510.4034 2.6179 129.2830 0.0173 0.7115 -0.0379 0.7014
76.0570 511.5394 2.5039 129.2284 0.0182 0.7191 -0.0374 0.6937
76.1606 512.6640 2.3965 129.1820 0.0189 0.7248 -0.0350 0.6878
76.2642 513.7787 2.2966 129.0931 0.0201 0.7297 -0.0328 0.6827
76.3677 514.9351 2.1838 129.0126 0.0232 0.7331 -0.0313 0.6790
76.4713 516.0546 2.0740 128.9133 0.0249 0.7349 -0.0319 0.6770
76.5750 517.2132 1.9665 128.8195 0.0249 0.7367 -0.0324 0.6750
76.6786 518.3135 1.8593 128.7441 0.0248 0.7376 -0.0328 0.6740
76.7822 519.4299 1.7518 128.6473 0.0252 0.7391 -0.0334 0.6723
76.8859 520.5572 1.6351 128.5550 0.0269 0.7406 -0.0340 0.6705
76.9896 521.7271 1.5230 128.4452 0.0282 0.7412 -0.0343 0.6699
77.0932 522.9231 1.3876 128.2823 0.0282 0.7420 -0.0341 0.6689
77.1970 524.0820 1.2787 128.1961 0.0276 0.7432 -0.0326 0.6677
77.3006 525.2862 1.1669 128.0829 0.0265 0.7438 -0.0316 0.6672
77.4042 526.4863 1.0519 127.9696 0.0264 0.7441 -0.0325 0.6668
77.5078 527.6728 0.9302 127.8365 0.0270 0.7444 -0.0346 0.6662
77.6116 528.8781 0.8011 127.7320 0.0281 0.7443 -0.0355 0.6663
77.7152 530.0737 0.6815 127.5864 0.0287 0.7446 -0.0347 0.6660
77.8190 531.3046 0.5537 127.4599 0.0284 0.7444 -0.0354 0.6662
77.9227 532.5585 0.4212 127.3270 0.0278 0.7441 -0.0362 0.6665
78.0263 533.8162 0.2892 127.1806 0.0270 0.7445 -0.0377 0.6661
78.1301 535.0714 0.1688 127.0630 0.0267 0.7449 -0.0369 0.6656
78.2338 536.3192 0.0314 126.9382 0.0268 0.7457 -0.0368 0.6647
78.3375 537.5845 -0.1049 126.7991 0.0271 0.7467 -0.0368 0.6635
78.4412 538.8491 -0.2429 126.6597 0.0274 0.7476 -0.0371 0.6626
78.5448 540.1051 -0.3555 126.5433 0.0271 0.7488 -0.0369 0.6613
78.6486 541.3898 -0.5060 126.3871 0.0270 0.7496 -0.0367 0.6603
78.7523 542.6714 -0.6335 126.2035 0.0258 0.7506 -0.0372 0.6592
78.8560 543.9869 -0.7696 126.0649 0.0256 0.7519 -0.0364 0.6578
78.9597 545.2899 -0.9096 125.8943 0.0248 0.7530 -0.0370 0.6565
79.0633 546.6004 -1.0368 125.7007 0.0247 0.7541 -0.0378 0.6553
79.1671 547.9444 -1.1797 125.5248 0.0249 0.7550 -0.0380 0.6542
79.2708 549.2771 -1.3178 125.3324 0.0255 0.7559 -0.0377 0.6531
79.3745 550.6316 -1.4580 125.1815 0.0262 0.7564 -0.0375 0.6525
79.4782 551.9542 -1.5994 124.9627 0.0264 0.7576 -0.0379 0.6511
79.5820 553.3102 -1.7489 124.7531 0.0256 0.7583 -0.0386 0.6503
79.6857 554.6447 -1.8905 124.5524 0.0257 0.7595 -0.0382 0.6489
79.7895 556.0041 -2.0334 124.3537 0.0255 0.7611 -0.0382 0.6470
79.8932 557.3831 -2.1800 124.1056 0.0255 0.7622 -0.0383 0.6457
79.9970 558.7971 -2.3248 123.9047 0.0259 0.7634 -0.0382 0.6442
80.1006 560.1526 -2.4724 123.6836 0.0266 0.7641 -0.0379 0.6434
80.2043 561.5467 -2.6249 123.4338 0.0266 0.7648 -0.0385 0.6426
80.3080 562.9998 -2.7823 123.1874 0.0277 0.7653 -0.0374 0.6420
80.4117 564.4271 -2.9399 122.9628 0.0274 0.7660 -0.0376 0.6412
80.5153 565.8467 -3.0897 122.6832 0.0280 0.7660 -0.0373 0.6411
80.6191 567.2931 -3.2404 122.4585 0.0292 0.7666 -0.0367 0.6404
80.7227 568.6896 -3.3971 122.2012 0.0283 0.7669 -0.0376 0.6401
80.8264 570.1454 -3.5452 121.9430 0.0283 0.7671 -0.0368 0.6399
80.9301 571.5995 -3.7054 121.6800 0.0287 0.7675 -0.0369 0.6393
81.0338 573.0569 -3.8664 121.4161 0.0286 0.7678 -0.0369 0.6390
81.1375 574.5079 -4.0187 121.1565 0.0272 0.7682 -0.0366 0.6385
81.2412 575.9807 -4.1695 120.8911 0.0270 0.7684 -0.0357 0.6384
81.3449 577.4664 -4.3294 120.6201 0.0274 0.7686 -0.0358 0.6381
81.4486 578.9190 -4.4828 120.3610 0.0279 0.7689 -0.0364 0.6378
81.5523 580.3613 -4.6382 120.1125 0.0288 0.7689 -0.0355 0.6378
81.6561 581.8786 -4.8156 119.8087 0.0280 0.7690 -0.0365 0.6376
81.7597 583.3986 -4.9701 119.5363 0.0287 0.7690 -0.0358 0.6376
81.8635 584.8120 -5.1277 119.2770 0.0289 0.7689 -0.0361 0.6377
81.9671 586.2301 -5.2923 119.0095 0.0293 0.7687 -0.0367 0.6379
82.0708 587.7474 -5.4621 118.7384 0.0305 0.7684 -0.0363 0.6382
82.1745 589.2414 -5.6404 118.4562 0.0315 0.7679 -0.0358 0.6388
82.2782 590.7520 -5.8121 118.1847 0.0312 0.7674 -0.0346 0.6395
82.3820 592.2418 -5.9662 117.9029 0.0318 0.7670 -0.0339 0.6400
82.4857 593.7386 -6.1357 117.6386 0.0315 0.7667 -0.0338 0.6403
82.5894 595.1979 -6.2940 117.3714 0.0319 0.7664 -0.0330 0.6407
82.6931 596.6324 -6.4639 117.1332 0.0312 0.7661 -0.0339 0.6410
82.7969 598.0983 -6.6253 116.8883 0.0318 0.7660 -0.0334 0.6412
82.9006 599.5260 -6.7885 116.6563 0.0318 0.7656 -0.0334 0.6416
83.0042 600.9647 -6.9456 116.3860 0.0308 0.7654 -0.0342 0.6419
83.1078 602.5506 -7.1197 116.1374 0.0307 0.7654 -0.0343 0.6420
83.2116 604.0430 -7.2868 115.8651 0.0297 0.7654 -0.0339 0.6419
83.3152 605.4697 -7.4427 115.6293 0.0302 0.7650 -0.0324 0.6425
83.4190 606.9539 -7.6094 115.3507 0.0328 0.7649 -0.0299 0.6427
83.5226 608.4527 -7.7671 115.1038 0.0347 0.7646 -0.0294 0.6429
83.6262 609.9098 -7.9293 114.8644 0.0352 0.7646 -0.0314 0.6428
83.7300 611.3789 -8.0983 114.6184 0.0342 0.7644 -0.0320 0.6430
83.8336 612.8434 -8.2523 114.3891 0.0325 0.7640 -0.0326 0.6436
83.9373 614.3471 -8.4201 114.1214 0.0322 0.7637 -0.0329 0.6439
84.0410 615.8076 -8.5744 113.8802 0.0313 0.7637 -0.0338 0.6440
84.1447 617.2870 -8.7389 113.6396 0.0302 0.7635 -0.0349 0.6441
84.2484 618.7546 -8.8998 113.3939 0.0297 0.7634 -0.0350 0.6443
84.3521 620.2028 -9.0600 113.1396 0.0291 0.7633 -0.0346 0.6445
84.4557 621.6630 -9.2333 112.9205 0.0298 0.7635 -0.0344 0.6442
84.5594 623.1452 -9.3845 112.6791 0.0309 0.7635 -0.0340 0.6441
84.6630 624.6152 -9.5563 112.4110 0.0316 0.7632 -0.0332 0.6446
84.7667 626.0679 -9.7077 112.1823 0.0317 0.7631 -0.0322 0.6447
84.8703 627.5568 -9.8760 111.9208 0.0323 0.7626 -0.0324 0.6452
84.9740 628.9900 -10.0440 111.7281 0.0325 0.7621 -0.0345 0.6457
85.0777 630.4648 -10.2099 111.4915 0.0313 0.7620 -0.0352 0.6458
85.1813 631.9346 -10.3793 111.2736 0.0300 0.7619 -0.0354 0.6460
85.2851 633.3786 -10.5484 111.0364 0.0289 0.7616 -0.0349 0.6465
85.3887 634.7952 -10.7115 110.7842 0.0286 0.7613 -0.0337 0.6469
85.4925 636.2330 -10.8699 110.5663 0.0287 0.7614 -0.0328 0.6468
85.5961 637.6581 -11.0162 110.3752 0.0297 0.7616 -0.0323 0.6466
85.6997 638.9688 -11.1765 110.1531 0.0292 0.7618 -0.0329 0.6464
85.8034 640.3658 -11.3233 109.9599 0.0292 0.7622 -0.0328 0.6458
85.9071 641.7430 -11.4738 109.7329 0.0287 0.7622 -0.0327 0.6459
86.0108 643.1524 -11.6324 109.4899 0.0285 0.7623 -0.0330 0.6458
86.1145 644.4178 -11.7814 109.2990 0.0278 0.7627 -0.0329 0.6454
86.2182 645.7406 -11.9257 109.0893 0.0262 0.7634 -0.0323 0.6446
86.3218 647.0807 -12.0727 108.8883 0.0255 0.7635 -0.0314 0.6446
86.4256 648.3246 -12.2038 108.6656 0.0258 0.7636 -0.0314 0.6444
86.5292 649.5538 -12.3561 108.4683 0.0275 0.7638 -0.0327 0.6440
86.6330 650.7366 -12.4814 108.2842 0.0274 0.7639 -0.0335 0.6439
86.7367 651.9481 -12.6197 108.0927 0.0276 0.7639 -0.0322 0.6440
86.8403 653.0902 -12.7494 107.8882 0.0274 0.7633 -0.0310 0.6447
86.9441 654.1565 -12.8729 107.7151 0.0271 0.7627 -0.0309 0.6454
87.0477 655.2524 -12.9995 107.5403 0.0260 0.7624 -0.0310 0.6459
87.1514 656.2932 -13.1116 107.3633 0.0256 0.7618 -0.0296 0.6466
87.2550 657.3583 -13.2256 107.1724 0.0244 0.7609 -0.0286 0.6478
87.3587 658.2866 -13.3205 107.0380 0.0229 0.7606 -0.0286 0.6482
87.4625 659.2151 -13.4287 106.9078 0.0237 0.7602 -0.0283 0.6486
87.5662 660.1127 -13.5218 106.7625 0.0242 0.7604 -0.0290 0.6484
87.6699 660.9231 -13.6090 106.6306 0.0243 0.7601 -0.0293 0.6487
87.7736 661.7369 -13.7047 106.5168 0.0236 0.7599 -0.0301 0.6490
87.8773 662.5018 -13.7756 106.3915 0.0227 0.7608 -0.0311 0.6479
87.9812 663.2352 -13.8665 106.2946 0.0211 0.7637 -0.0325 0.6444
88.0852 663.9179 -13.9299 106.1910 0.0201 0.7694 -0.0335 0.6375
88.1892 664.5699 -14.0001 106.0524 0.0189 0.7768 -0.0352 0.6284
88.2933 665.1615 -14.0745 105.9038 0.0188 0.7857 -0.0364 0.6173
88.3975 665.7678 -14.1368 105.7148 0.0206 0.7956 -0.0369 0.6043
88.5016 666.3417 -14.2193 105.5129 0.0224 0.8070 -0.0369 0.5889
88.6058 666.8990 -14.2756 105.2952 0.0231 0.8202 -0.0367 0.5705
88.7101 667.4227 -14.3444 105.0515 0.0234 0.8342 -0.0359 0.5499
88.8143 667.9254 -14.4036 104.7650 0.0227 0.8482 -0.0352 0.5280
88.9186 668.4247 -14.4541 104.4472 0.0228 0.8629 -0.0345 0.5038
89.0228 668.8264 -14.5176 104.1455 0.0231 0.8776 -0.0340 0.4777
89.1271 669.2888 -14.5883 103.7561 0.0246 0.8920 -0.0350 0.4501
89.2313 669.6367 -14.6351 103.4153 0.0250 0.9061 -0.0361 0.4208
89.3356 670.0217 -14.6891 102.9993 0.0261 0.9194 -0.0378 0.3907
89.4396 670.3372 -14.7320 102.6031 0.0299 0.9315 -0.0381 0.3605
89.5437 670.6154 -14.8227 102.1838 0.0343 0.9427 -0.0367 0.3298
89.6478 670.8713 -14.8664 101.7058 0.0348 0.9528 -0.0361 0.2994
89.7518 671.1205 -14.9076 101.2759 0.0344 0.9620 -0.0358 0.2685
89.8558 671.3175 -14.9452 100.7845 0.0347 0.9702 -0.0351 0.2370
89.9597 671.4864 -15.0044 100.3187 0.0378 0.9774 -0.0339 0.2053
90.0637 671.6189 -15.0558 99.8192 0.0412 0.9833 -0.0347 0.1738
90.1676 671.7245 -15.1059 99.2822 0.0423 0.9884 -0.0374 0.1409
90.2715 671.8014 -15.1499 98.7915 0.0421 0.9924 -0.0408 0.1081
90.3755 671.8392 -15.1879 98.2594 0.0427 0.9953 -0.0420 0.0755
90.4793 671.8449 -15.2275 97.7328 0.0424 0.9973 -0.0413 0.0428
90.5831 671.8139 -15.2814 97.1523 0.0433 0.9982 -0.0405 0.0100
90.6870 671.7892 -15.3358 96.5928 0.0435 0.9979 -0.0409 -0.0236
90.7908 671.6664 -15.3790 96.0475 0.0439 0.9965 -0.0427 -0.0576
90.8946 671.5403 -15.4296 95.4676 0.0437 0.9939 -0.0449 -0.0912
90.9985 671.3653 -15.4753 94.9185 0.0436 0.9901 -0.0470 -0.1248
91.1021 671.1558 -15.5164 94.3300 0.0439 0.9854 -0.0484 -0.1572
91.2058 670.8761 -15.5684 93.7664 0.0450 0.9799 -0.0479 -0.1884
91.3095 670.5815 -15.6214 93.1904 0.0453 0.9738 -0.0486 -0.2176
91.4130 670.2580 -15.6747 92.6519 0.0466 0.9676 -0.0491 -0.2432
91.5166 669.8824 -15.7219 92.0818 0.0468 0.9612 -0.0499 -0.2672
91.6202 669.5249 -15.7659 91.5306 0.0471 0.9548 -0.0515 -0.2890
91.7237 669.1154 -15.8133 90.9944 0.0477 0.9493 -0.0523 -0.3064
91.8272 668.6453 -15.8700 90.4357 0.0485 0.9444 -0.0512 -0.3212
91.9306 668.1739 -15.9181 89.9266 0.0481 0.9406 -0.0486 -0.3327
92.0341 667.6917 -15.9763 89.3292 0.0473 0.9367 -0.0461 -0.3439
92.1377 667.1877 -16.0069 88.7959 0.0453 0.9334 -0.0438 -0.3533
92.2412 666.6809 -16.0539 88.2292 0.0440 0.9300 -0.0412 -0.3626
92.3449 666.1648 -16.1048 87.6849 0.0428 0.9264 -0.0387 -0.3721
92.4486 665.6030 -16.1475 87.1019 0.0394 0.9226 -0.0354 -0.3820
92.5522 665.0219 -16.1808 86.5386 0.0360 0.9187 -0.0318 -0.3921
92.6560 664.4568 -16.2266 86.0289 0.0343 0.9144 -0.0282 -0.4025
92.7597 663.8268 -16.2420 85.4559 0.0317 0.9096 -0.0228 -0.4137
92.8635 663.2042 -16.2657 84.9430 0.0283 0.9047 -0.0182 -0.4247
92.9672 662.5645 -16.2730 84.4479 0.0266 0.8996 -0.0153 -0.4357
93.0710 661.8952 -16.3106 83.9429 0.0250 0.8934 -0.0132 -0.4483
93.1747 661.2648 -16.3142 83.4744 0.0260 0.8872 -0.0116 -0.4605
93.2785 660.5969 -16.3275 83.0051 0.0273 0.8809 -0.0090 -0.4725
93.3821 659.8552 -16.3200 82.5884 0.0288 0.8749 -0.0073 -0.4835
93.4858 659.1243 -16.3184 82.1608 0.0311 0.8695 -0.0057 -0.4929
93.5895 658.3767 -16.3207 81.7443 0.0326 0.8653 -0.0042 -0.5001
93.6931 657.6473 -16.3064 81.3422 0.0325 0.8620 -0.0018 -0.5059
93.7967 656.8799 -16.2965 80.8912 0.0335 0.8604 0.0004 -0.5085
93.9004 656.1384 -16.2853 80.4630 0.0335 0.8590 0.0037 -0.5109
94.0040 655.3589 -16.2473 80.0012 0.0315 0.8586 0.0067 -0.5116
94.1076 654.6010 -16.2190 79.5908 0.0294 0.8592 0.0076 -0.5108
94.2113 653.8320 -16.2195 79.1593 0.0249 0.8600 0.0066 -0.5096
94.3150 653.0342 -16.2067 78.7265 0.0219 0.8609 0.0044 -0.5084
94.4186 652.2527 -16.1970 78.2574 0.0189 0.8626 0.0022 -0.5056
94.5222 651.4536 -16.1901 77.7641 0.0201 0.8637 0.0009 -0.5037
94.6260 650.6251 -16.1578 77.3033 0.0213 0.8655 0.0009 -0.5005
94.7297 649.8380 -16.1621 76.8477 0.0206 0.8669 0.0005 -0.4980
94.8335 649.0546 -16.1618 76.3658 0.0168 0.8676 -0.0002 -0.4970
94.9372 648.2563 -16.1809 75.8800 0.0147 0.8667 -0.0018 -0.4985
95.0410 647.3683 -16.1574 75.3172 0.0151 0.8672 -0.0025 -0.4978
95.1447 646.4791 -16.1768 74.7637 0.0136 0.8672 -0.0016 -0.4977
95.2484 645.5887 -16.1747 74.2631 0.0162 0.8676 -0.0016 -0.4970
95.3521 644.7263 -16.1813 73.7787 0.0171 0.8678 -0.0007 -0.4966
95.4559 643.8710 -16.1821 73.2532 0.0206 0.8686 -0.0005 -0.4951
95.5595 643.0007 -16.1820 72.7526 0.0196 0.8695 0.0004 -0.4936
95.6631 642.1256 -16.1811 72.2069 0.0202 0.8703 -0.0001 -0.4922
95.7669 641.2245 -16.1674 71.6237 0.0218 0.8714 -0.0006 -0.4901
95.8705 640.3769 -16.1796 71.1070 0.0240 0.8725 -0.0008 -0.4880
95.9742 639.5437 -16.1802 70.5905 0.0221 0.8735 -0.0003 -0.4863
96.0779 638.7196 -16.1672 70.0699 0.0213 0.8746 -0.0012 -0.4843
96.1816 637.8665 -16.1940 69.5446 0.0212 0.8754 -0.0015 -0.4829
96.2853 636.9928 -16.1820 68.9584 0.0225 0.8760 -0.0011 -0.4817
96.3891 636.1838 -16.1838 68.4209 0.0229 0.8762 -0.0004 -0.4814
96.4929 635.3479 -16.1784 67.8876 0.0222 0.8767 -0.0010 -0.4806
96.5966 634.5094 -16.1827 67.3161 0.0218 0.8769 -0.0025 -0.4802
96.7004 633.7256 -16.1853 66.8175 0.0222 0.8771 -0.0018 -0.4799
96.8040 632.9282 -16.2010 66.3080 0.0221 0.8771 0.0005 -0.4798
96.9077 632.1021 -16.1978 65.7511 0.0219 0.8770 0.0011 -0.4800
97.0115 631.3153 -16.2008 65.2550 0.0214 0.8772 0.0003 -0.4797
97.1151 630.4909 -16.2065 64.7383 0.0209 0.8774 -0.0003 -0.4794
97.2189 629.7436 -16.2064 64.2397 0.0212 0.8776 -0.0006 -0.4789
97.3225 628.9921 -16.2115 63.7650 0.0220 0.8781 -0.0007 -0.4779
97.4262 628.1987 -16.2212 63.2081 0.0205 0.8787 -0.0011 -0.4768
97.5300 627.4731 -16.2084 62.7282 0.0206 0.8795 -0.0002 -0.4754
97.6337 626.7450 -16.2159 62.2265 0.0227 0.8801 0.0002 -0.4742
97.7375 626.0189 -16.2309 61.7380 0.0230 0.8808 0.0008 -0.4729
97.8412 625.3305 -16.2380 61.2609 0.0202 0.8816 0.0000 -0.4716
97.9451 624.6154 -16.2295 60.7786 0.0193 0.8821 -0.0001 -0.4706
98.0487 623.9082 -16.2390 60.2754 0.0191 0.8824 0.0001 -0.4701
98.1525 623.3005 -16.2416 59.8700 0.0197 0.8827 0.0003 -0.4695
98.2562 622.6344 -16.2445 59.4246 0.0180 0.8828 0.0009 -0.4693
98.3600 621.9954 -16.2548 58.9773 0.0158 0.8833 0.0016 -0.4686
98.4637 621.4051 -16.2587 58.5735 0.0168 0.8836 0.0026 -0.4679
98.5675 620.8068 -16.2716 58.1715 0.0190 0.8840 0.0033 -0.4672
98.6712 620.2756 -16.2753 57.8022 0.0189 0.8847 0.0050 -0.4658
98.7749 619.7336 -16.2814 57.4090 0.0186 0.8850 0.0053 -0.4653
98.8786 619.2273 -16.2732 57.0582 0.0185 0.8854 0.0055 -0.4644
98.9823 618.7375 -16.2725 56.6887 0.0186 0.8858 0.0054 -0.4637
99.0861 618.3122 -16.2765 56.3818 0.0184 0.8862 0.0048 -0.4629
99.1897 617.8732 -16.2907 56.0813 0.0185 0.8865 0.0036 -0.4624
99.2935 617.4733 -16.2834 55.8095 0.0197 0.8868 0.0032 -0.4617
99.3972 617.0734 -16.2965 55.5124 0.0198 0.8867 0.0019 -0.4619
99.5008 616.7359 -16.2812 55.2561 0.0182 0.8870 0.0022 -0.4614
99.6046 616.4027 -16.2907 55.0173 0.0167 0.8870 0.0034 -0.4614
99.7083 616.1185 -16.2992 54.8179 0.0187 0.8873 0.0033 -0.4608
99.8120 615.8416 -16.3101 54.6263 0.0206 0.8876 0.0027 -0.4602
99.9157 615.5746 -16.3071 54.4207 0.0214 0.8873 0.0016 -0.4607
100.0193 615.2968 -16.3056 54.2392 0.0200 0.8878 0.0012 -0.4598
100.1231 615.1130 -16.3058 54.0834 0.0196 0.8880 0.0014 -0.4594
100.2267 614.9175 -16.3161 53.9496 0.0203 0.8880 0.0013 -0.4593
100.3305 614.7186 -16.3197 53.8313 0.0210 0.8881 0.0011 -0.4592
100.4341 614.5430 -16.3130 53.6861 0.0202 0.8884 0.0002 -0.4587
100.5379 614.3586 -16.3278 53.5522 0.0202 0.8884 -0.0019 -0.4585
100.6415 614.2120 -16.3123 53.4623 0.0199 0.8882 -0.0025 -0.4590
100.7452 614.0232 -16.3252 53.3222 0.0199 0.8882 -0.0024 -0.4591
100.8489 613.8818 -16.3318 53.2031 0.0205 0.8884 -0.0026 -0.4585
100.9526 613.7142 -16.3196 53.0869 0.0204 0.8885 -0.0027 -0.4585
101.0562 613.5488 -16.3260 52.9547 0.0212 0.8881 -0.0033 -0.4591
101.1600 613.3680 -16.3231 52.8394 0.0193 0.8882 -0.0032 -0.4590
101.2636 613.2052 -16.3351 52.7190 0.0184 0.8881 -0.0029 -0.4593
101.3674 613.0305 -16.3358 52.6141 0.0190 0.8882 -0.0023 -0.4590
101.4710 612.8673 -16.3361 52.4788 0.0196 0.8882 -0.0023 -0.4591
101.5747 612.6978 -16.3473 52.3713 0.0207 0.8885 -0.0031 -0.4584
101.6784 612.5500 -16.3322 52.2426 0.0203 0.8885 -0.0026 -0.4583
101.7821 612.3973 -16.3430 52.1329 0.0201 0.8883 -0.0025 -0.4589
101.8859 612.2600 -16.3466 52.0254 0.0194 0.8884 -0.0026 -0.4586
101.9896 612.1001 -16.3419 51.9267 0.0197 0.8883 -0.0026 -0.4588
102.0932 611.9371 -16.3468 51.8200 0.0211 0.8882 -0.0029 -0.4589
102.1970 611.8362 -16.3430 51.7560 0.0213 0.8885 -0.0021 -0.4585
102.3007 611.6940 -16.3458 51.6379 0.0201 0.8883 -0.0017 -0.4588
102.4045 611.5628 -16.3449 51.5457 0.0202 0.8882 -0.0023 -0.4590
102.5083 611.4473 -16.3454 51.4713 0.0192 0.8881 -0.0026 -0.4593
102.6119 611.3213 -16.3424 51.3914 0.0208 0.8882 -0.0034 -0.4590
102.7156 611.2349 -16.3442 51.2897 0.0210 0.8883 -0.0039 -0.4587
102.8194 611.0782 -16.3492 51.2127 0.0218 0.8880 -0.0044 -0.4593
102.9230 610.9758 -16.3463 51.1008 0.0209 0.8883 -0.0022 -0.4588
103.0267 610.8766 -16.3375 51.0293 0.0196 0.8883 -0.0002 -0.4588
103.1305 610.7605 -16.3477 50.9730 0.0191 0.8882 0.0003 -0.4590
103.2341 610.6561 -16.3544 50.8799 0.0183 0.8882 -0.0011 -0.4591
103.3379 610.5599 -16.3508 50.8162 0.0187 0.8883 -0.0017 -0.4588
103.4415 610.4453 -16.3565 50.7345 0.0189 0.8883 -0.0019 -0.4589
103.5452 610.3463 -16.3524 50.6671 0.0189 0.8883 -0.0021 -0.4589
103.6490 610.2445 -16.3514 50.5920 0.0185 0.8884 -0.0026 -0.4588
103.7526 610.1150 -16.3506 50.4806 0.0180 0.8885 -0.0030 -0.4585
103.8564 609.9934 -16.3614 50.3898 0.0181 0.8886 -0.0049 -0.4583
103.9601 609.8339 -16.3625 50.2743 0.0168 0.8888 -0.0066 -0.4579
104.0637 609.6593 -16.3613 50.1673 0.0162 0.8891 -0.0074 -0.4573
104.1674 609.5086 -16.3682 50.0419 0.0159 0.8899 -0.0088 -0.4558
104.2710 609.3039 -16.3668 49.8648 0.0158 0.8910 -0.0094 -0.4537
104.3746 609.0640 -16.3678 49.7146 0.0156 0.8923 -0.0100 -0.4511
104.4782 608.7991 -16.3763 49.5073 0.0166 0.8936 -0.0113 -0.4485
104.5820 608.5389 -16.3781 49.3188 0.0164 0.8951 -0.0120 -0.4455
104.6857 608.2435 -16.3746 49.0607 0.0158 0.8970 -0.0122 -0.4417
104.7894 607.9315 -16.3890 48.8181 0.0161 0.8989 -0.0133 -0.4376
104.8930 607.6471 -16.3935 48.5885 0.0177 0.9010 -0.0138 -0.4332
104.9967 607.2830 -16.4097 48.2878 0.0192 0.9033 -0.0135 -0.4284
105.1005 606.9468 -16.4047 47.9649 0.0207 0.9053 -0.0130 -0.4240
105.2041 606.5901 -16.4213 47.6453 0.0192 0.9076 -0.0138 -0.4191
105.3077 606.2204 -16.4255 47.3270 0.0184 0.9097 -0.0136 -0.4146
105.4115 605.8253 -16.4236 46.9655 0.0212 0.9117 -0.0126 -0.4101
105.5153 605.4257 -16.4537 46.5786 0.0235 0.9135 -0.0115 -0.4059
105.6189 605.0122 -16.4501 46.1925 0.0238 0.9154 -0.0105 -0.4018
105.7226 604.5973 -16.4434 45.7750 0.0218 0.9170 -0.0079 -0.3983
105.8265 604.1711 -16.4655 45.3642 0.0217 0.9183 -0.0056 -0.3952
105.9302 603.7376 -16.4687 44.9230 0.0201 0.9192 -0.0049 -0.3933
106.0341 603.2745 -16.4753 44.4544 0.0194 0.9195 -0.0036 -0.3925
106.1379 602.7745 -16.4640 43.9663 0.0171 0.9200 -0.0017 -0.3916
106.2417 602.2926 -16.4644 43.4891 0.0177 0.9205 -0.0020 -0.3904
106.3455 601.8121 -16.4601 43.0078 0.0174 0.9208 -0.0018 -0.3897
106.4492 601.2867 -16.4779 42.4874 0.0184 0.9213 -0.0026 -0.3885
106.5530 600.7471 -16.4878 41.9572 0.0141 0.9216 -0.0043 -0.3879
106.6568 600.2420 -16.4629 41.4201 0.0111 0.9218 -0.0065 -0.3874
106.7605 599.6815 -16.4888 40.8827 0.0093 0.9222 -0.0083 -0.3865
106.8642 599.1517 -16.5043 40.3385 0.0116 0.9225 -0.0091 -0.3856
106.9680 598.5586 -16.5153 39.7500 0.0120 0.9229 -0.0079 -0.3848
107.0718 597.9859 -16.5363 39.1417 0.0121 0.9230 -0.0067 -0.3846
107.1755 597.4039 -16.5391 38.5689 0.0108 0.9234 -0.0050 -0.3837
107.2791 596.8009 -16.5490 37.9769 0.0100 0.9239 -0.0045 -0.3824
107.3829 596.1512 -16.5608 37.3267 0.0125 0.9244 -0.0052 -0.3811
107.4865 595.5458 -16.5610 36.7132 0.0127 0.9250 -0.0048 -0.3798
107.5902 594.9152 -16.5900 36.0252 0.0136 0.9260 -0.0047 -0.3773
107.6939 594.2688 -16.5886 35.3654 0.0138 0.9270 -0.0038 -0.3747
107.7976 593.6830 -16.6079 34.7160 0.0172 0.9279 -0.0045 -0.3723
107.9012 593.0383 -16.6051 34.0529 0.0172 0.9290 -0.0047 -0.3697
108.0050 592.4133 -16.6196 33.3774 0.0168 0.9297 -0.0050 -0.3680
108.1087 591.7713 -16.6545 32.6910 0.0163 0.9302 -0.0062 -0.3666
108.2125 591.1595 -16.6684 32.0311 0.0152 0.9307 -0.0070 -0.3655
108.3162 590.5751 -16.7016 31.3123 0.0151 0.9301 -0.0082 -0.3669
108.4200 589.9524 -16.7240 30.6288 0.0119 0.9301 -0.0072 -0.3671
108.5237 589.3191 -16.7272 29.9687 0.0112 0.9298 -0.0075 -0.3678
108.6275 588.6887 -16.7491 29.3062 0.0114 0.9297 -0.0073 -0.3681
108.7312 588.0552 -16.7687 28.6089 0.0125 0.9291 -0.0075 -0.3695
108.8351 587.4259 -16.7975 27.9347 0.0133 0.9287 -0.0079 -0.3706
108.9389 586.7755 -16.8241 27.2552 0.0125 0.9283 -0.0079 -0.3716
109.0426 586.1542 -16.8483 26.5871 0.0120 0.9279 -0.0083 -0.3727
109.1464 585.5131 -16.8639 25.9418 0.0124 0.9273 -0.0090 -0.3740
109.2501 584.8697 -16.8913 25.2510 0.0125 0.9269 -0.0092 -0.3750
109.3539 584.2159 -16.9012 24.5881 0.0117 0.9265 -0.0087 -0.3761
109.4576 583.5573 -16.9478 23.8935 0.0118 0.9258 -0.0093 -0.3777
109.5612 582.9014 -16.9522 23.2013 0.0115 0.9253 -0.0100 -0.3790
109.6650 582.2457 -16.9911 22.5323 0.0115 0.9248 -0.0111 -0.3800
109.7687 581.5842 -17.0059 21.8662 0.0114 0.9246 -0.0109 -0.3805
109.8724 580.9298 -17.0330 21.1938 0.0115 0.9246 -0.0109 -0.3806
109.9761 580.2340 -17.0593 20.5053 0.0115 0.9245 -0.0104 -0.3808
110.0797 579.5572 -17.0836 19.8196 0.0111 0.9245 -0.0103 -0.3810
110.1835 578.8938 -17.1051 19.1252 0.0101 0.9248 -0.0104 -0.3803
110.2872 578.2314 -17.1409 18.4162 0.0095 0.9248 -0.0108 -0.3803
110.3909 577.5169 -17.1737 17.7171 0.0100 0.9250 -0.0110 -0.3797
110.4946 576.8396 -17.2093 17.0104 0.0099 0.9252 -0.0108 -0.3793
110.5982 576.1732 -17.2279 16.3301 0.0091 0.9255 -0.0117 -0.3783
110.7020 575.4936 -17.2770 15.6080 0.0087 0.9257 -0.0136 -0.3778
110.8056 574.8145 -17.3079 14.9097 0.0083 0.9262 -0.0139 -0.3767
110.9092 574.1394 -17.3422 14.1996 0.0081 0.9268 -0.0127 -0.3753
111.0129 573.4719 -17.3788 13.5064 0.0090 0.9271 -0.0108 -0.3745
111.1166 572.8185 -17.4072 12.8169 0.0091 0.9275 -0.0098 -0.3735
111.2202 572.1585 -17.4457 12.1165 0.0096 0.9279 -0.0100 -0.3724
111.3240 571.4814 -17.4874 11.3871 0.0095 0.9282 -0.0108 -0.3719
111.4276 570.8609 -17.5102 10.7260 0.0096 0.9288 -0.0109 -0.3702
111.5314 570.1852 -17.5382 10.0139 0.0104 0.9291 -0.0123 -0.3694
111.6350 569.5570 -17.5815 9.3269 0.0094 0.9295 -0.0129 -0.3684
111.7387 568.9147 -17.6209 8.6252 0.0096 0.9299 -0.0139 -0.3675
111.8424 568.2704 -17.6541 7.9258 0.0089 0.9301 -0.0133 -0.3669
111.9461 567.6477 -17.6612 7.2266 0.0084 0.9305 -0.0114 -0.3661
112.0497 567.0124 -17.7093 6.5603 0.0090 0.9308 -0.0099 -0.3653
112.1535 566.4002 -17.7420 5.8645 0.0079 0.9308 -0.0091 -0.3653
112.2571 565.7789 -17.7813 5.1859 0.0055 0.9306 -0.0099 -0.3659
112.3609 565.1570 -17.8159 4.5169 0.0049 0.9302 -0.0110 -0.3668
112.4646 564.5499 -17.8462 3.8530 0.0064 0.9298 -0.0125 -0.3677
112.5682 563.9242 -17.8800 3.1955 0.0093 0.9295 -0.0132 -0.3684
112.6720 563.3299 -17.9097 2.5502 0.0097 0.9291 -0.0142 -0.3693
112.7756 562.7120 -17.9531 1.9040 0.0112 0.9288 -0.0146 -0.3702
112.8794 562.0920 -17.9809 1.2627 0.0119 0.9283 -0.0151 -0.3713
112.9830 561.4864 -18.0142 0.6108 0.0106 0.9280 -0.0155 -0.3722
113.0867 560.9160 -18.0543 0.0256 0.0090 0.9273 -0.0168 -0.3738
113.1905 560.3447 -18.1057 -0.6055 0.0054 0.9266 -0.0202 -0.3754
113.2941 559.8010 -18.1574 -1.1441 0.0030 0.9261 -0.0225 -0.3765
113.3978 559.2193 -18.2128 -1.7433 0.0026 0.9260 -0.0231 -0.3769
113.5015 558.6731 -18.2569 -2.3053 0.0036 0.9258 -0.0223 -0.3772
113.6052 558.1552 -18.2874 -2.8356 0.0058 0.9255 -0.0214 -0.3781
113.7090 557.6505 -18.3462 -3.3686 0.0075 0.9253 -0.0220 -0.3786
113.8126 557.1903 -18.3657 -3.8479 0.0077 0.9252 -0.0236 -0.3786
113.9164 556.7422 -18.4459 -4.3150 0.0080 0.9253 -0.0259 -0.3784
114.0201 556.2945 -18.4834 -4.7693 0.0077 0.9252 -0.0274 -0.3784
114.1239 555.8502 -18.5205 -5.2100 0.0077 0.9253 -0.0273 -0.3781
114.2276 555.4506 -18.5590 -5.6237 0.0065 0.9253 -0.0264 -0.3782
114.3314 555.0587 -18.6093 -6.0194 0.0083 0.9256 -0.0264 -0.3776
114.4350 554.7074 -18.6346 -6.3915 0.0067 0.9256 -0.0267 -0.3775
114.5387 554.3354 -18.6879 -6.8013 0.0047 0.9253 -0.0284 -0.3783
114.6425 554.0072 -18.7141 -7.1375 0.0035 0.9255 -0.0287 -0.3777
114.7463 553.6538 -18.7493 -7.5067 0.0029 0.9254 -0.0283 -0.3778
114.8500 553.3074 -18.7789 -7.8771 0.0035 0.9254 -0.0277 -0.3780
114.9538 552.9784 -18.8208 -8.2081 0.0034 0.9254 -0.0265 -0.3781
115.0574 552.6537 -18.8481 -8.5385 0.0006 0.9254 -0.0252 -0.3782
115.1611 552.3411 -18.8892 -8.8791 0.0004 0.9252 -0.0249 -0.3788
115.2649 552.0455 -18.9130 -9.1885 0.0006 0.9253 -0.0251 -0.3785
115.3686 551.7253 -18.9526 -9.5194 0.0020 0.9249 -0.0256 -0.3794
115.4724 551.4232 -18.9812 -9.8236 0.0032 0.9247 -0.0261 -0.3797
115.5761 551.1427 -19.0004 -10.1176 0.0035 0.9246 -0.0266 -0.3800
115.6797 550.8648 -19.0280 -10.3996 0.0040 0.9248 -0.0266 -0.3795
115.7835 550.5822 -19.0573 -10.6796 0.0042 0.9248 -0.0273 -0.3795
115.8871 550.3185 -19.0825 -10.9327 0.0053 0.9248 -0.0279 -0.3794
115.9909 550.0565 -19.1076 -11.2037 0.0055 0.9248 -0.0285 -0.3792
116.0946 549.8282 -19.1256 -11.4309 0.0048 0.9249 -0.0293 -0.3790
116.1983 549.5872 -19.1510 -11.6637 0.0047 0.9253 -0.0309 -0.3781
116.3020 549.3627 -19.1844 -11.9020 0.0050 0.9253 -0.0329 -0.3777
116.4056 549.1256 -19.2142 -12.1348 0.0068 0.9254 -0.0347 -0.3772
116.5094 548.9116 -19.2369 -12.3562 0.0070 0.9260 -0.0351 -0.3759
116.6133 548.7066 -19.2552 -12.5829 0.0065 0.9266 -0.0355 -0.3743
116.7167 548.5094 -19.2696 -12.7880 0.0059 0.9271 -0.0357 -0.3731
116.8205 548.3272 -19.2931 -12.9728 0.0040 0.9276 -0.0355 -0.3719
116.9242 548.1945 -19.3207 -13.1588 0.0035 0.9281 -0.0354 -0.3705
117.0280 548.0363 -19.3364 -13.3396 0.0035 0.9286 -0.0354 -0.3693
117.1316 547.8913 -19.3557 -13.4945 0.0034 0.9291 -0.0354 -0.3682
117.2354 547.7141 -19.3805 -13.6822 0.0037 0.9294 -0.0356 -0.3674
117.3391 547.5858 -19.3969 -13.7888 0.0036 0.9298 -0.0360 -0.3664
117.4429 547.4742 -19.4151 -13.9261 0.0034 0.9299 -0.0369 -0.3660
117.5467 547.3448 -19.4350 -14.0727 0.0025 0.9297 -0.0377 -0.3663
117.6504 547.2628 -19.4487 -14.1554 0.0023 0.9297 -0.0383 -0.3663
117.7540 547.1440 -19.4510 -14.3115 0.0024 0.9294 -0.0389 -0.3671
117.8577 547.0605 -19.4681 -14.4015 0.0028 0.9293 -0.0395 -0.3671
117.9615 546.9694 -19.4884 -14.4905 0.0021 0.9294 -0.0399 -0.3668
118.0651 546.8944 -19.4970 -14.5611 0.0020 0.9296 -0.0401 -0.3663
118.1689 546.8324 -19.5001 -14.6246 0.0021 0.9298 -0.0402 -0.3658
118.2725 546.7386 -19.5109 -14.7221 0.0016 0.9298 -0.0405 -0.3658
118.3763 546.6600 -19.5236 -14.8057 0.0009 0.9298 -0.0407 -0.3658
118.4799 546.6015 -19.5347 -14.9179 0.0005 0.9298 -0.0408 -0.3658
118.5836 546.5688 -19.5372 -14.9392 0.0002 0.9301 -0.0408 -0.3651
118.6872 546.4869 -19.5534 -15.0395 0.0004 0.9299 -0.0410 -0.3655
118.7910 546.4311 -19.5610 -15.0728 0.0008 0.9301 -0.0412 -0.3651
118.8948 546.3772 -19.5650 -15.1356 0.0006 0.9301 -0.0413 -0.3650
118.9985 546.3286 -19.5725 -15.2037 0.0001 0.9300 -0.0414 -0.3651
119.1021 546.2736 -19.5720 -15.2456 -0.0005 0.9300 -0.0420 -0.3650
119.2059 546.2389 -19.5785 -15.2773 -0.0003 0.9302 -0.0420 -0.3646
119.3096 546.1935 -19.5833 -15.3127 -0.0005 0.9302 -0.0422 -0.3646
119.4132 546.1628 -19.5856 -15.3738 -0.0001 0.9303 -0.0423 -0.3644
119.5170 546.1246 -19.6018 -15.4097 -0.0004 0.9303 -0.0425 -0.3643
119.6207 546.0930 -19.6035 -15.4332 -0.0002 0.9304 -0.0428 -0.3641
119.7244 546.0819 -19.6044 -15.4492 -0.0004 0.9304 -0.0430 -0.3640
119.8281 546.0623 -19.6072 -15.4792 -0.0003 0.9304 -0.0432 -0.3641
119.9319 546.0420 -19.6053 -15.4849 -0.0001 0.9305 -0.0429 -0.3637
120.0355 545.9991 -19.6202 -15.5361 -0.0002 0.9304 -0.0432 -0.3640
120.1392 545.9971 -19.6139 -15.5451 -0.0003 0.9305 -0.0432 -0.3637
120.2429 545.9837 -19.6210 -15.5553 -0.0006 0.9306 -0.0433 -0.3635
120.3466 545.9771 -19.6159 -15.5570 -0.0003 0.9306 -0.0431 -0.3634
120.4502 545.9805 -19.6254 -15.5522 -0.0007 0.9307 -0.0433 -0.3631
120.5540 545.9668 -19.6206 -15.5549 -0.0008 0.9307 -0.0437 -0.3631
120.6576 545.9576 -19.6200 -15.5859 -0.0008 0.9307 -0.0440 -0.3631
120.7614 545.9315 -19.6322 -15.6064 -0.0010 0.9306 -0.0444 -0.3634
120.8650 545.9330 -19.6281 -15.6145 -0.0012 0.9307 -0.0445 -0.3630
120.9686 545.9174 -19.6280 -15.6380 -0.0012 0.9306 -0.0446 -0.3633
121.0724 545.9048 -19.6336 -15.6536 -0.0013 0.9307 -0.0446 -0.3630
121.1760 545.8788 -19.6314 -15.6697 -0.0014 0.9306 -0.0446 -0.3632
121.2797 545.8521 -19.6301 -15.7019 -0.0011 0.9305 -0.0447 -0.3635
121.3834 545.8229 -19.6439 -15.7357 -0.0015 0.9305 -0.0443 -0.3637
121.4871 545.7913 -19.6447 -15.7834 -0.0011 0.9304 -0.0443 -0.3637
121.5909 545.7571 -19.6453 -15.7645 -0.0016 0.9307 -0.0442 -0.3630
121.6945 545.7379 -19.6496 -15.7981 -0.0015 0.9305 -0.0440 -0.3636
121.7982 545.7265 -19.6536 -15.8530 -0.0014 0.9305 -0.0440 -0.3636
121.9020 545.6790 -19.6593 -15.8881 -0.0017 0.9306 -0.0440 -0.3633
122.0056 545.6451 -19.6685 -15.9167 -0.0017 0.9306 -0.0442 -0.3633
122.1094 545.6057 -19.6767 -15.9802 -0.0016 0.9307 -0.0439 -0.3632
122.2131 545.5444 -19.6810 -16.0279 -0.0015 0.9306 -0.0442 -0.3634
122.3168 545.5077 -19.6843 -16.0826 -0.0014 0.9307 -0.0441 -0.3630
122.4205 545.4219 -19.7037 -16.1665 -0.0013 0.9307 -0.0444 -0.3631
122.5243 545.3830 -19.7067 -16.1971 -0.0011 0.9307 -0.0446 -0.3630
122.6280 545.3285 -19.7145 -16.2628 -0.0013 0.9307 -0.0442 -0.3631
122.7316 545.2686 -19.7203 -16.3322 -0.0013 0.9308 -0.0442 -0.3629
122.8352 545.2041 -19.7377 -16.4127 -0.0013 0.9308 -0.0443 -0.3629
122.9390 545.1324 -19.7438 -16.5069 -0.0013 0.9307 -0.0438 -0.3631
123.0426 545.0462 -19.7639 -16.6053 -0.0011 0.9307 -0.0438 -0.3633
123.1462 544.9793 -19.7715 -16.6761 -0.0012 0.9306 -0.0439 -0.3633
123.2500 544.9194 -19.7836 -16.7361 -0.0010 0.9307 -0.0443 -0.3632
123.3536 544.8056 -19.7969 -16.8526 -0.0008 0.9305 -0.0444 -0.3635
123.4574 544.7558 -19.8029 -16.9106 0.0001 0.9306 -0.0447 -0.3632
123.5610 544.6529 -19.8081 -16.9955 0.0010 0.9306 -0.0450 -0.3632
123.6648 544.5584 -19.8299 -17.0909 0.0027 0.9305 -0.0452 -0.3635
123.7685 544.5046 -19.8338 -17.1369 0.0024 0.9308 -0.0450 -0.3628
123.8721 544.4379 -19.8423 -17.2341 0.0020 0.9306 -0.0447 -0.3633
123.9759 544.3706 -19.8561 -17.2950 0.0018 0.9307 -0.0448 -0.3630
124.0796 544.3123 -19.8573 -17.3591 0.0020 0.9308 -0.0445 -0.3629
124.1832 544.2460 -19.8758 -17.4369 0.0018 0.9308 -0.0442 -0.3629
124.2870 544.2100 -19.8819 -17.5085 0.0022 0.9308 -0.0439 -0.3628
124.3906 544.1375 -19.8859 -17.5689 0.0025 0.9309 -0.0434 -0.3627
124.4944 544.0910 -19.8991 -17.6143 0.0023 0.9310 -0.0431 -0.3624
